       1    0.850000  1.0000E+00
       2    0.850235  9.9997E-01
       3    0.850470  9.9997E-01
       4    0.850705  9.9997E-01
       5    0.850940  9.9997E-01
       6    0.851175  9.9997E-01
       7    0.851410  9.9997E-01
       8    0.851645  9.9997E-01
       9    0.851880  9.9997E-01
      10    0.852115  9.9997E-01
      11    0.852350  9.9997E-01
      12    0.852585  9.9997E-01
      13    0.852820  9.9997E-01
      14    0.853055  9.9997E-01
      15    0.853290  9.9997E-01
      16    0.853525  9.9997E-01
      17    0.853760  9.9997E-01
      18    0.853995  9.9997E-01
      19    0.854230  9.9997E-01
      20    0.854465  9.9997E-01
      21    0.854700  9.9997E-01
      22    0.854935  9.9997E-01
      23    0.855170  9.9997E-01
      24    0.855405  9.9997E-01
      25    0.855640  9.9997E-01
      26    0.855875  9.9997E-01
      27    0.856110  9.9997E-01
      28    0.856345  9.9997E-01
      29    0.856580  9.9997E-01
      30    0.856815  9.9997E-01
      31    0.857050  9.9997E-01
      32    0.857285  9.9997E-01
      33    0.857520  9.9997E-01
      34    0.857755  9.9997E-01
      35    0.857990  9.9997E-01
      36    0.858225  9.9997E-01
      37    0.858460  9.9997E-01
      38    0.858695  9.9997E-01
      39    0.858930  9.9997E-01
      40    0.859165  9.9997E-01
      41    0.859400  9.9997E-01
      42    0.859635  9.9997E-01
      43    0.859870  9.9997E-01
      44    0.860105  9.9997E-01
      45    0.860340  9.9997E-01
      46    0.860575  9.9997E-01
      47    0.860810  9.9997E-01
      48    0.861045  9.9997E-01
      49    0.861280  9.9997E-01
      50    0.861515  9.9997E-01
      51    0.861750  9.9997E-01
      52    0.861985  9.9997E-01
      53    0.862220  9.9997E-01
      54    0.862455  9.9997E-01
      55    0.862690  9.9997E-01
      56    0.862925  9.9997E-01
      57    0.863160  9.9997E-01
      58    0.863395  9.9997E-01
      59    0.863630  9.9997E-01
      60    0.863865  9.9997E-01
      61    0.864100  9.9998E-01
      62    0.864335  9.9998E-01
      63    0.864570  9.9998E-01
      64    0.864805  9.9998E-01
      65    0.865040  9.9998E-01
      66    0.865275  9.9998E-01
      67    0.865510  9.9998E-01
      68    0.865745  9.9998E-01
      69    0.865980  9.9998E-01
      70    0.866215  9.9998E-01
      71    0.866450  9.9998E-01
      72    0.866685  9.9998E-01
      73    0.866920  9.9998E-01
      74    0.867155  9.9999E-01
      75    0.867390  9.9999E-01
      76    0.867625  9.9999E-01
      77    0.867860  9.9999E-01
      78    0.868095  9.9999E-01
      79    0.868330  9.9999E-01
      80    0.868565  9.9999E-01
      81    0.868800  9.9999E-01
      82    0.869035  9.9999E-01
      83    0.869270  9.9999E-01
      84    0.869505  9.9999E-01
      85    0.869740  9.9999E-01
      86    0.869975  9.9999E-01
      87    0.870210  9.9999E-01
      88    0.870445  9.9999E-01
      89    0.870680  9.9999E-01
      90    0.870915  9.9999E-01
      91    0.871150  9.9999E-01
      92    0.871385  9.9999E-01
      93    0.871620  9.9999E-01
      94    0.871855  9.9999E-01
      95    0.872090  9.9999E-01
      96    0.872325  9.9999E-01
      97    0.872560  9.9999E-01
      98    0.872795  9.9999E-01
      99    0.873030  9.9999E-01
     100    0.873265  9.9999E-01
     101    0.873500  9.9999E-01
     102    0.873735  9.9999E-01
     103    0.873970  9.9999E-01
     104    0.874205  9.9999E-01
     105    0.874440  9.9999E-01
     106    0.874675  9.9998E-01
     107    0.874910  9.9998E-01
     108    0.875145  9.9998E-01
     109    0.875380  9.9998E-01
     110    0.875615  9.9998E-01
     111    0.875850  9.9998E-01
     112    0.876085  9.9998E-01
     113    0.876320  9.9997E-01
     114    0.876555  9.9997E-01
     115    0.876790  9.9997E-01
     116    0.877025  9.9997E-01
     117    0.877260  9.9997E-01
     118    0.877495  9.9996E-01
     119    0.877730  9.9996E-01
     120    0.877965  9.9996E-01
     121    0.878200  9.9996E-01
     122    0.878435  9.9995E-01
     123    0.878670  9.9995E-01
     124    0.878905  9.9995E-01
     125    0.879140  9.9994E-01
     126    0.879375  9.9994E-01
     127    0.879610  9.9994E-01
     128    0.879845  9.9993E-01
     129    0.880080  9.9993E-01
     130    0.880315  9.9993E-01
     131    0.880550  9.9992E-01
     132    0.880785  9.9992E-01
     133    0.881020  9.9991E-01
     134    0.881255  9.9991E-01
     135    0.881490  9.9990E-01
     136    0.881725  9.9990E-01
     137    0.881960  9.9989E-01
     138    0.882195  9.9989E-01
     139    0.882430  9.9988E-01
     140    0.882665  9.9987E-01
     141    0.882900  9.9986E-01
     142    0.883135  9.9985E-01
     143    0.883370  9.9984E-01
     144    0.883605  9.9983E-01
     145    0.883840  9.9982E-01
     146    0.884075  9.9980E-01
     147    0.884310  9.9979E-01
     148    0.884545  9.9977E-01
     149    0.884780  9.9975E-01
     150    0.885015  9.9973E-01
     151    0.885250  9.9971E-01
     152    0.885485  9.9968E-01
     153    0.885720  9.9966E-01
     154    0.885955  9.9963E-01
     155    0.886190  9.9959E-01
     156    0.886425  9.9955E-01
     157    0.886660  9.9951E-01
     158    0.886895  9.9947E-01
     159    0.887130  9.9942E-01
     160    0.887365  9.9937E-01
     161    0.887600  9.9931E-01
     162    0.887835  9.9925E-01
     163    0.888070  9.9918E-01
     164    0.888305  9.9910E-01
     165    0.888540  9.9902E-01
     166    0.888775  9.9893E-01
     167    0.889010  9.9884E-01
     168    0.889245  9.9874E-01
     169    0.889480  9.9863E-01
     170    0.889715  9.9851E-01
     171    0.889950  9.9838E-01
     172    0.890185  9.9824E-01
     173    0.890420  9.9810E-01
     174    0.890655  9.9794E-01
     175    0.890890  9.9777E-01
     176    0.891125  9.9760E-01
     177    0.891360  9.9741E-01
     178    0.891595  9.9721E-01
     179    0.891830  9.9700E-01
     180    0.892065  9.9678E-01
     181    0.892300  9.9655E-01
     182    0.892535  9.9630E-01
     183    0.892770  9.9604E-01
     184    0.893005  9.9577E-01
     185    0.893240  9.9549E-01
     186    0.893475  9.9520E-01
     187    0.893710  9.9490E-01
     188    0.893945  9.9458E-01
     189    0.894180  9.9426E-01
     190    0.894415  9.9392E-01
     191    0.894650  9.9358E-01
     192    0.894885  9.9322E-01
     193    0.895120  9.9286E-01
     194    0.895355  9.9249E-01
     195    0.895590  9.9211E-01
     196    0.895825  9.9173E-01
     197    0.896060  9.9135E-01
     198    0.896295  9.9096E-01
     199    0.896530  9.9056E-01
     200    0.896765  9.9017E-01
     201    0.897000  9.8978E-01
     202    0.897235  9.8938E-01
     203    0.897470  9.8900E-01
     204    0.897705  9.8861E-01
     205    0.897940  9.8823E-01
     206    0.898175  9.8786E-01
     207    0.898410  9.8749E-01
     208    0.898645  9.8714E-01
     209    0.898880  9.8680E-01
     210    0.899115  9.8646E-01
     211    0.899350  9.8615E-01
     212    0.899585  9.8584E-01
     213    0.899820  9.8555E-01
     214    0.900055  9.8528E-01
     215    0.900290  9.8502E-01
     216    0.900525  9.8478E-01
     217    0.900760  9.8456E-01
     218    0.900995  9.8436E-01
     219    0.901230  9.8418E-01
     220    0.901465  9.8401E-01
     221    0.901700  9.8386E-01
     222    0.901935  9.8374E-01
     223    0.902170  9.8362E-01
     224    0.902405  9.8353E-01
     225    0.902640  9.8345E-01
     226    0.902875  9.8339E-01
     227    0.903110  9.8335E-01
     228    0.903345  9.8331E-01
     229    0.903580  9.8329E-01
     230    0.903815  9.8328E-01
     231    0.904050  9.8328E-01
     232    0.904285  9.8329E-01
     233    0.904520  9.8331E-01
     234    0.904755  9.8333E-01
     235    0.904990  9.8335E-01
     236    0.905225  9.8337E-01
     237    0.905460  9.8340E-01
     238    0.905695  9.8342E-01
     239    0.905930  9.8344E-01
     240    0.906165  9.8345E-01
     241    0.906400  9.8346E-01
     242    0.906635  9.8346E-01
     243    0.906870  9.8345E-01
     244    0.907105  9.8343E-01
     245    0.907340  9.8340E-01
     246    0.907575  9.8336E-01
     247    0.907810  9.8330E-01
     248    0.908045  9.8323E-01
     249    0.908280  9.8315E-01
     250    0.908515  9.8305E-01
     251    0.908750  9.8294E-01
     252    0.908985  9.8282E-01
     253    0.909220  9.8268E-01
     254    0.909455  9.8253E-01
     255    0.909690  9.8237E-01
     256    0.909925  9.8220E-01
     257    0.910160  9.8201E-01
     258    0.910395  9.8182E-01
     259    0.910630  9.8163E-01
     260    0.910865  9.8142E-01
     261    0.911100  9.8121E-01
     262    0.911335  9.8100E-01
     263    0.911570  9.8079E-01
     264    0.911805  9.8059E-01
     265    0.912040  9.8038E-01
     266    0.912275  9.8018E-01
     267    0.912510  9.7999E-01
     268    0.912745  9.7981E-01
     269    0.912980  9.7964E-01
     270    0.913215  9.7948E-01
     271    0.913450  9.7933E-01
     272    0.913685  9.7921E-01
     273    0.913920  9.7910E-01
     274    0.914155  9.7901E-01
     275    0.914390  9.7894E-01
     276    0.914625  9.7889E-01
     277    0.914860  9.7886E-01
     278    0.915095  9.7885E-01
     279    0.915330  9.7887E-01
     280    0.915565  9.7892E-01
     281    0.915800  9.7898E-01
     282    0.916035  9.7907E-01
     283    0.916270  9.7918E-01
     284    0.916505  9.7931E-01
     285    0.916740  9.7946E-01
     286    0.916975  9.7963E-01
     287    0.917210  9.7982E-01
     288    0.917445  9.8002E-01
     289    0.917680  9.8024E-01
     290    0.917915  9.8047E-01
     291    0.918150  9.8071E-01
     292    0.918385  9.8095E-01
     293    0.918620  9.8120E-01
     294    0.918855  9.8146E-01
     295    0.919090  9.8171E-01
     296    0.919325  9.8196E-01
     297    0.919560  9.8220E-01
     298    0.919795  9.8243E-01
     299    0.920030  9.8264E-01
     300    0.920265  9.8284E-01
     301    0.920500  9.8302E-01
     302    0.920735  9.8318E-01
     303    0.920970  9.8330E-01
     304    0.921205  9.8340E-01
     305    0.921440  9.8347E-01
     306    0.921675  9.8349E-01
     307    0.921910  9.8348E-01
     308    0.922145  9.8343E-01
     309    0.922380  9.8332E-01
     310    0.922615  9.8317E-01
     311    0.922850  9.8296E-01
     312    0.923085  9.8270E-01
     313    0.923320  9.8238E-01
     314    0.923555  9.8200E-01
     315    0.923790  9.8155E-01
     316    0.924025  9.8104E-01
     317    0.924260  9.8046E-01
     318    0.924495  9.7980E-01
     319    0.924730  9.7908E-01
     320    0.924965  9.7827E-01
     321    0.925200  9.7739E-01
     322    0.925435  9.7643E-01
     323    0.925670  9.7539E-01
     324    0.925905  9.7427E-01
     325    0.926140  9.7307E-01
     326    0.926375  9.7178E-01
     327    0.926610  9.7041E-01
     328    0.926845  9.6896E-01
     329    0.927080  9.6742E-01
     330    0.927315  9.6580E-01
     331    0.927550  9.6409E-01
     332    0.927785  9.6231E-01
     333    0.928020  9.6044E-01
     334    0.928255  9.5850E-01
     335    0.928490  9.5648E-01
     336    0.928725  9.5439E-01
     337    0.928960  9.5223E-01
     338    0.929195  9.5000E-01
     339    0.929430  9.4771E-01
     340    0.929665  9.4537E-01
     341    0.929900  9.4297E-01
     342    0.930135  9.4052E-01
     343    0.930370  9.3803E-01
     344    0.930605  9.3551E-01
     345    0.930840  9.3296E-01
     346    0.931075  9.3038E-01
     347    0.931310  9.2779E-01
     348    0.931545  9.2520E-01
     349    0.931780  9.2260E-01
     350    0.932015  9.2001E-01
     351    0.932250  9.1744E-01
     352    0.932485  9.1489E-01
     353    0.932720  9.1237E-01
     354    0.932955  9.0990E-01
     355    0.933190  9.0747E-01
     356    0.933425  9.0510E-01
     357    0.933660  9.0280E-01
     358    0.933895  9.0056E-01
     359    0.934130  8.9840E-01
     360    0.934365  8.9633E-01
     361    0.934600  8.9435E-01
     362    0.934835  8.9247E-01
     363    0.935070  8.9069E-01
     364    0.935305  8.8901E-01
     365    0.935540  8.8745E-01
     366    0.935775  8.8600E-01
     367    0.936010  8.8466E-01
     368    0.936245  8.8344E-01
     369    0.936480  8.8234E-01
     370    0.936715  8.8136E-01
     371    0.936950  8.8049E-01
     372    0.937185  8.7974E-01
     373    0.937420  8.7911E-01
     374    0.937655  8.7858E-01
     375    0.937890  8.7817E-01
     376    0.938125  8.7785E-01
     377    0.938360  8.7764E-01
     378    0.938595  8.7752E-01
     379    0.938830  8.7749E-01
     380    0.939065  8.7754E-01
     381    0.939300  8.7767E-01
     382    0.939535  8.7786E-01
     383    0.939770  8.7813E-01
     384    0.940005  8.7844E-01
     385    0.940240  8.7881E-01
     386    0.940475  8.7922E-01
     387    0.940710  8.7966E-01
     388    0.940945  8.8014E-01
     389    0.941180  8.8063E-01
     390    0.941415  8.8115E-01
     391    0.941650  8.8167E-01
     392    0.941885  8.8220E-01
     393    0.942120  8.8273E-01
     394    0.942355  8.8325E-01
     395    0.942590  8.8377E-01
     396    0.942825  8.8427E-01
     397    0.943060  8.8476E-01
     398    0.943295  8.8522E-01
     399    0.943530  8.8567E-01
     400    0.943765  8.8608E-01
     401    0.944000  8.8648E-01
     402    0.944235  8.8684E-01
     403    0.944470  8.8717E-01
     404    0.944705  8.8748E-01
     405    0.944940  8.8775E-01
     406    0.945175  8.8800E-01
     407    0.945410  8.8821E-01
     408    0.945645  8.8840E-01
     409    0.945880  8.8855E-01
     410    0.946115  8.8868E-01
     411    0.946350  8.8879E-01
     412    0.946585  8.8886E-01
     413    0.946820  8.8891E-01
     414    0.947055  8.8894E-01
     415    0.947290  8.8895E-01
     416    0.947525  8.8894E-01
     417    0.947760  8.8891E-01
     418    0.947995  8.8887E-01
     419    0.948230  8.8881E-01
     420    0.948465  8.8874E-01
     421    0.948700  8.8866E-01
     422    0.948935  8.8858E-01
     423    0.949170  8.8848E-01
     424    0.949405  8.8838E-01
     425    0.949640  8.8828E-01
     426    0.949875  8.8818E-01
     427    0.950110  8.8809E-01
     428    0.950345  8.8800E-01
     429    0.950580  8.8791E-01
     430    0.950815  8.8784E-01
     431    0.951050  8.8778E-01
     432    0.951285  8.8774E-01
     433    0.951520  8.8771E-01
     434    0.951755  8.8771E-01
     435    0.951990  8.8773E-01
     436    0.952225  8.8778E-01
     437    0.952460  8.8786E-01
     438    0.952695  8.8797E-01
     439    0.952930  8.8812E-01
     440    0.953165  8.8831E-01
     441    0.953400  8.8854E-01
     442    0.953635  8.8882E-01
     443    0.953870  8.8915E-01
     444    0.954105  8.8954E-01
     445    0.954340  8.8998E-01
     446    0.954575  8.9047E-01
     447    0.954810  8.9103E-01
     448    0.955045  8.9165E-01
     449    0.955280  8.9234E-01
     450    0.955515  8.9309E-01
     451    0.955750  8.9391E-01
     452    0.955985  8.9480E-01
     453    0.956220  8.9576E-01
     454    0.956455  8.9679E-01
     455    0.956690  8.9789E-01
     456    0.956925  8.9906E-01
     457    0.957160  9.0030E-01
     458    0.957395  9.0160E-01
     459    0.957630  9.0298E-01
     460    0.957865  9.0441E-01
     461    0.958100  9.0591E-01
     462    0.958335  9.0746E-01
     463    0.958570  9.0907E-01
     464    0.958805  9.1074E-01
     465    0.959040  9.1245E-01
     466    0.959275  9.1420E-01
     467    0.959510  9.1600E-01
     468    0.959745  9.1783E-01
     469    0.959980  9.1969E-01
     470    0.960215  9.2157E-01
     471    0.960450  9.2348E-01
     472    0.960685  9.2540E-01
     473    0.960920  9.2734E-01
     474    0.961155  9.2928E-01
     475    0.961390  9.3122E-01
     476    0.961625  9.3316E-01
     477    0.961860  9.3509E-01
     478    0.962095  9.3702E-01
     479    0.962330  9.3892E-01
     480    0.962565  9.4081E-01
     481    0.962800  9.4268E-01
     482    0.963035  9.4452E-01
     483    0.963270  9.4633E-01
     484    0.963505  9.4811E-01
     485    0.963740  9.4986E-01
     486    0.963975  9.5157E-01
     487    0.964210  9.5324E-01
     488    0.964445  9.5488E-01
     489    0.964680  9.5648E-01
     490    0.964915  9.5803E-01
     491    0.965150  9.5955E-01
     492    0.965385  9.6102E-01
     493    0.965620  9.6245E-01
     494    0.965855  9.6384E-01
     495    0.966090  9.6519E-01
     496    0.966325  9.6650E-01
     497    0.966560  9.6776E-01
     498    0.966795  9.6899E-01
     499    0.967030  9.7018E-01
     500    0.967265  9.7133E-01
     501    0.967500  9.7244E-01
     502    0.967735  9.7351E-01
     503    0.967970  9.7455E-01
     504    0.968205  9.7555E-01
     505    0.968440  9.7651E-01
     506    0.968675  9.7744E-01
     507    0.968910  9.7834E-01
     508    0.969145  9.7921E-01
     509    0.969380  9.8004E-01
     510    0.969615  9.8085E-01
     511    0.969850  9.8162E-01
     512    0.970085  9.8236E-01
     513    0.970320  9.8308E-01
     514    0.970555  9.8376E-01
     515    0.970790  9.8442E-01
     516    0.971025  9.8505E-01
     517    0.971260  9.8565E-01
     518    0.971495  9.8623E-01
     519    0.971730  9.8678E-01
     520    0.971965  9.8730E-01
     521    0.972200  9.8780E-01
     522    0.972435  9.8827E-01
     523    0.972670  9.8872E-01
     524    0.972905  9.8915E-01
     525    0.973140  9.8955E-01
     526    0.973375  9.8994E-01
     527    0.973610  9.9030E-01
     528    0.973845  9.9063E-01
     529    0.974080  9.9095E-01
     530    0.974315  9.9125E-01
     531    0.974550  9.9153E-01
     532    0.974785  9.9180E-01
     533    0.975020  9.9204E-01
     534    0.975255  9.9228E-01
     535    0.975490  9.9249E-01
     536    0.975725  9.9269E-01
     537    0.975960  9.9288E-01
     538    0.976195  9.9306E-01
     539    0.976430  9.9322E-01
     540    0.976665  9.9338E-01
     541    0.976900  9.9352E-01
     542    0.977135  9.9366E-01
     543    0.977370  9.9379E-01
     544    0.977605  9.9391E-01
     545    0.977840  9.9403E-01
     546    0.978075  9.9414E-01
     547    0.978310  9.9425E-01
     548    0.978545  9.9436E-01
     549    0.978780  9.9446E-01
     550    0.979015  9.9456E-01
     551    0.979250  9.9466E-01
     552    0.979485  9.9476E-01
     553    0.979720  9.9486E-01
     554    0.979955  9.9495E-01
     555    0.980190  9.9505E-01
     556    0.980425  9.9515E-01
     557    0.980660  9.9525E-01
     558    0.980895  9.9535E-01
     559    0.981130  9.9546E-01
     560    0.981365  9.9556E-01
     561    0.981600  9.9567E-01
     562    0.981835  9.9578E-01
     563    0.982070  9.9588E-01
     564    0.982305  9.9600E-01
     565    0.982540  9.9611E-01
     566    0.982775  9.9622E-01
     567    0.983010  9.9634E-01
     568    0.983245  9.9645E-01
     569    0.983480  9.9657E-01
     570    0.983715  9.9669E-01
     571    0.983950  9.9681E-01
     572    0.984185  9.9693E-01
     573    0.984420  9.9705E-01
     574    0.984655  9.9716E-01
     575    0.984890  9.9728E-01
     576    0.985125  9.9740E-01
     577    0.985360  9.9751E-01
     578    0.985595  9.9763E-01
     579    0.985830  9.9774E-01
     580    0.986065  9.9785E-01
     581    0.986300  9.9796E-01
     582    0.986535  9.9806E-01
     583    0.986770  9.9817E-01
     584    0.987005  9.9827E-01
     585    0.987240  9.9837E-01
     586    0.987475  9.9846E-01
     587    0.987710  9.9855E-01
     588    0.987945  9.9864E-01
     589    0.988180  9.9873E-01
     590    0.988415  9.9881E-01
     591    0.988650  9.9889E-01
     592    0.988885  9.9896E-01
     593    0.989120  9.9903E-01
     594    0.989355  9.9910E-01
     595    0.989590  9.9917E-01
     596    0.989825  9.9923E-01
     597    0.990060  9.9928E-01
     598    0.990295  9.9934E-01
     599    0.990530  9.9939E-01
     600    0.990765  9.9944E-01
     601    0.991000  9.9948E-01
     602    0.991235  9.9953E-01
     603    0.991470  9.9956E-01
     604    0.991705  9.9960E-01
     605    0.991940  9.9963E-01
     606    0.992175  9.9967E-01
     607    0.992410  9.9970E-01
     608    0.992645  9.9972E-01
     609    0.992880  9.9975E-01
     610    0.993115  9.9977E-01
     611    0.993350  9.9979E-01
     612    0.993585  9.9981E-01
     613    0.993820  9.9982E-01
     614    0.994055  9.9984E-01
     615    0.994290  9.9985E-01
     616    0.994525  9.9987E-01
     617    0.994760  9.9988E-01
     618    0.994995  9.9989E-01
     619    0.995230  9.9990E-01
     620    0.995465  9.9990E-01
     621    0.995700  9.9991E-01
     622    0.995935  9.9992E-01
     623    0.996170  9.9992E-01
     624    0.996405  9.9993E-01
     625    0.996640  9.9993E-01
     626    0.996875  9.9993E-01
     627    0.997110  9.9993E-01
     628    0.997345  9.9994E-01
     629    0.997580  9.9994E-01
     630    0.997815  9.9994E-01
     631    0.998050  9.9994E-01
     632    0.998285  9.9994E-01
     633    0.998520  9.9994E-01
     634    0.998755  9.9994E-01
     635    0.998990  9.9993E-01
     636    0.999225  9.9993E-01
     637    0.999460  9.9993E-01
     638    0.999695  9.9993E-01
     639    0.999930  9.9992E-01
     640    1.000165  9.9992E-01
     641    1.000400  9.9992E-01
     642    1.000635  9.9991E-01
     643    1.000870  9.9991E-01
     644    1.001105  9.9990E-01
     645    1.001340  9.9990E-01
     646    1.001575  9.9989E-01
     647    1.001810  9.9989E-01
     648    1.002045  9.9988E-01
     649    1.002280  9.9987E-01
     650    1.002515  9.9987E-01
     651    1.002750  9.9986E-01
     652    1.002985  9.9985E-01
     653    1.003220  9.9985E-01
     654    1.003455  9.9984E-01
     655    1.003690  9.9983E-01
     656    1.003925  9.9982E-01
     657    1.004160  9.9982E-01
     658    1.004395  9.9981E-01
     659    1.004630  9.9980E-01
     660    1.004865  9.9979E-01
     661    1.005100  9.9979E-01
     662    1.005335  9.9978E-01
     663    1.005570  9.9977E-01
     664    1.005805  9.9976E-01
     665    1.006040  9.9976E-01
     666    1.006275  9.9975E-01
     667    1.006510  9.9974E-01
     668    1.006745  9.9973E-01
     669    1.006980  9.9973E-01
     670    1.007215  9.9972E-01
     671    1.007450  9.9972E-01
     672    1.007685  9.9971E-01
     673    1.007920  9.9970E-01
     674    1.008155  9.9970E-01
     675    1.008390  9.9970E-01
     676    1.008625  9.9969E-01
     677    1.008860  9.9969E-01
     678    1.009095  9.9968E-01
     679    1.009330  9.9968E-01
     680    1.009565  9.9968E-01
     681    1.009800  9.9968E-01
     682    1.010035  9.9968E-01
     683    1.010270  9.9967E-01
     684    1.010505  9.9967E-01
     685    1.010740  9.9967E-01
     686    1.010975  9.9967E-01
     687    1.011210  9.9968E-01
     688    1.011445  9.9968E-01
     689    1.011680  9.9968E-01
     690    1.011915  9.9968E-01
     691    1.012150  9.9968E-01
     692    1.012385  9.9968E-01
     693    1.012620  9.9969E-01
     694    1.012855  9.9969E-01
     695    1.013090  9.9969E-01
     696    1.013325  9.9970E-01
     697    1.013560  9.9970E-01
     698    1.013795  9.9970E-01
     699    1.014030  9.9971E-01
     700    1.014265  9.9971E-01
     701    1.014500  9.9971E-01
     702    1.014735  9.9972E-01
     703    1.014970  9.9972E-01
     704    1.015205  9.9972E-01
     705    1.015440  9.9973E-01
     706    1.015675  9.9973E-01
     707    1.015910  9.9973E-01
     708    1.016145  9.9974E-01
     709    1.016380  9.9974E-01
     710    1.016615  9.9974E-01
     711    1.016850  9.9975E-01
     712    1.017085  9.9975E-01
     713    1.017320  9.9975E-01
     714    1.017555  9.9975E-01
     715    1.017790  9.9976E-01
     716    1.018025  9.9976E-01
     717    1.018260  9.9976E-01
     718    1.018495  9.9976E-01
     719    1.018730  9.9976E-01
     720    1.018965  9.9977E-01
     721    1.019200  9.9977E-01
     722    1.019435  9.9977E-01
     723    1.019670  9.9977E-01
     724    1.019905  9.9977E-01
     725    1.020140  9.9977E-01
     726    1.020375  9.9978E-01
     727    1.020610  9.9978E-01
     728    1.020845  9.9978E-01
     729    1.021080  9.9978E-01
     730    1.021315  9.9978E-01
     731    1.021550  9.9979E-01
     732    1.021785  9.9979E-01
     733    1.022020  9.9979E-01
     734    1.022255  9.9979E-01
     735    1.022490  9.9980E-01
     736    1.022725  9.9980E-01
     737    1.022960  9.9980E-01
     738    1.023195  9.9981E-01
     739    1.023430  9.9981E-01
     740    1.023665  9.9981E-01
     741    1.023900  9.9981E-01
     742    1.024135  9.9982E-01
     743    1.024370  9.9982E-01
     744    1.024605  9.9983E-01
     745    1.024840  9.9983E-01
     746    1.025075  9.9983E-01
     747    1.025310  9.9984E-01
     748    1.025545  9.9984E-01
     749    1.025780  9.9985E-01
     750    1.026015  9.9985E-01
     751    1.026250  9.9986E-01
     752    1.026485  9.9986E-01
     753    1.026720  9.9986E-01
     754    1.026955  9.9987E-01
     755    1.027190  9.9987E-01
     756    1.027425  9.9988E-01
     757    1.027660  9.9988E-01
     758    1.027895  9.9989E-01
     759    1.028130  9.9989E-01
     760    1.028365  9.9990E-01
     761    1.028600  9.9990E-01
     762    1.028835  9.9991E-01
     763    1.029070  9.9991E-01
     764    1.029305  9.9991E-01
     765    1.029540  9.9992E-01
     766    1.029775  9.9992E-01
     767    1.030010  9.9993E-01
     768    1.030245  9.9993E-01
     769    1.030480  9.9993E-01
     770    1.030715  9.9994E-01
     771    1.030950  9.9994E-01
     772    1.031185  9.9995E-01
     773    1.031420  9.9995E-01
     774    1.031655  9.9995E-01
     775    1.031890  9.9996E-01
     776    1.032125  9.9996E-01
     777    1.032360  9.9996E-01
     778    1.032595  9.9996E-01
     779    1.032830  9.9997E-01
     780    1.033065  9.9997E-01
     781    1.033300  9.9997E-01
     782    1.033535  9.9997E-01
     783    1.033770  9.9998E-01
     784    1.034005  9.9998E-01
     785    1.034240  9.9998E-01
     786    1.034475  9.9998E-01
     787    1.034710  9.9998E-01
     788    1.034945  9.9998E-01
     789    1.035180  9.9999E-01
     790    1.035415  9.9999E-01
     791    1.035650  9.9999E-01
     792    1.035885  9.9999E-01
     793    1.036120  9.9999E-01
     794    1.036355  9.9999E-01
     795    1.036590  9.9999E-01
     796    1.036825  9.9999E-01
     797    1.037060  9.9999E-01
     798    1.037295  9.9999E-01
     799    1.037530  1.0000E+00
     800    1.037765  1.0000E+00
     801    1.038000  1.0000E+00
     802    1.038235  1.0000E+00
     803    1.038470  1.0000E+00
     804    1.038705  1.0000E+00
     805    1.038940  1.0000E+00
     806    1.039175  1.0000E+00
     807    1.039410  1.0000E+00
     808    1.039645  1.0000E+00
     809    1.039880  1.0000E+00
     810    1.040115  1.0000E+00
     811    1.040350  1.0000E+00
     812    1.040585  1.0000E+00
     813    1.040820  1.0000E+00
     814    1.041055  1.0000E+00
     815    1.041290  1.0000E+00
     816    1.041525  1.0000E+00
     817    1.041760  1.0000E+00
     818    1.041995  1.0000E+00
     819    1.042230  1.0000E+00
     820    1.042465  1.0000E+00
     821    1.042700  1.0000E+00
     822    1.042935  1.0000E+00
     823    1.043170  1.0000E+00
     824    1.043405  1.0000E+00
     825    1.043640  1.0000E+00
     826    1.043875  1.0000E+00
     827    1.044110  1.0000E+00
     828    1.044345  1.0000E+00
     829    1.044580  1.0000E+00
     830    1.044815  1.0000E+00
     831    1.045050  1.0000E+00
     832    1.045285  1.0000E+00
     833    1.045520  1.0000E+00
     834    1.045755  1.0000E+00
     835    1.045990  1.0000E+00
     836    1.046225  1.0000E+00
     837    1.046460  1.0000E+00
     838    1.046695  1.0000E+00
     839    1.046930  1.0000E+00
     840    1.047165  1.0000E+00
     841    1.047400  1.0000E+00
     842    1.047635  1.0000E+00
     843    1.047870  1.0000E+00
     844    1.048105  1.0000E+00
     845    1.048340  1.0000E+00
     846    1.048575  1.0000E+00
     847    1.048810  1.0000E+00
     848    1.049045  1.0000E+00
     849    1.049280  1.0000E+00
     850    1.049515  1.0000E+00
     851    1.049750  1.0000E+00
     852    1.049985  1.0000E+00
     853    1.050220  1.0000E+00
     854    1.050455  1.0000E+00
     855    1.050690  1.0000E+00
     856    1.050925  1.0000E+00
     857    1.051160  1.0000E+00
     858    1.051395  1.0000E+00
     859    1.051630  1.0000E+00
     860    1.051865  1.0000E+00
     861    1.052100  1.0000E+00
     862    1.052335  1.0000E+00
     863    1.052570  1.0000E+00
     864    1.052805  1.0000E+00
     865    1.053040  1.0000E+00
     866    1.053275  1.0000E+00
     867    1.053510  1.0000E+00
     868    1.053745  1.0000E+00
     869    1.053980  1.0000E+00
     870    1.054215  9.9999E-01
     871    1.054450  9.9999E-01
     872    1.054685  9.9999E-01
     873    1.054920  9.9999E-01
     874    1.055155  9.9999E-01
     875    1.055390  9.9999E-01
     876    1.055625  9.9999E-01
     877    1.055860  9.9999E-01
     878    1.056095  9.9999E-01
     879    1.056330  9.9999E-01
     880    1.056565  9.9999E-01
     881    1.056800  9.9998E-01
     882    1.057035  9.9998E-01
     883    1.057270  9.9998E-01
     884    1.057505  9.9998E-01
     885    1.057740  9.9998E-01
     886    1.057975  9.9998E-01
     887    1.058210  9.9997E-01
     888    1.058445  9.9997E-01
     889    1.058680  9.9997E-01
     890    1.058915  9.9997E-01
     891    1.059150  9.9996E-01
     892    1.059385  9.9996E-01
     893    1.059620  9.9996E-01
     894    1.059855  9.9996E-01
     895    1.060090  9.9995E-01
     896    1.060325  9.9995E-01
     897    1.060560  9.9995E-01
     898    1.060795  9.9994E-01
     899    1.061030  9.9994E-01
     900    1.061265  9.9993E-01
     901    1.061500  9.9993E-01
     902    1.061735  9.9993E-01
     903    1.061970  9.9992E-01
     904    1.062205  9.9992E-01
     905    1.062440  9.9991E-01
     906    1.062675  9.9991E-01
     907    1.062910  9.9990E-01
     908    1.063145  9.9990E-01
     909    1.063380  9.9989E-01
     910    1.063615  9.9989E-01
     911    1.063850  9.9989E-01
     912    1.064085  9.9988E-01
     913    1.064320  9.9988E-01
     914    1.064555  9.9987E-01
     915    1.064790  9.9987E-01
     916    1.065025  9.9986E-01
     917    1.065260  9.9986E-01
     918    1.065495  9.9985E-01
     919    1.065730  9.9985E-01
     920    1.065965  9.9984E-01
     921    1.066200  9.9984E-01
     922    1.066435  9.9983E-01
     923    1.066670  9.9983E-01
     924    1.066905  9.9983E-01
     925    1.067140  9.9982E-01
     926    1.067375  9.9982E-01
     927    1.067610  9.9981E-01
     928    1.067845  9.9981E-01
     929    1.068080  9.9981E-01
     930    1.068315  9.9980E-01
     931    1.068550  9.9980E-01
     932    1.068785  9.9979E-01
     933    1.069020  9.9979E-01
     934    1.069255  9.9979E-01
     935    1.069490  9.9978E-01
     936    1.069725  9.9978E-01
     937    1.069960  9.9978E-01
     938    1.070195  9.9977E-01
     939    1.070430  9.9977E-01
     940    1.070665  9.9977E-01
     941    1.070900  9.9976E-01
     942    1.071135  9.9976E-01
     943    1.071370  9.9976E-01
     944    1.071605  9.9975E-01
     945    1.071840  9.9975E-01
     946    1.072075  9.9975E-01
     947    1.072310  9.9974E-01
     948    1.072545  9.9974E-01
     949    1.072780  9.9973E-01
     950    1.073015  9.9973E-01
     951    1.073250  9.9972E-01
     952    1.073485  9.9972E-01
     953    1.073720  9.9971E-01
     954    1.073955  9.9971E-01
     955    1.074190  9.9970E-01
     956    1.074425  9.9969E-01
     957    1.074660  9.9969E-01
     958    1.074895  9.9968E-01
     959    1.075130  9.9967E-01
     960    1.075365  9.9966E-01
     961    1.075600  9.9965E-01
     962    1.075835  9.9964E-01
     963    1.076070  9.9963E-01
     964    1.076305  9.9961E-01
     965    1.076540  9.9960E-01
     966    1.076775  9.9958E-01
     967    1.077010  9.9957E-01
     968    1.077245  9.9955E-01
     969    1.077480  9.9953E-01
     970    1.077715  9.9951E-01
     971    1.077950  9.9948E-01
     972    1.078185  9.9946E-01
     973    1.078420  9.9943E-01
     974    1.078655  9.9940E-01
     975    1.078890  9.9937E-01
     976    1.079125  9.9934E-01
     977    1.079360  9.9930E-01
     978    1.079595  9.9926E-01
     979    1.079830  9.9922E-01
     980    1.080065  9.9918E-01
     981    1.080300  9.9913E-01
     982    1.080535  9.9908E-01
     983    1.080770  9.9903E-01
     984    1.081005  9.9897E-01
     985    1.081240  9.9891E-01
     986    1.081475  9.9885E-01
     987    1.081710  9.9878E-01
     988    1.081945  9.9871E-01
     989    1.082180  9.9864E-01
     990    1.082415  9.9857E-01
     991    1.082650  9.9849E-01
     992    1.082885  9.9841E-01
     993    1.083120  9.9833E-01
     994    1.083355  9.9824E-01
     995    1.083590  9.9815E-01
     996    1.083825  9.9806E-01
     997    1.084060  9.9797E-01
     998    1.084295  9.9787E-01
     999    1.084530  9.9777E-01
    1000    1.084765  9.9767E-01
    1001    1.085000  9.9757E-01
    1002    1.085235  9.9747E-01
    1003    1.085470  9.9737E-01
    1004    1.085705  9.9726E-01
    1005    1.085940  9.9715E-01
    1006    1.086175  9.9705E-01
    1007    1.086410  9.9694E-01
    1008    1.086645  9.9684E-01
    1009    1.086880  9.9673E-01
    1010    1.087115  9.9662E-01
    1011    1.087350  9.9652E-01
    1012    1.087585  9.9641E-01
    1013    1.087820  9.9631E-01
    1014    1.088055  9.9621E-01
    1015    1.088290  9.9611E-01
    1016    1.088525  9.9601E-01
    1017    1.088760  9.9591E-01
    1018    1.088995  9.9582E-01
    1019    1.089230  9.9572E-01
    1020    1.089465  9.9563E-01
    1021    1.089700  9.9554E-01
    1022    1.089935  9.9545E-01
    1023    1.090170  9.9536E-01
    1024    1.090405  9.9527E-01
    1025    1.090640  9.9519E-01
    1026    1.090875  9.9511E-01
    1027    1.091110  9.9502E-01
    1028    1.091345  9.9494E-01
    1029    1.091580  9.9486E-01
    1030    1.091815  9.9478E-01
    1031    1.092050  9.9470E-01
    1032    1.092285  9.9462E-01
    1033    1.092520  9.9454E-01
    1034    1.092755  9.9445E-01
    1035    1.092990  9.9437E-01
    1036    1.093225  9.9429E-01
    1037    1.093460  9.9420E-01
    1038    1.093695  9.9411E-01
    1039    1.093930  9.9402E-01
    1040    1.094165  9.9393E-01
    1041    1.094400  9.9383E-01
    1042    1.094635  9.9374E-01
    1043    1.094870  9.9363E-01
    1044    1.095105  9.9353E-01
    1045    1.095340  9.9342E-01
    1046    1.095575  9.9331E-01
    1047    1.095810  9.9319E-01
    1048    1.096045  9.9307E-01
    1049    1.096280  9.9294E-01
    1050    1.096515  9.9281E-01
    1051    1.096750  9.9267E-01
    1052    1.096985  9.9253E-01
    1053    1.097220  9.9238E-01
    1054    1.097455  9.9222E-01
    1055    1.097690  9.9206E-01
    1056    1.097925  9.9189E-01
    1057    1.098160  9.9172E-01
    1058    1.098395  9.9154E-01
    1059    1.098630  9.9135E-01
    1060    1.098865  9.9116E-01
    1061    1.099100  9.9096E-01
    1062    1.099335  9.9075E-01
    1063    1.099570  9.9053E-01
    1064    1.099805  9.9030E-01
    1065    1.100040  9.9007E-01
    1066    1.100275  9.8983E-01
    1067    1.100510  9.8957E-01
    1068    1.100745  9.8931E-01
    1069    1.100980  9.8903E-01
    1070    1.101215  9.8875E-01
    1071    1.101450  9.8845E-01
    1072    1.101685  9.8814E-01
    1073    1.101920  9.8782E-01
    1074    1.102155  9.8749E-01
    1075    1.102390  9.8714E-01
    1076    1.102625  9.8678E-01
    1077    1.102860  9.8640E-01
    1078    1.103095  9.8600E-01
    1079    1.103330  9.8559E-01
    1080    1.103565  9.8516E-01
    1081    1.103800  9.8471E-01
    1082    1.104035  9.8425E-01
    1083    1.104270  9.8376E-01
    1084    1.104505  9.8325E-01
    1085    1.104740  9.8272E-01
    1086    1.104975  9.8216E-01
    1087    1.105210  9.8158E-01
    1088    1.105445  9.8098E-01
    1089    1.105680  9.8035E-01
    1090    1.105915  9.7969E-01
    1091    1.106150  9.7900E-01
    1092    1.106385  9.7828E-01
    1093    1.106620  9.7753E-01
    1094    1.106855  9.7674E-01
    1095    1.107090  9.7593E-01
    1096    1.107325  9.7507E-01
    1097    1.107560  9.7418E-01
    1098    1.107795  9.7325E-01
    1099    1.108030  9.7228E-01
    1100    1.108265  9.7127E-01
    1101    1.108500  9.7021E-01
    1102    1.108735  9.6911E-01
    1103    1.108970  9.6797E-01
    1104    1.109205  9.6678E-01
    1105    1.109440  9.6553E-01
    1106    1.109675  9.6424E-01
    1107    1.109910  9.6290E-01
    1108    1.110145  9.6150E-01
    1109    1.110380  9.6005E-01
    1110    1.110615  9.5854E-01
    1111    1.110850  9.5698E-01
    1112    1.111085  9.5536E-01
    1113    1.111320  9.5369E-01
    1114    1.111555  9.5195E-01
    1115    1.111790  9.5016E-01
    1116    1.112025  9.4831E-01
    1117    1.112260  9.4640E-01
    1118    1.112495  9.4444E-01
    1119    1.112730  9.4242E-01
    1120    1.112965  9.4035E-01
    1121    1.113200  9.3822E-01
    1122    1.113435  9.3604E-01
    1123    1.113670  9.3380E-01
    1124    1.113905  9.3153E-01
    1125    1.114140  9.2920E-01
    1126    1.114375  9.2683E-01
    1127    1.114610  9.2443E-01
    1128    1.114845  9.2199E-01
    1129    1.115080  9.1952E-01
    1130    1.115315  9.1702E-01
    1131    1.115550  9.1450E-01
    1132    1.115785  9.1196E-01
    1133    1.116020  9.0941E-01
    1134    1.116255  9.0685E-01
    1135    1.116490  9.0429E-01
    1136    1.116725  9.0173E-01
    1137    1.116960  8.9918E-01
    1138    1.117195  8.9665E-01
    1139    1.117430  8.9414E-01
    1140    1.117665  8.9165E-01
    1141    1.117900  8.8920E-01
    1142    1.118135  8.8678E-01
    1143    1.118370  8.8441E-01
    1144    1.118605  8.8209E-01
    1145    1.118840  8.7982E-01
    1146    1.119075  8.7761E-01
    1147    1.119310  8.7547E-01
    1148    1.119545  8.7339E-01
    1149    1.119780  8.7138E-01
    1150    1.120015  8.6945E-01
    1151    1.120250  8.6760E-01
    1152    1.120485  8.6582E-01
    1153    1.120720  8.6413E-01
    1154    1.120955  8.6252E-01
    1155    1.121190  8.6100E-01
    1156    1.121425  8.5956E-01
    1157    1.121660  8.5820E-01
    1158    1.121895  8.5692E-01
    1159    1.122130  8.5572E-01
    1160    1.122365  8.5460E-01
    1161    1.122600  8.5356E-01
    1162    1.122835  8.5258E-01
    1163    1.123070  8.5168E-01
    1164    1.123305  8.5083E-01
    1165    1.123540  8.5004E-01
    1166    1.123775  8.4931E-01
    1167    1.124010  8.4862E-01
    1168    1.124245  8.4798E-01
    1169    1.124480  8.4736E-01
    1170    1.124715  8.4678E-01
    1171    1.124950  8.4622E-01
    1172    1.125185  8.4568E-01
    1173    1.125420  8.4514E-01
    1174    1.125655  8.4461E-01
    1175    1.125890  8.4408E-01
    1176    1.126125  8.4354E-01
    1177    1.126360  8.4299E-01
    1178    1.126595  8.4242E-01
    1179    1.126830  8.4184E-01
    1180    1.127065  8.4123E-01
    1181    1.127300  8.4059E-01
    1182    1.127535  8.3993E-01
    1183    1.127770  8.3924E-01
    1184    1.128005  8.3852E-01
    1185    1.128240  8.3777E-01
    1186    1.128475  8.3700E-01
    1187    1.128710  8.3621E-01
    1188    1.128945  8.3540E-01
    1189    1.129180  8.3457E-01
    1190    1.129415  8.3373E-01
    1191    1.129650  8.3288E-01
    1192    1.129885  8.3204E-01
    1193    1.130120  8.3120E-01
    1194    1.130355  8.3039E-01
    1195    1.130590  8.2960E-01
    1196    1.130825  8.2884E-01
    1197    1.131060  8.2812E-01
    1198    1.131295  8.2746E-01
    1199    1.131530  8.2686E-01
    1200    1.131765  8.2633E-01
    1201    1.132000  8.2588E-01
    1202    1.132235  8.2552E-01
    1203    1.132470  8.2526E-01
    1204    1.132705  8.2510E-01
    1205    1.132940  8.2506E-01
    1206    1.133175  8.2514E-01
    1207    1.133410  8.2534E-01
    1208    1.133645  8.2567E-01
    1209    1.133880  8.2614E-01
    1210    1.134115  8.2675E-01
    1211    1.134350  8.2750E-01
    1212    1.134585  8.2840E-01
    1213    1.134820  8.2943E-01
    1214    1.135055  8.3061E-01
    1215    1.135290  8.3193E-01
    1216    1.135525  8.3338E-01
    1217    1.135760  8.3496E-01
    1218    1.135995  8.3668E-01
    1219    1.136230  8.3851E-01
    1220    1.136465  8.4045E-01
    1221    1.136700  8.4250E-01
    1222    1.136935  8.4464E-01
    1223    1.137170  8.4687E-01
    1224    1.137405  8.4917E-01
    1225    1.137640  8.5154E-01
    1226    1.137875  8.5396E-01
    1227    1.138110  8.5643E-01
    1228    1.138345  8.5893E-01
    1229    1.138580  8.6144E-01
    1230    1.138815  8.6397E-01
    1231    1.139050  8.6649E-01
    1232    1.139285  8.6899E-01
    1233    1.139520  8.7147E-01
    1234    1.139755  8.7392E-01
    1235    1.139990  8.7632E-01
    1236    1.140225  8.7867E-01
    1237    1.140460  8.8096E-01
    1238    1.140695  8.8317E-01
    1239    1.140930  8.8531E-01
    1240    1.141165  8.8737E-01
    1241    1.141400  8.8934E-01
    1242    1.141635  8.9122E-01
    1243    1.141870  8.9301E-01
    1244    1.142105  8.9470E-01
    1245    1.142340  8.9629E-01
    1246    1.142575  8.9777E-01
    1247    1.142810  8.9916E-01
    1248    1.143045  9.0045E-01
    1249    1.143280  9.0165E-01
    1250    1.143515  9.0275E-01
    1251    1.143750  9.0375E-01
    1252    1.143985  9.0467E-01
    1253    1.144220  9.0550E-01
    1254    1.144455  9.0626E-01
    1255    1.144690  9.0693E-01
    1256    1.144925  9.0754E-01
    1257    1.145160  9.0809E-01
    1258    1.145395  9.0858E-01
    1259    1.145630  9.0901E-01
    1260    1.145865  9.0941E-01
    1261    1.146100  9.0976E-01
    1262    1.146335  9.1008E-01
    1263    1.146570  9.1037E-01
    1264    1.146805  9.1064E-01
    1265    1.147040  9.1090E-01
    1266    1.147275  9.1115E-01
    1267    1.147510  9.1139E-01
    1268    1.147745  9.1164E-01
    1269    1.147980  9.1189E-01
    1270    1.148215  9.1216E-01
    1271    1.148450  9.1244E-01
    1272    1.148685  9.1274E-01
    1273    1.148920  9.1306E-01
    1274    1.149155  9.1341E-01
    1275    1.149390  9.1378E-01
    1276    1.149625  9.1419E-01
    1277    1.149860  9.1463E-01
    1278    1.150095  9.1510E-01
    1279    1.150330  9.1561E-01
    1280    1.150565  9.1616E-01
    1281    1.150800  9.1674E-01
    1282    1.151035  9.1736E-01
    1283    1.151270  9.1801E-01
    1284    1.151505  9.1870E-01
    1285    1.151740  9.1943E-01
    1286    1.151975  9.2020E-01
    1287    1.152210  9.2099E-01
    1288    1.152445  9.2182E-01
    1289    1.152680  9.2268E-01
    1290    1.152915  9.2358E-01
    1291    1.153150  9.2450E-01
    1292    1.153385  9.2544E-01
    1293    1.153620  9.2642E-01
    1294    1.153855  9.2742E-01
    1295    1.154090  9.2844E-01
    1296    1.154325  9.2948E-01
    1297    1.154560  9.3054E-01
    1298    1.154795  9.3162E-01
    1299    1.155030  9.3272E-01
    1300    1.155265  9.3383E-01
    1301    1.155500  9.3496E-01
    1302    1.155735  9.3610E-01
    1303    1.155970  9.3725E-01
    1304    1.156205  9.3842E-01
    1305    1.156440  9.3959E-01
    1306    1.156675  9.4077E-01
    1307    1.156910  9.4196E-01
    1308    1.157145  9.4315E-01
    1309    1.157380  9.4435E-01
    1310    1.157615  9.4556E-01
    1311    1.157850  9.4677E-01
    1312    1.158085  9.4798E-01
    1313    1.158320  9.4919E-01
    1314    1.158555  9.5040E-01
    1315    1.158790  9.5161E-01
    1316    1.159025  9.5281E-01
    1317    1.159260  9.5402E-01
    1318    1.159495  9.5522E-01
    1319    1.159730  9.5641E-01
    1320    1.159965  9.5760E-01
    1321    1.160200  9.5878E-01
    1322    1.160435  9.5995E-01
    1323    1.160670  9.6110E-01
    1324    1.160905  9.6225E-01
    1325    1.161140  9.6338E-01
    1326    1.161375  9.6449E-01
    1327    1.161610  9.6559E-01
    1328    1.161845  9.6667E-01
    1329    1.162080  9.6772E-01
    1330    1.162315  9.6876E-01
    1331    1.162550  9.6978E-01
    1332    1.162785  9.7077E-01
    1333    1.163020  9.7173E-01
    1334    1.163255  9.7267E-01
    1335    1.163490  9.7358E-01
    1336    1.163725  9.7446E-01
    1337    1.163960  9.7532E-01
    1338    1.164195  9.7614E-01
    1339    1.164430  9.7693E-01
    1340    1.164665  9.7769E-01
    1341    1.164900  9.7842E-01
    1342    1.165135  9.7912E-01
    1343    1.165370  9.7978E-01
    1344    1.165605  9.8042E-01
    1345    1.165840  9.8101E-01
    1346    1.166075  9.8158E-01
    1347    1.166310  9.8211E-01
    1348    1.166545  9.8261E-01
    1349    1.166780  9.8308E-01
    1350    1.167015  9.8351E-01
    1351    1.167250  9.8392E-01
    1352    1.167485  9.8429E-01
    1353    1.167720  9.8463E-01
    1354    1.167955  9.8494E-01
    1355    1.168190  9.8522E-01
    1356    1.168425  9.8547E-01
    1357    1.168660  9.8569E-01
    1358    1.168895  9.8589E-01
    1359    1.169130  9.8606E-01
    1360    1.169365  9.8620E-01
    1361    1.169600  9.8632E-01
    1362    1.169835  9.8641E-01
    1363    1.170070  9.8648E-01
    1364    1.170305  9.8653E-01
    1365    1.170540  9.8655E-01
    1366    1.170775  9.8656E-01
    1367    1.171010  9.8654E-01
    1368    1.171245  9.8651E-01
    1369    1.171480  9.8645E-01
    1370    1.171715  9.8638E-01
    1371    1.171950  9.8630E-01
    1372    1.172185  9.8620E-01
    1373    1.172420  9.8608E-01
    1374    1.172655  9.8595E-01
    1375    1.172890  9.8581E-01
    1376    1.173125  9.8566E-01
    1377    1.173360  9.8550E-01
    1378    1.173595  9.8533E-01
    1379    1.173830  9.8515E-01
    1380    1.174065  9.8497E-01
    1381    1.174300  9.8478E-01
    1382    1.174535  9.8459E-01
    1383    1.174770  9.8440E-01
    1384    1.175005  9.8420E-01
    1385    1.175240  9.8400E-01
    1386    1.175475  9.8381E-01
    1387    1.175710  9.8361E-01
    1388    1.175945  9.8342E-01
    1389    1.176180  9.8323E-01
    1390    1.176415  9.8305E-01
    1391    1.176650  9.8287E-01
    1392    1.176885  9.8270E-01
    1393    1.177120  9.8254E-01
    1394    1.177355  9.8238E-01
    1395    1.177590  9.8224E-01
    1396    1.177825  9.8210E-01
    1397    1.178060  9.8198E-01
    1398    1.178295  9.8186E-01
    1399    1.178530  9.8176E-01
    1400    1.178765  9.8167E-01
    1401    1.179000  9.8160E-01
    1402    1.179235  9.8153E-01
    1403    1.179470  9.8148E-01
    1404    1.179705  9.8144E-01
    1405    1.179940  9.8142E-01
    1406    1.180175  9.8141E-01
    1407    1.180410  9.8141E-01
    1408    1.180645  9.8142E-01
    1409    1.180880  9.8145E-01
    1410    1.181115  9.8149E-01
    1411    1.181350  9.8154E-01
    1412    1.181585  9.8161E-01
    1413    1.181820  9.8168E-01
    1414    1.182055  9.8177E-01
    1415    1.182290  9.8186E-01
    1416    1.182525  9.8197E-01
    1417    1.182760  9.8209E-01
    1418    1.182995  9.8221E-01
    1419    1.183230  9.8235E-01
    1420    1.183465  9.8249E-01
    1421    1.183700  9.8264E-01
    1422    1.183935  9.8280E-01
    1423    1.184170  9.8296E-01
    1424    1.184405  9.8313E-01
    1425    1.184640  9.8330E-01
    1426    1.184875  9.8348E-01
    1427    1.185110  9.8366E-01
    1428    1.185345  9.8385E-01
    1429    1.185580  9.8404E-01
    1430    1.185815  9.8423E-01
    1431    1.186050  9.8443E-01
    1432    1.186285  9.8463E-01
    1433    1.186520  9.8483E-01
    1434    1.186755  9.8503E-01
    1435    1.186990  9.8524E-01
    1436    1.187225  9.8544E-01
    1437    1.187460  9.8564E-01
    1438    1.187695  9.8585E-01
    1439    1.187930  9.8605E-01
    1440    1.188165  9.8625E-01
    1441    1.188400  9.8645E-01
    1442    1.188635  9.8665E-01
    1443    1.188870  9.8684E-01
    1444    1.189105  9.8703E-01
    1445    1.189340  9.8722E-01
    1446    1.189575  9.8740E-01
    1447    1.189810  9.8758E-01
    1448    1.190045  9.8775E-01
    1449    1.190280  9.8792E-01
    1450    1.190515  9.8807E-01
    1451    1.190750  9.8823E-01
    1452    1.190985  9.8837E-01
    1453    1.191220  9.8850E-01
    1454    1.191455  9.8862E-01
    1455    1.191690  9.8874E-01
    1456    1.191925  9.8884E-01
    1457    1.192160  9.8893E-01
    1458    1.192395  9.8901E-01
    1459    1.192630  9.8908E-01
    1460    1.192865  9.8913E-01
    1461    1.193100  9.8917E-01
    1462    1.193335  9.8920E-01
    1463    1.193570  9.8922E-01
    1464    1.193805  9.8922E-01
    1465    1.194040  9.8920E-01
    1466    1.194275  9.8918E-01
    1467    1.194510  9.8914E-01
    1468    1.194745  9.8908E-01
    1469    1.194980  9.8902E-01
    1470    1.195215  9.8894E-01
    1471    1.195450  9.8885E-01
    1472    1.195685  9.8875E-01
    1473    1.195920  9.8864E-01
    1474    1.196155  9.8852E-01
    1475    1.196390  9.8839E-01
    1476    1.196625  9.8825E-01
    1477    1.196860  9.8811E-01
    1478    1.197095  9.8796E-01
    1479    1.197330  9.8780E-01
    1480    1.197565  9.8765E-01
    1481    1.197800  9.8749E-01
    1482    1.198035  9.8732E-01
    1483    1.198270  9.8716E-01
    1484    1.198505  9.8700E-01
    1485    1.198740  9.8684E-01
    1486    1.198975  9.8669E-01
    1487    1.199210  9.8654E-01
    1488    1.199445  9.8639E-01
    1489    1.199680  9.8625E-01
    1490    1.199915  9.8612E-01
    1491    1.200150  9.8600E-01
    1492    1.200385  9.8589E-01
    1493    1.200620  9.8578E-01
    1494    1.200855  9.8569E-01
    1495    1.201090  9.8561E-01
    1496    1.201325  9.8554E-01
    1497    1.201560  9.8548E-01
    1498    1.201795  9.8543E-01
    1499    1.202030  9.8540E-01
    1500    1.202265  9.8538E-01
    1501    1.202500  9.8537E-01
    1502    1.202735  9.8537E-01
    1503    1.202970  9.8539E-01
    1504    1.203205  9.8542E-01
    1505    1.203440  9.8547E-01
    1506    1.203675  9.8552E-01
    1507    1.203910  9.8559E-01
    1508    1.204145  9.8567E-01
    1509    1.204380  9.8576E-01
    1510    1.204615  9.8586E-01
    1511    1.204850  9.8597E-01
    1512    1.205085  9.8609E-01
    1513    1.205320  9.8622E-01
    1514    1.205555  9.8636E-01
    1515    1.205790  9.8651E-01
    1516    1.206025  9.8666E-01
    1517    1.206260  9.8682E-01
    1518    1.206495  9.8699E-01
    1519    1.206730  9.8717E-01
    1520    1.206965  9.8734E-01
    1521    1.207200  9.8753E-01
    1522    1.207435  9.8772E-01
    1523    1.207670  9.8791E-01
    1524    1.207905  9.8810E-01
    1525    1.208140  9.8829E-01
    1526    1.208375  9.8849E-01
    1527    1.208610  9.8869E-01
    1528    1.208845  9.8889E-01
    1529    1.209080  9.8908E-01
    1530    1.209315  9.8928E-01
    1531    1.209550  9.8948E-01
    1532    1.209785  9.8967E-01
    1533    1.210020  9.8986E-01
    1534    1.210255  9.9005E-01
    1535    1.210490  9.9023E-01
    1536    1.210725  9.9042E-01
    1537    1.210960  9.9059E-01
    1538    1.211195  9.9077E-01
    1539    1.211430  9.9094E-01
    1540    1.211665  9.9110E-01
    1541    1.211900  9.9126E-01
    1542    1.212135  9.9142E-01
    1543    1.212370  9.9157E-01
    1544    1.212605  9.9171E-01
    1545    1.212840  9.9185E-01
    1546    1.213075  9.9199E-01
    1547    1.213310  9.9211E-01
    1548    1.213545  9.9224E-01
    1549    1.213780  9.9235E-01
    1550    1.214015  9.9247E-01
    1551    1.214250  9.9258E-01
    1552    1.214485  9.9268E-01
    1553    1.214720  9.9278E-01
    1554    1.214955  9.9287E-01
    1555    1.215190  9.9296E-01
    1556    1.215425  9.9305E-01
    1557    1.215660  9.9313E-01
    1558    1.215895  9.9321E-01
    1559    1.216130  9.9328E-01
    1560    1.216365  9.9336E-01
    1561    1.216600  9.9343E-01
    1562    1.216835  9.9350E-01
    1563    1.217070  9.9356E-01
    1564    1.217305  9.9363E-01
    1565    1.217540  9.9369E-01
    1566    1.217775  9.9376E-01
    1567    1.218010  9.9382E-01
    1568    1.218245  9.9389E-01
    1569    1.218480  9.9395E-01
    1570    1.218715  9.9402E-01
    1571    1.218950  9.9408E-01
    1572    1.219185  9.9415E-01
    1573    1.219420  9.9422E-01
    1574    1.219655  9.9428E-01
    1575    1.219890  9.9436E-01
    1576    1.220125  9.9443E-01
    1577    1.220360  9.9450E-01
    1578    1.220595  9.9458E-01
    1579    1.220830  9.9465E-01
    1580    1.221065  9.9473E-01
    1581    1.221300  9.9481E-01
    1582    1.221535  9.9489E-01
    1583    1.221770  9.9498E-01
    1584    1.222005  9.9506E-01
    1585    1.222240  9.9515E-01
    1586    1.222475  9.9524E-01
    1587    1.222710  9.9533E-01
    1588    1.222945  9.9542E-01
    1589    1.223180  9.9551E-01
    1590    1.223415  9.9561E-01
    1591    1.223650  9.9570E-01
    1592    1.223885  9.9580E-01
    1593    1.224120  9.9589E-01
    1594    1.224355  9.9599E-01
    1595    1.224590  9.9608E-01
    1596    1.224825  9.9618E-01
    1597    1.225060  9.9627E-01
    1598    1.225295  9.9637E-01
    1599    1.225530  9.9646E-01
    1600    1.225765  9.9656E-01
    1601    1.226000  9.9665E-01
    1602    1.226235  9.9675E-01
    1603    1.226470  9.9684E-01
    1604    1.226705  9.9693E-01
    1605    1.226940  9.9702E-01
    1606    1.227175  9.9711E-01
    1607    1.227410  9.9720E-01
    1608    1.227645  9.9729E-01
    1609    1.227880  9.9737E-01
    1610    1.228115  9.9746E-01
    1611    1.228350  9.9754E-01
    1612    1.228585  9.9762E-01
    1613    1.228820  9.9770E-01
    1614    1.229055  9.9778E-01
    1615    1.229290  9.9786E-01
    1616    1.229525  9.9794E-01
    1617    1.229760  9.9801E-01
    1618    1.229995  9.9809E-01
    1619    1.230230  9.9816E-01
    1620    1.230465  9.9823E-01
    1621    1.230700  9.9830E-01
    1622    1.230935  9.9837E-01
    1623    1.231170  9.9843E-01
    1624    1.231405  9.9850E-01
    1625    1.231640  9.9856E-01
    1626    1.231875  9.9862E-01
    1627    1.232110  9.9868E-01
    1628    1.232345  9.9874E-01
    1629    1.232580  9.9880E-01
    1630    1.232815  9.9885E-01
    1631    1.233050  9.9890E-01
    1632    1.233285  9.9896E-01
    1633    1.233520  9.9901E-01
    1634    1.233755  9.9905E-01
    1635    1.233990  9.9910E-01
    1636    1.234225  9.9915E-01
    1637    1.234460  9.9919E-01
    1638    1.234695  9.9923E-01
    1639    1.234930  9.9927E-01
    1640    1.235165  9.9931E-01
    1641    1.235400  9.9935E-01
    1642    1.235635  9.9938E-01
    1643    1.235870  9.9942E-01
    1644    1.236105  9.9945E-01
    1645    1.236340  9.9948E-01
    1646    1.236575  9.9951E-01
    1647    1.236810  9.9954E-01
    1648    1.237045  9.9957E-01
    1649    1.237280  9.9959E-01
    1650    1.237515  9.9961E-01
    1651    1.237750  9.9964E-01
    1652    1.237985  9.9966E-01
    1653    1.238220  9.9968E-01
    1654    1.238455  9.9969E-01
    1655    1.238690  9.9971E-01
    1656    1.238925  9.9973E-01
    1657    1.239160  9.9974E-01
    1658    1.239395  9.9975E-01
    1659    1.239630  9.9977E-01
    1660    1.239865  9.9978E-01
    1661    1.240100  9.9979E-01
    1662    1.240335  9.9979E-01
    1663    1.240570  9.9980E-01
    1664    1.240805  9.9981E-01
    1665    1.241040  9.9981E-01
    1666    1.241275  9.9982E-01
    1667    1.241510  9.9982E-01
    1668    1.241745  9.9982E-01
    1669    1.241980  9.9982E-01
    1670    1.242215  9.9982E-01
    1671    1.242450  9.9982E-01
    1672    1.242685  9.9982E-01
    1673    1.242920  9.9981E-01
    1674    1.243155  9.9980E-01
    1675    1.243390  9.9980E-01
    1676    1.243625  9.9979E-01
    1677    1.243860  9.9978E-01
    1678    1.244095  9.9977E-01
    1679    1.244330  9.9975E-01
    1680    1.244565  9.9974E-01
    1681    1.244800  9.9972E-01
    1682    1.245035  9.9970E-01
    1683    1.245270  9.9968E-01
    1684    1.245505  9.9966E-01
    1685    1.245740  9.9963E-01
    1686    1.245975  9.9960E-01
    1687    1.246210  9.9957E-01
    1688    1.246445  9.9954E-01
    1689    1.246680  9.9950E-01
    1690    1.246915  9.9946E-01
    1691    1.247150  9.9942E-01
    1692    1.247385  9.9937E-01
    1693    1.247620  9.9932E-01
    1694    1.247855  9.9926E-01
    1695    1.248090  9.9920E-01
    1696    1.248325  9.9914E-01
    1697    1.248560  9.9907E-01
    1698    1.248795  9.9900E-01
    1699    1.249030  9.9892E-01
    1700    1.249265  9.9883E-01
    1701    1.249500  9.9874E-01
    1702    1.249735  9.9864E-01
    1703    1.249970  9.9854E-01
    1704    1.250205  9.9843E-01
    1705    1.250440  9.9832E-01
    1706    1.250675  9.9819E-01
    1707    1.250910  9.9806E-01
    1708    1.251145  9.9792E-01
    1709    1.251380  9.9777E-01
    1710    1.251615  9.9762E-01
    1711    1.251850  9.9745E-01
    1712    1.252085  9.9728E-01
    1713    1.252320  9.9709E-01
    1714    1.252555  9.9690E-01
    1715    1.252790  9.9670E-01
    1716    1.253025  9.9648E-01
    1717    1.253260  9.9626E-01
    1718    1.253495  9.9603E-01
    1719    1.253730  9.9579E-01
    1720    1.253965  9.9553E-01
    1721    1.254200  9.9527E-01
    1722    1.254435  9.9499E-01
    1723    1.254670  9.9471E-01
    1724    1.254905  9.9441E-01
    1725    1.255140  9.9410E-01
    1726    1.255375  9.9379E-01
    1727    1.255610  9.9346E-01
    1728    1.255845  9.9313E-01
    1729    1.256080  9.9278E-01
    1730    1.256315  9.9243E-01
    1731    1.256550  9.9206E-01
    1732    1.256785  9.9169E-01
    1733    1.257020  9.9131E-01
    1734    1.257255  9.9093E-01
    1735    1.257490  9.9053E-01
    1736    1.257725  9.9013E-01
    1737    1.257960  9.8973E-01
    1738    1.258195  9.8932E-01
    1739    1.258430  9.8890E-01
    1740    1.258665  9.8849E-01
    1741    1.258900  9.8807E-01
    1742    1.259135  9.8764E-01
    1743    1.259370  9.8722E-01
    1744    1.259605  9.8680E-01
    1745    1.259840  9.8637E-01
    1746    1.260075  9.8595E-01
    1747    1.260310  9.8553E-01
    1748    1.260545  9.8511E-01
    1749    1.260780  9.8469E-01
    1750    1.261015  9.8427E-01
    1751    1.261250  9.8386E-01
    1752    1.261485  9.8346E-01
    1753    1.261720  9.8306E-01
    1754    1.261955  9.8266E-01
    1755    1.262190  9.8228E-01
    1756    1.262425  9.8189E-01
    1757    1.262660  9.8152E-01
    1758    1.262895  9.8115E-01
    1759    1.263130  9.8078E-01
    1760    1.263365  9.8043E-01
    1761    1.263600  9.8008E-01
    1762    1.263835  9.7974E-01
    1763    1.264070  9.7940E-01
    1764    1.264305  9.7907E-01
    1765    1.264540  9.7875E-01
    1766    1.264775  9.7843E-01
    1767    1.265010  9.7812E-01
    1768    1.265245  9.7782E-01
    1769    1.265480  9.7752E-01
    1770    1.265715  9.7723E-01
    1771    1.265950  9.7694E-01
    1772    1.266185  9.7666E-01
    1773    1.266420  9.7639E-01
    1774    1.266655  9.7611E-01
    1775    1.266890  9.7585E-01
    1776    1.267125  9.7558E-01
    1777    1.267360  9.7533E-01
    1778    1.267595  9.7507E-01
    1779    1.267830  9.7482E-01
    1780    1.268065  9.7458E-01
    1781    1.268300  9.7434E-01
    1782    1.268535  9.7410E-01
    1783    1.268770  9.7387E-01
    1784    1.269005  9.7365E-01
    1785    1.269240  9.7343E-01
    1786    1.269475  9.7322E-01
    1787    1.269710  9.7301E-01
    1788    1.269945  9.7282E-01
    1789    1.270180  9.7263E-01
    1790    1.270415  9.7246E-01
    1791    1.270650  9.7230E-01
    1792    1.270885  9.7215E-01
    1793    1.271120  9.7201E-01
    1794    1.271355  9.7189E-01
    1795    1.271590  9.7178E-01
    1796    1.271825  9.7169E-01
    1797    1.272060  9.7162E-01
    1798    1.272295  9.7157E-01
    1799    1.272530  9.7155E-01
    1800    1.272765  9.7154E-01
    1801    1.273000  9.7156E-01
    1802    1.273235  9.7160E-01
    1803    1.273470  9.7167E-01
    1804    1.273705  9.7177E-01
    1805    1.273940  9.7189E-01
    1806    1.274175  9.7204E-01
    1807    1.274410  9.7222E-01
    1808    1.274645  9.7243E-01
    1809    1.274880  9.7268E-01
    1810    1.275115  9.7295E-01
    1811    1.275350  9.7325E-01
    1812    1.275585  9.7358E-01
    1813    1.275820  9.7394E-01
    1814    1.276055  9.7433E-01
    1815    1.276290  9.7474E-01
    1816    1.276525  9.7519E-01
    1817    1.276760  9.7566E-01
    1818    1.276995  9.7615E-01
    1819    1.277230  9.7667E-01
    1820    1.277465  9.7722E-01
    1821    1.277700  9.7778E-01
    1822    1.277935  9.7836E-01
    1823    1.278170  9.7896E-01
    1824    1.278405  9.7957E-01
    1825    1.278640  9.8020E-01
    1826    1.278875  9.8083E-01
    1827    1.279110  9.8148E-01
    1828    1.279345  9.8213E-01
    1829    1.279580  9.8279E-01
    1830    1.279815  9.8345E-01
    1831    1.280050  9.8411E-01
    1832    1.280285  9.8476E-01
    1833    1.280520  9.8542E-01
    1834    1.280755  9.8607E-01
    1835    1.280990  9.8671E-01
    1836    1.281225  9.8734E-01
    1837    1.281460  9.8796E-01
    1838    1.281695  9.8857E-01
    1839    1.281930  9.8916E-01
    1840    1.282165  9.8974E-01
    1841    1.282400  9.9030E-01
    1842    1.282635  9.9084E-01
    1843    1.282870  9.9137E-01
    1844    1.283105  9.9187E-01
    1845    1.283340  9.9236E-01
    1846    1.283575  9.9282E-01
    1847    1.283810  9.9327E-01
    1848    1.284045  9.9369E-01
    1849    1.284280  9.9410E-01
    1850    1.284515  9.9448E-01
    1851    1.284750  9.9484E-01
    1852    1.284985  9.9518E-01
    1853    1.285220  9.9549E-01
    1854    1.285455  9.9579E-01
    1855    1.285690  9.9607E-01
    1856    1.285925  9.9633E-01
    1857    1.286160  9.9657E-01
    1858    1.286395  9.9679E-01
    1859    1.286630  9.9699E-01
    1860    1.286865  9.9718E-01
    1861    1.287100  9.9735E-01
    1862    1.287335  9.9750E-01
    1863    1.287570  9.9764E-01
    1864    1.287805  9.9776E-01
    1865    1.288040  9.9787E-01
    1866    1.288275  9.9797E-01
    1867    1.288510  9.9805E-01
    1868    1.288745  9.9813E-01
    1869    1.288980  9.9819E-01
    1870    1.289215  9.9824E-01
    1871    1.289450  9.9829E-01
    1872    1.289685  9.9832E-01
    1873    1.289920  9.9835E-01
    1874    1.290155  9.9836E-01
    1875    1.290390  9.9837E-01
    1876    1.290625  9.9838E-01
    1877    1.290860  9.9837E-01
    1878    1.291095  9.9837E-01
    1879    1.291330  9.9835E-01
    1880    1.291565  9.9833E-01
    1881    1.291800  9.9831E-01
    1882    1.292035  9.9828E-01
    1883    1.292270  9.9825E-01
    1884    1.292505  9.9821E-01
    1885    1.292740  9.9817E-01
    1886    1.292975  9.9813E-01
    1887    1.293210  9.9808E-01
    1888    1.293445  9.9803E-01
    1889    1.293680  9.9798E-01
    1890    1.293915  9.9793E-01
    1891    1.294150  9.9787E-01
    1892    1.294385  9.9781E-01
    1893    1.294620  9.9775E-01
    1894    1.294855  9.9768E-01
    1895    1.295090  9.9762E-01
    1896    1.295325  9.9755E-01
    1897    1.295560  9.9748E-01
    1898    1.295795  9.9741E-01
    1899    1.296030  9.9733E-01
    1900    1.296265  9.9726E-01
    1901    1.296500  9.9718E-01
    1902    1.296735  9.9710E-01
    1903    1.296970  9.9701E-01
    1904    1.297205  9.9693E-01
    1905    1.297440  9.9684E-01
    1906    1.297675  9.9675E-01
    1907    1.297910  9.9666E-01
    1908    1.298145  9.9657E-01
    1909    1.298380  9.9647E-01
    1910    1.298615  9.9637E-01
    1911    1.298850  9.9627E-01
    1912    1.299085  9.9616E-01
    1913    1.299320  9.9606E-01
    1914    1.299555  9.9595E-01
    1915    1.299790  9.9583E-01
    1916    1.300025  9.9572E-01
    1917    1.300260  9.9560E-01
    1918    1.300495  9.9548E-01
    1919    1.300730  9.9535E-01
    1920    1.300965  9.9523E-01
    1921    1.301200  9.9509E-01
    1922    1.301435  9.9496E-01
    1923    1.301670  9.9482E-01
    1924    1.301905  9.9468E-01
    1925    1.302140  9.9453E-01
    1926    1.302375  9.9438E-01
    1927    1.302610  9.9423E-01
    1928    1.302845  9.9407E-01
    1929    1.303080  9.9391E-01
    1930    1.303315  9.9375E-01
    1931    1.303550  9.9358E-01
    1932    1.303785  9.9341E-01
    1933    1.304020  9.9323E-01
    1934    1.304255  9.9305E-01
    1935    1.304490  9.9287E-01
    1936    1.304725  9.9268E-01
    1937    1.304960  9.9248E-01
    1938    1.305195  9.9229E-01
    1939    1.305430  9.9208E-01
    1940    1.305665  9.9188E-01
    1941    1.305900  9.9166E-01
    1942    1.306135  9.9145E-01
    1943    1.306370  9.9123E-01
    1944    1.306605  9.9100E-01
    1945    1.306840  9.9077E-01
    1946    1.307075  9.9053E-01
    1947    1.307310  9.9029E-01
    1948    1.307545  9.9004E-01
    1949    1.307780  9.8979E-01
    1950    1.308015  9.8953E-01
    1951    1.308250  9.8926E-01
    1952    1.308485  9.8899E-01
    1953    1.308720  9.8871E-01
    1954    1.308955  9.8843E-01
    1955    1.309190  9.8815E-01
    1956    1.309425  9.8785E-01
    1957    1.309660  9.8755E-01
    1958    1.309895  9.8725E-01
    1959    1.310130  9.8694E-01
    1960    1.310365  9.8662E-01
    1961    1.310600  9.8630E-01
    1962    1.310835  9.8598E-01
    1963    1.311070  9.8565E-01
    1964    1.311305  9.8531E-01
    1965    1.311540  9.8497E-01
    1966    1.311775  9.8463E-01
    1967    1.312010  9.8428E-01
    1968    1.312245  9.8394E-01
    1969    1.312480  9.8359E-01
    1970    1.312715  9.8323E-01
    1971    1.312950  9.8288E-01
    1972    1.313185  9.8253E-01
    1973    1.313420  9.8218E-01
    1974    1.313655  9.8183E-01
    1975    1.313890  9.8148E-01
    1976    1.314125  9.8113E-01
    1977    1.314360  9.8079E-01
    1978    1.314595  9.8046E-01
    1979    1.314830  9.8013E-01
    1980    1.315065  9.7981E-01
    1981    1.315300  9.7949E-01
    1982    1.315535  9.7919E-01
    1983    1.315770  9.7889E-01
    1984    1.316005  9.7861E-01
    1985    1.316240  9.7833E-01
    1986    1.316475  9.7807E-01
    1987    1.316710  9.7782E-01
    1988    1.316945  9.7759E-01
    1989    1.317180  9.7737E-01
    1990    1.317415  9.7716E-01
    1991    1.317650  9.7697E-01
    1992    1.317885  9.7679E-01
    1993    1.318120  9.7662E-01
    1994    1.318355  9.7647E-01
    1995    1.318590  9.7633E-01
    1996    1.318825  9.7620E-01
    1997    1.319060  9.7609E-01
    1998    1.319295  9.7598E-01
    1999    1.319530  9.7588E-01
    2000    1.319765  9.7580E-01
    2001    1.320000  9.7571E-01
    2002    1.320235  9.7564E-01
    2003    1.320470  9.7556E-01
    2004    1.320705  9.7549E-01
    2005    1.320940  9.7541E-01
    2006    1.321175  9.7533E-01
    2007    1.321410  9.7524E-01
    2008    1.321645  9.7515E-01
    2009    1.321880  9.7504E-01
    2010    1.322115  9.7492E-01
    2011    1.322350  9.7478E-01
    2012    1.322585  9.7462E-01
    2013    1.322820  9.7445E-01
    2014    1.323055  9.7424E-01
    2015    1.323290  9.7401E-01
    2016    1.323525  9.7375E-01
    2017    1.323760  9.7346E-01
    2018    1.323995  9.7313E-01
    2019    1.324230  9.7277E-01
    2020    1.324465  9.7237E-01
    2021    1.324700  9.7193E-01
    2022    1.324935  9.7146E-01
    2023    1.325170  9.7094E-01
    2024    1.325405  9.7038E-01
    2025    1.325640  9.6977E-01
    2026    1.325875  9.6912E-01
    2027    1.326110  9.6843E-01
    2028    1.326345  9.6770E-01
    2029    1.326580  9.6693E-01
    2030    1.326815  9.6611E-01
    2031    1.327050  9.6526E-01
    2032    1.327285  9.6436E-01
    2033    1.327520  9.6343E-01
    2034    1.327755  9.6247E-01
    2035    1.327990  9.6147E-01
    2036    1.328225  9.6044E-01
    2037    1.328460  9.5938E-01
    2038    1.328695  9.5830E-01
    2039    1.328930  9.5720E-01
    2040    1.329165  9.5608E-01
    2041    1.329400  9.5494E-01
    2042    1.329635  9.5379E-01
    2043    1.329870  9.5264E-01
    2044    1.330105  9.5147E-01
    2045    1.330340  9.5031E-01
    2046    1.330575  9.4914E-01
    2047    1.330810  9.4798E-01
    2048    1.331045  9.4683E-01
    2049    1.331280  9.4569E-01
    2050    1.331515  9.4456E-01
    2051    1.331750  9.4344E-01
    2052    1.331985  9.4234E-01
    2053    1.332220  9.4127E-01
    2054    1.332455  9.4021E-01
    2055    1.332690  9.3918E-01
    2056    1.332925  9.3817E-01
    2057    1.333160  9.3719E-01
    2058    1.333395  9.3623E-01
    2059    1.333630  9.3529E-01
    2060    1.333865  9.3439E-01
    2061    1.334100  9.3350E-01
    2062    1.334335  9.3264E-01
    2063    1.334570  9.3180E-01
    2064    1.334805  9.3099E-01
    2065    1.335040  9.3019E-01
    2066    1.335275  9.2940E-01
    2067    1.335510  9.2863E-01
    2068    1.335745  9.2787E-01
    2069    1.335980  9.2711E-01
    2070    1.336215  9.2636E-01
    2071    1.336450  9.2560E-01
    2072    1.336685  9.2484E-01
    2073    1.336920  9.2406E-01
    2074    1.337155  9.2326E-01
    2075    1.337390  9.2245E-01
    2076    1.337625  9.2160E-01
    2077    1.337860  9.2073E-01
    2078    1.338095  9.1981E-01
    2079    1.338330  9.1885E-01
    2080    1.338565  9.1784E-01
    2081    1.338800  9.1677E-01
    2082    1.339035  9.1564E-01
    2083    1.339270  9.1443E-01
    2084    1.339505  9.1316E-01
    2085    1.339740  9.1180E-01
    2086    1.339975  9.1035E-01
    2087    1.340210  9.0881E-01
    2088    1.340445  9.0718E-01
    2089    1.340680  9.0543E-01
    2090    1.340915  9.0358E-01
    2091    1.341150  9.0161E-01
    2092    1.341385  8.9951E-01
    2093    1.341620  8.9729E-01
    2094    1.341855  8.9494E-01
    2095    1.342090  8.9245E-01
    2096    1.342325  8.8982E-01
    2097    1.342560  8.8704E-01
    2098    1.342795  8.8411E-01
    2099    1.343030  8.8102E-01
    2100    1.343265  8.7778E-01
    2101    1.343500  8.7437E-01
    2102    1.343735  8.7079E-01
    2103    1.343970  8.6705E-01
    2104    1.344205  8.6313E-01
    2105    1.344440  8.5903E-01
    2106    1.344675  8.5476E-01
    2107    1.344910  8.5031E-01
    2108    1.345145  8.4567E-01
    2109    1.345380  8.4085E-01
    2110    1.345615  8.3585E-01
    2111    1.345850  8.3066E-01
    2112    1.346085  8.2528E-01
    2113    1.346320  8.1972E-01
    2114    1.346555  8.1398E-01
    2115    1.346790  8.0804E-01
    2116    1.347025  8.0193E-01
    2117    1.347260  7.9563E-01
    2118    1.347495  7.8916E-01
    2119    1.347730  7.8251E-01
    2120    1.347965  7.7569E-01
    2121    1.348200  7.6870E-01
    2122    1.348435  7.6154E-01
    2123    1.348670  7.5423E-01
    2124    1.348905  7.4676E-01
    2125    1.349140  7.3914E-01
    2126    1.349375  7.3139E-01
    2127    1.349610  7.2350E-01
    2128    1.349845  7.1548E-01
    2129    1.350080  7.0735E-01
    2130    1.350315  6.9910E-01
    2131    1.350550  6.9076E-01
    2132    1.350785  6.8232E-01
    2133    1.351020  6.7380E-01
    2134    1.351255  6.6521E-01
    2135    1.351490  6.5656E-01
    2136    1.351725  6.4786E-01
    2137    1.351960  6.3911E-01
    2138    1.352195  6.3034E-01
    2139    1.352430  6.2155E-01
    2140    1.352665  6.1275E-01
    2141    1.352900  6.0395E-01
    2142    1.353135  5.9516E-01
    2143    1.353370  5.8640E-01
    2144    1.353605  5.7768E-01
    2145    1.353840  5.6900E-01
    2146    1.354075  5.6038E-01
    2147    1.354310  5.5182E-01
    2148    1.354545  5.4335E-01
    2149    1.354780  5.3496E-01
    2150    1.355015  5.2666E-01
    2151    1.355250  5.1848E-01
    2152    1.355485  5.1041E-01
    2153    1.355720  5.0246E-01
    2154    1.355955  4.9465E-01
    2155    1.356190  4.8698E-01
    2156    1.356425  4.7946E-01
    2157    1.356660  4.7210E-01
    2158    1.356895  4.6490E-01
    2159    1.357130  4.5788E-01
    2160    1.357365  4.5103E-01
    2161    1.357600  4.4438E-01
    2162    1.357835  4.3792E-01
    2163    1.358070  4.3166E-01
    2164    1.358305  4.2561E-01
    2165    1.358540  4.1976E-01
    2166    1.358775  4.1414E-01
    2167    1.359010  4.0874E-01
    2168    1.359245  4.0357E-01
    2169    1.359480  3.9864E-01
    2170    1.359715  3.9394E-01
    2171    1.359950  3.8948E-01
    2172    1.360185  3.8527E-01
    2173    1.360420  3.8131E-01
    2174    1.360655  3.7760E-01
    2175    1.360890  3.7414E-01
    2176    1.361125  3.7094E-01
    2177    1.361360  3.6800E-01
    2178    1.361595  3.6532E-01
    2179    1.361830  3.6289E-01
    2180    1.362065  3.6073E-01
    2181    1.362300  3.5883E-01
    2182    1.362535  3.5719E-01
    2183    1.362770  3.5581E-01
    2184    1.363005  3.5468E-01
    2185    1.363240  3.5381E-01
    2186    1.363475  3.5319E-01
    2187    1.363710  3.5282E-01
    2188    1.363945  3.5269E-01
    2189    1.364180  3.5281E-01
    2190    1.364415  3.5316E-01
    2191    1.364650  3.5375E-01
    2192    1.364885  3.5456E-01
    2193    1.365120  3.5559E-01
    2194    1.365355  3.5683E-01
    2195    1.365590  3.5828E-01
    2196    1.365825  3.5994E-01
    2197    1.366060  3.6178E-01
    2198    1.366295  3.6382E-01
    2199    1.366530  3.6602E-01
    2200    1.366765  3.6840E-01
    2201    1.367000  3.7094E-01
    2202    1.367235  3.7362E-01
    2203    1.367470  3.7645E-01
    2204    1.367705  3.7940E-01
    2205    1.367940  3.8248E-01
    2206    1.368175  3.8566E-01
    2207    1.368410  3.8894E-01
    2208    1.368645  3.9230E-01
    2209    1.368880  3.9574E-01
    2210    1.369115  3.9924E-01
    2211    1.369350  4.0278E-01
    2212    1.369585  4.0636E-01
    2213    1.369820  4.0996E-01
    2214    1.370055  4.1357E-01
    2215    1.370290  4.1717E-01
    2216    1.370525  4.2075E-01
    2217    1.370760  4.2429E-01
    2218    1.370995  4.2779E-01
    2219    1.371230  4.3122E-01
    2220    1.371465  4.3457E-01
    2221    1.371700  4.3783E-01
    2222    1.371935  4.4099E-01
    2223    1.372170  4.4402E-01
    2224    1.372405  4.4692E-01
    2225    1.372640  4.4968E-01
    2226    1.372875  4.5228E-01
    2227    1.373110  4.5472E-01
    2228    1.373345  4.5698E-01
    2229    1.373580  4.5904E-01
    2230    1.373815  4.6092E-01
    2231    1.374050  4.6259E-01
    2232    1.374285  4.6406E-01
    2233    1.374520  4.6531E-01
    2234    1.374755  4.6635E-01
    2235    1.374990  4.6717E-01
    2236    1.375225  4.6777E-01
    2237    1.375460  4.6816E-01
    2238    1.375695  4.6834E-01
    2239    1.375930  4.6831E-01
    2240    1.376165  4.6808E-01
    2241    1.376400  4.6766E-01
    2242    1.376635  4.6705E-01
    2243    1.376870  4.6627E-01
    2244    1.377105  4.6533E-01
    2245    1.377340  4.6425E-01
    2246    1.377575  4.6302E-01
    2247    1.377810  4.6169E-01
    2248    1.378045  4.6025E-01
    2249    1.378280  4.5872E-01
    2250    1.378515  4.5713E-01
    2251    1.378750  4.5550E-01
    2252    1.378985  4.5383E-01
    2253    1.379220  4.5215E-01
    2254    1.379455  4.5049E-01
    2255    1.379690  4.4884E-01
    2256    1.379925  4.4725E-01
    2257    1.380160  4.4572E-01
    2258    1.380395  4.4426E-01
    2259    1.380630  4.4290E-01
    2260    1.380865  4.4165E-01
    2261    1.381100  4.4053E-01
    2262    1.381335  4.3954E-01
    2263    1.381570  4.3869E-01
    2264    1.381805  4.3801E-01
    2265    1.382040  4.3748E-01
    2266    1.382275  4.3712E-01
    2267    1.382510  4.3694E-01
    2268    1.382745  4.3693E-01
    2269    1.382980  4.3710E-01
    2270    1.383215  4.3745E-01
    2271    1.383450  4.3797E-01
    2272    1.383685  4.3865E-01
    2273    1.383920  4.3950E-01
    2274    1.384155  4.4051E-01
    2275    1.384390  4.4166E-01
    2276    1.384625  4.4295E-01
    2277    1.384860  4.4436E-01
    2278    1.385095  4.4589E-01
    2279    1.385330  4.4752E-01
    2280    1.385565  4.4924E-01
    2281    1.385800  4.5103E-01
    2282    1.386035  4.5287E-01
    2283    1.386270  4.5477E-01
    2284    1.386505  4.5669E-01
    2285    1.386740  4.5862E-01
    2286    1.386975  4.6056E-01
    2287    1.387210  4.6249E-01
    2288    1.387445  4.6438E-01
    2289    1.387680  4.6624E-01
    2290    1.387915  4.6805E-01
    2291    1.388150  4.6980E-01
    2292    1.388385  4.7148E-01
    2293    1.388620  4.7307E-01
    2294    1.388855  4.7458E-01
    2295    1.389090  4.7599E-01
    2296    1.389325  4.7731E-01
    2297    1.389560  4.7852E-01
    2298    1.389795  4.7963E-01
    2299    1.390030  4.8063E-01
    2300    1.390265  4.8152E-01
    2301    1.390500  4.8230E-01
    2302    1.390735  4.8298E-01
    2303    1.390970  4.8356E-01
    2304    1.391205  4.8404E-01
    2305    1.391440  4.8443E-01
    2306    1.391675  4.8473E-01
    2307    1.391910  4.8495E-01
    2308    1.392145  4.8510E-01
    2309    1.392380  4.8518E-01
    2310    1.392615  4.8520E-01
    2311    1.392850  4.8518E-01
    2312    1.393085  4.8511E-01
    2313    1.393320  4.8501E-01
    2314    1.393555  4.8489E-01
    2315    1.393790  4.8476E-01
    2316    1.394025  4.8462E-01
    2317    1.394260  4.8448E-01
    2318    1.394495  4.8435E-01
    2319    1.394730  4.8424E-01
    2320    1.394965  4.8416E-01
    2321    1.395200  4.8411E-01
    2322    1.395435  4.8410E-01
    2323    1.395670  4.8414E-01
    2324    1.395905  4.8423E-01
    2325    1.396140  4.8437E-01
    2326    1.396375  4.8458E-01
    2327    1.396610  4.8485E-01
    2328    1.396845  4.8520E-01
    2329    1.397080  4.8561E-01
    2330    1.397315  4.8610E-01
    2331    1.397550  4.8666E-01
    2332    1.397785  4.8730E-01
    2333    1.398020  4.8802E-01
    2334    1.398255  4.8881E-01
    2335    1.398490  4.8969E-01
    2336    1.398725  4.9063E-01
    2337    1.398960  4.9166E-01
    2338    1.399195  4.9276E-01
    2339    1.399430  4.9393E-01
    2340    1.399665  4.9517E-01
    2341    1.399900  4.9648E-01
    2342    1.400135  4.9786E-01
    2343    1.400370  4.9930E-01
    2344    1.400605  5.0081E-01
    2345    1.400840  5.0237E-01
    2346    1.401075  5.0398E-01
    2347    1.401310  5.0565E-01
    2348    1.401545  5.0737E-01
    2349    1.401780  5.0913E-01
    2350    1.402015  5.1094E-01
    2351    1.402250  5.1279E-01
    2352    1.402485  5.1468E-01
    2353    1.402720  5.1660E-01
    2354    1.402955  5.1856E-01
    2355    1.403190  5.2055E-01
    2356    1.403425  5.2257E-01
    2357    1.403660  5.2461E-01
    2358    1.403895  5.2669E-01
    2359    1.404130  5.2878E-01
    2360    1.404365  5.3090E-01
    2361    1.404600  5.3305E-01
    2362    1.404835  5.3521E-01
    2363    1.405070  5.3739E-01
    2364    1.405305  5.3960E-01
    2365    1.405540  5.4182E-01
    2366    1.405775  5.4406E-01
    2367    1.406010  5.4632E-01
    2368    1.406245  5.4859E-01
    2369    1.406480  5.5089E-01
    2370    1.406715  5.5320E-01
    2371    1.406950  5.5552E-01
    2372    1.407185  5.5786E-01
    2373    1.407420  5.6022E-01
    2374    1.407655  5.6259E-01
    2375    1.407890  5.6498E-01
    2376    1.408125  5.6738E-01
    2377    1.408360  5.6979E-01
    2378    1.408595  5.7221E-01
    2379    1.408830  5.7465E-01
    2380    1.409065  5.7709E-01
    2381    1.409300  5.7954E-01
    2382    1.409535  5.8200E-01
    2383    1.409770  5.8447E-01
    2384    1.410005  5.8694E-01
    2385    1.410240  5.8941E-01
    2386    1.410475  5.9187E-01
    2387    1.410710  5.9434E-01
    2388    1.410945  5.9681E-01
    2389    1.411180  5.9926E-01
    2390    1.411415  6.0171E-01
    2391    1.411650  6.0415E-01
    2392    1.411885  6.0658E-01
    2393    1.412120  6.0899E-01
    2394    1.412355  6.1139E-01
    2395    1.412590  6.1377E-01
    2396    1.412825  6.1613E-01
    2397    1.413060  6.1847E-01
    2398    1.413295  6.2079E-01
    2399    1.413530  6.2308E-01
    2400    1.413765  6.2536E-01
    2401    1.414000  6.2761E-01
    2402    1.414235  6.2983E-01
    2403    1.414470  6.3204E-01
    2404    1.414705  6.3422E-01
    2405    1.414940  6.3638E-01
    2406    1.415175  6.3851E-01
    2407    1.415410  6.4063E-01
    2408    1.415645  6.4272E-01
    2409    1.415880  6.4480E-01
    2410    1.416115  6.4686E-01
    2411    1.416350  6.4891E-01
    2412    1.416585  6.5094E-01
    2413    1.416820  6.5297E-01
    2414    1.417055  6.5499E-01
    2415    1.417290  6.5700E-01
    2416    1.417525  6.5901E-01
    2417    1.417760  6.6101E-01
    2418    1.417995  6.6302E-01
    2419    1.418230  6.6503E-01
    2420    1.418465  6.6704E-01
    2421    1.418700  6.6906E-01
    2422    1.418935  6.7108E-01
    2423    1.419170  6.7311E-01
    2424    1.419405  6.7515E-01
    2425    1.419640  6.7720E-01
    2426    1.419875  6.7925E-01
    2427    1.420110  6.8131E-01
    2428    1.420345  6.8337E-01
    2429    1.420580  6.8544E-01
    2430    1.420815  6.8751E-01
    2431    1.421050  6.8958E-01
    2432    1.421285  6.9164E-01
    2433    1.421520  6.9369E-01
    2434    1.421755  6.9573E-01
    2435    1.421990  6.9776E-01
    2436    1.422225  6.9976E-01
    2437    1.422460  7.0173E-01
    2438    1.422695  7.0368E-01
    2439    1.422930  7.0558E-01
    2440    1.423165  7.0744E-01
    2441    1.423400  7.0925E-01
    2442    1.423635  7.1100E-01
    2443    1.423870  7.1268E-01
    2444    1.424105  7.1430E-01
    2445    1.424340  7.1584E-01
    2446    1.424575  7.1731E-01
    2447    1.424810  7.1868E-01
    2448    1.425045  7.1996E-01
    2449    1.425280  7.2115E-01
    2450    1.425515  7.2223E-01
    2451    1.425750  7.2321E-01
    2452    1.425985  7.2408E-01
    2453    1.426220  7.2485E-01
    2454    1.426455  7.2549E-01
    2455    1.426690  7.2603E-01
    2456    1.426925  7.2645E-01
    2457    1.427160  7.2676E-01
    2458    1.427395  7.2695E-01
    2459    1.427630  7.2704E-01
    2460    1.427865  7.2701E-01
    2461    1.428100  7.2689E-01
    2462    1.428335  7.2666E-01
    2463    1.428570  7.2634E-01
    2464    1.428805  7.2592E-01
    2465    1.429040  7.2543E-01
    2466    1.429275  7.2486E-01
    2467    1.429510  7.2422E-01
    2468    1.429745  7.2351E-01
    2469    1.429980  7.2276E-01
    2470    1.430215  7.2196E-01
    2471    1.430450  7.2112E-01
    2472    1.430685  7.2026E-01
    2473    1.430920  7.1938E-01
    2474    1.431155  7.1849E-01
    2475    1.431390  7.1760E-01
    2476    1.431625  7.1672E-01
    2477    1.431860  7.1585E-01
    2478    1.432095  7.1501E-01
    2479    1.432330  7.1421E-01
    2480    1.432565  7.1345E-01
    2481    1.432800  7.1273E-01
    2482    1.433035  7.1207E-01
    2483    1.433270  7.1147E-01
    2484    1.433505  7.1094E-01
    2485    1.433740  7.1048E-01
    2486    1.433975  7.1009E-01
    2487    1.434210  7.0978E-01
    2488    1.434445  7.0956E-01
    2489    1.434680  7.0942E-01
    2490    1.434915  7.0936E-01
    2491    1.435150  7.0939E-01
    2492    1.435385  7.0950E-01
    2493    1.435620  7.0971E-01
    2494    1.435855  7.0999E-01
    2495    1.436090  7.1036E-01
    2496    1.436325  7.1081E-01
    2497    1.436560  7.1134E-01
    2498    1.436795  7.1195E-01
    2499    1.437030  7.1263E-01
    2500    1.437265  7.1337E-01
    2501    1.437500  7.1419E-01
    2502    1.437735  7.1506E-01
    2503    1.437970  7.1599E-01
    2504    1.438205  7.1697E-01
    2505    1.438440  7.1800E-01
    2506    1.438675  7.1907E-01
    2507    1.438910  7.2018E-01
    2508    1.439145  7.2132E-01
    2509    1.439380  7.2249E-01
    2510    1.439615  7.2369E-01
    2511    1.439850  7.2491E-01
    2512    1.440085  7.2615E-01
    2513    1.440320  7.2741E-01
    2514    1.440555  7.2867E-01
    2515    1.440790  7.2995E-01
    2516    1.441025  7.3123E-01
    2517    1.441260  7.3252E-01
    2518    1.441495  7.3382E-01
    2519    1.441730  7.3511E-01
    2520    1.441965  7.3641E-01
    2521    1.442200  7.3771E-01
    2522    1.442435  7.3901E-01
    2523    1.442670  7.4031E-01
    2524    1.442905  7.4161E-01
    2525    1.443140  7.4292E-01
    2526    1.443375  7.4422E-01
    2527    1.443610  7.4554E-01
    2528    1.443845  7.4686E-01
    2529    1.444080  7.4818E-01
    2530    1.444315  7.4952E-01
    2531    1.444550  7.5087E-01
    2532    1.444785  7.5223E-01
    2533    1.445020  7.5360E-01
    2534    1.445255  7.5500E-01
    2535    1.445490  7.5641E-01
    2536    1.445725  7.5784E-01
    2537    1.445960  7.5930E-01
    2538    1.446195  7.6078E-01
    2539    1.446430  7.6229E-01
    2540    1.446665  7.6383E-01
    2541    1.446900  7.6539E-01
    2542    1.447135  7.6699E-01
    2543    1.447370  7.6863E-01
    2544    1.447605  7.7029E-01
    2545    1.447840  7.7200E-01
    2546    1.448075  7.7373E-01
    2547    1.448310  7.7551E-01
    2548    1.448545  7.7732E-01
    2549    1.448780  7.7917E-01
    2550    1.449015  7.8106E-01
    2551    1.449250  7.8299E-01
    2552    1.449485  7.8495E-01
    2553    1.449720  7.8695E-01
    2554    1.449955  7.8899E-01
    2555    1.450190  7.9106E-01
    2556    1.450425  7.9317E-01
    2557    1.450660  7.9531E-01
    2558    1.450895  7.9748E-01
    2559    1.451130  7.9968E-01
    2560    1.451365  8.0191E-01
    2561    1.451600  8.0417E-01
    2562    1.451835  8.0645E-01
    2563    1.452070  8.0875E-01
    2564    1.452305  8.1107E-01
    2565    1.452540  8.1340E-01
    2566    1.452775  8.1575E-01
    2567    1.453010  8.1810E-01
    2568    1.453245  8.2046E-01
    2569    1.453480  8.2281E-01
    2570    1.453715  8.2517E-01
    2571    1.453950  8.2751E-01
    2572    1.454185  8.2984E-01
    2573    1.454420  8.3216E-01
    2574    1.454655  8.3445E-01
    2575    1.454890  8.3672E-01
    2576    1.455125  8.3895E-01
    2577    1.455360  8.4115E-01
    2578    1.455595  8.4330E-01
    2579    1.455830  8.4540E-01
    2580    1.456065  8.4745E-01
    2581    1.456300  8.4945E-01
    2582    1.456535  8.5138E-01
    2583    1.456770  8.5323E-01
    2584    1.457005  8.5502E-01
    2585    1.457240  8.5673E-01
    2586    1.457475  8.5835E-01
    2587    1.457710  8.5988E-01
    2588    1.457945  8.6132E-01
    2589    1.458180  8.6267E-01
    2590    1.458415  8.6391E-01
    2591    1.458650  8.6505E-01
    2592    1.458885  8.6608E-01
    2593    1.459120  8.6701E-01
    2594    1.459355  8.6782E-01
    2595    1.459590  8.6851E-01
    2596    1.459825  8.6909E-01
    2597    1.460060  8.6955E-01
    2598    1.460295  8.6990E-01
    2599    1.460530  8.7012E-01
    2600    1.460765  8.7023E-01
    2601    1.461000  8.7022E-01
    2602    1.461235  8.7010E-01
    2603    1.461470  8.6986E-01
    2604    1.461705  8.6951E-01
    2605    1.461940  8.6905E-01
    2606    1.462175  8.6849E-01
    2607    1.462410  8.6782E-01
    2608    1.462645  8.6706E-01
    2609    1.462880  8.6620E-01
    2610    1.463115  8.6526E-01
    2611    1.463350  8.6424E-01
    2612    1.463585  8.6314E-01
    2613    1.463820  8.6197E-01
    2614    1.464055  8.6074E-01
    2615    1.464290  8.5945E-01
    2616    1.464525  8.5812E-01
    2617    1.464760  8.5674E-01
    2618    1.464995  8.5534E-01
    2619    1.465230  8.5391E-01
    2620    1.465465  8.5246E-01
    2621    1.465700  8.5100E-01
    2622    1.465935  8.4955E-01
    2623    1.466170  8.4810E-01
    2624    1.466405  8.4667E-01
    2625    1.466640  8.4526E-01
    2626    1.466875  8.4389E-01
    2627    1.467110  8.4255E-01
    2628    1.467345  8.4126E-01
    2629    1.467580  8.4003E-01
    2630    1.467815  8.3885E-01
    2631    1.468050  8.3774E-01
    2632    1.468285  8.3670E-01
    2633    1.468520  8.3574E-01
    2634    1.468755  8.3485E-01
    2635    1.468990  8.3406E-01
    2636    1.469225  8.3335E-01
    2637    1.469460  8.3273E-01
    2638    1.469695  8.3220E-01
    2639    1.469930  8.3178E-01
    2640    1.470165  8.3144E-01
    2641    1.470400  8.3121E-01
    2642    1.470635  8.3107E-01
    2643    1.470870  8.3103E-01
    2644    1.471105  8.3108E-01
    2645    1.471340  8.3122E-01
    2646    1.471575  8.3146E-01
    2647    1.471810  8.3178E-01
    2648    1.472045  8.3219E-01
    2649    1.472280  8.3269E-01
    2650    1.472515  8.3326E-01
    2651    1.472750  8.3390E-01
    2652    1.472985  8.3461E-01
    2653    1.473220  8.3539E-01
    2654    1.473455  8.3623E-01
    2655    1.473690  8.3713E-01
    2656    1.473925  8.3807E-01
    2657    1.474160  8.3907E-01
    2658    1.474395  8.4010E-01
    2659    1.474630  8.4117E-01
    2660    1.474865  8.4228E-01
    2661    1.475100  8.4342E-01
    2662    1.475335  8.4458E-01
    2663    1.475570  8.4576E-01
    2664    1.475805  8.4697E-01
    2665    1.476040  8.4818E-01
    2666    1.476275  8.4942E-01
    2667    1.476510  8.5066E-01
    2668    1.476745  8.5191E-01
    2669    1.476980  8.5317E-01
    2670    1.477215  8.5444E-01
    2671    1.477450  8.5572E-01
    2672    1.477685  8.5700E-01
    2673    1.477920  8.5828E-01
    2674    1.478155  8.5958E-01
    2675    1.478390  8.6087E-01
    2676    1.478625  8.6218E-01
    2677    1.478860  8.6349E-01
    2678    1.479095  8.6481E-01
    2679    1.479330  8.6614E-01
    2680    1.479565  8.6749E-01
    2681    1.479800  8.6884E-01
    2682    1.480035  8.7021E-01
    2683    1.480270  8.7159E-01
    2684    1.480505  8.7298E-01
    2685    1.480740  8.7440E-01
    2686    1.480975  8.7583E-01
    2687    1.481210  8.7727E-01
    2688    1.481445  8.7874E-01
    2689    1.481680  8.8022E-01
    2690    1.481915  8.8172E-01
    2691    1.482150  8.8323E-01
    2692    1.482385  8.8476E-01
    2693    1.482620  8.8630E-01
    2694    1.482855  8.8786E-01
    2695    1.483090  8.8943E-01
    2696    1.483325  8.9100E-01
    2697    1.483560  8.9258E-01
    2698    1.483795  8.9416E-01
    2699    1.484030  8.9573E-01
    2700    1.484265  8.9730E-01
    2701    1.484500  8.9886E-01
    2702    1.484735  9.0040E-01
    2703    1.484970  9.0192E-01
    2704    1.485205  9.0341E-01
    2705    1.485440  9.0487E-01
    2706    1.485675  9.0629E-01
    2707    1.485910  9.0765E-01
    2708    1.486145  9.0896E-01
    2709    1.486380  9.1020E-01
    2710    1.486615  9.1137E-01
    2711    1.486850  9.1246E-01
    2712    1.487085  9.1345E-01
    2713    1.487320  9.1433E-01
    2714    1.487555  9.1510E-01
    2715    1.487790  9.1575E-01
    2716    1.488025  9.1625E-01
    2717    1.488260  9.1660E-01
    2718    1.488495  9.1678E-01
    2719    1.488730  9.1678E-01
    2720    1.488965  9.1659E-01
    2721    1.489200  9.1619E-01
    2722    1.489435  9.1555E-01
    2723    1.489670  9.1468E-01
    2724    1.489905  9.1355E-01
    2725    1.490140  9.1213E-01
    2726    1.490375  9.1043E-01
    2727    1.490610  9.0841E-01
    2728    1.490845  9.0606E-01
    2729    1.491080  9.0335E-01
    2730    1.491315  9.0029E-01
    2731    1.491550  8.9683E-01
    2732    1.491785  8.9297E-01
    2733    1.492020  8.8868E-01
    2734    1.492255  8.8396E-01
    2735    1.492490  8.7878E-01
    2736    1.492725  8.7313E-01
    2737    1.492960  8.6699E-01
    2738    1.493195  8.6035E-01
    2739    1.493430  8.5319E-01
    2740    1.493665  8.4551E-01
    2741    1.493900  8.3729E-01
    2742    1.494135  8.2854E-01
    2743    1.494370  8.1923E-01
    2744    1.494605  8.0937E-01
    2745    1.494840  7.9896E-01
    2746    1.495075  7.8799E-01
    2747    1.495310  7.7647E-01
    2748    1.495545  7.6441E-01
    2749    1.495780  7.5182E-01
    2750    1.496015  7.3870E-01
    2751    1.496250  7.2506E-01
    2752    1.496485  7.1093E-01
    2753    1.496720  6.9633E-01
    2754    1.496955  6.8127E-01
    2755    1.497190  6.6578E-01
    2756    1.497425  6.4988E-01
    2757    1.497660  6.3361E-01
    2758    1.497895  6.1700E-01
    2759    1.498130  6.0007E-01
    2760    1.498365  5.8287E-01
    2761    1.498600  5.6543E-01
    2762    1.498835  5.4779E-01
    2763    1.499070  5.2998E-01
    2764    1.499305  5.1205E-01
    2765    1.499540  4.9404E-01
    2766    1.499775  4.7599E-01
