       1    0.850000  1.0000E+00
       2    0.850235  9.9831E-01
       3    0.850470  9.9827E-01
       4    0.850705  9.9823E-01
       5    0.850940  9.9820E-01
       6    0.851175  9.9816E-01
       7    0.851410  9.9813E-01
       8    0.851645  9.9810E-01
       9    0.851880  9.9807E-01
      10    0.852115  9.9805E-01
      11    0.852350  9.9803E-01
      12    0.852585  9.9801E-01
      13    0.852820  9.9799E-01
      14    0.853055  9.9798E-01
      15    0.853290  9.9796E-01
      16    0.853525  9.9796E-01
      17    0.853760  9.9795E-01
      18    0.853995  9.9795E-01
      19    0.854230  9.9794E-01
      20    0.854465  9.9794E-01
      21    0.854700  9.9795E-01
      22    0.854935  9.9795E-01
      23    0.855170  9.9796E-01
      24    0.855405  9.9797E-01
      25    0.855640  9.9799E-01
      26    0.855875  9.9800E-01
      27    0.856110  9.9802E-01
      28    0.856345  9.9803E-01
      29    0.856580  9.9805E-01
      30    0.856815  9.9808E-01
      31    0.857050  9.9810E-01
      32    0.857285  9.9812E-01
      33    0.857520  9.9815E-01
      34    0.857755  9.9818E-01
      35    0.857990  9.9820E-01
      36    0.858225  9.9823E-01
      37    0.858460  9.9826E-01
      38    0.858695  9.9830E-01
      39    0.858930  9.9833E-01
      40    0.859165  9.9836E-01
      41    0.859400  9.9839E-01
      42    0.859635  9.9843E-01
      43    0.859870  9.9846E-01
      44    0.860105  9.9850E-01
      45    0.860340  9.9853E-01
      46    0.860575  9.9857E-01
      47    0.860810  9.9861E-01
      48    0.861045  9.9864E-01
      49    0.861280  9.9868E-01
      50    0.861515  9.9872E-01
      51    0.861750  9.9876E-01
      52    0.861985  9.9879E-01
      53    0.862220  9.9883E-01
      54    0.862455  9.9887E-01
      55    0.862690  9.9891E-01
      56    0.862925  9.9895E-01
      57    0.863160  9.9898E-01
      58    0.863395  9.9902E-01
      59    0.863630  9.9906E-01
      60    0.863865  9.9909E-01
      61    0.864100  9.9913E-01
      62    0.864335  9.9916E-01
      63    0.864570  9.9920E-01
      64    0.864805  9.9923E-01
      65    0.865040  9.9926E-01
      66    0.865275  9.9929E-01
      67    0.865510  9.9932E-01
      68    0.865745  9.9935E-01
      69    0.865980  9.9938E-01
      70    0.866215  9.9941E-01
      71    0.866450  9.9943E-01
      72    0.866685  9.9946E-01
      73    0.866920  9.9948E-01
      74    0.867155  9.9950E-01
      75    0.867390  9.9952E-01
      76    0.867625  9.9954E-01
      77    0.867860  9.9955E-01
      78    0.868095  9.9957E-01
      79    0.868330  9.9958E-01
      80    0.868565  9.9959E-01
      81    0.868800  9.9960E-01
      82    0.869035  9.9961E-01
      83    0.869270  9.9961E-01
      84    0.869505  9.9962E-01
      85    0.869740  9.9962E-01
      86    0.869975  9.9962E-01
      87    0.870210  9.9961E-01
      88    0.870445  9.9961E-01
      89    0.870680  9.9960E-01
      90    0.870915  9.9959E-01
      91    0.871150  9.9957E-01
      92    0.871385  9.9956E-01
      93    0.871620  9.9954E-01
      94    0.871855  9.9952E-01
      95    0.872090  9.9949E-01
      96    0.872325  9.9947E-01
      97    0.872560  9.9944E-01
      98    0.872795  9.9941E-01
      99    0.873030  9.9937E-01
     100    0.873265  9.9933E-01
     101    0.873500  9.9929E-01
     102    0.873735  9.9925E-01
     103    0.873970  9.9920E-01
     104    0.874205  9.9915E-01
     105    0.874440  9.9910E-01
     106    0.874675  9.9904E-01
     107    0.874910  9.9898E-01
     108    0.875145  9.9891E-01
     109    0.875380  9.9885E-01
     110    0.875615  9.9878E-01
     111    0.875850  9.9870E-01
     112    0.876085  9.9862E-01
     113    0.876320  9.9854E-01
     114    0.876555  9.9845E-01
     115    0.876790  9.9836E-01
     116    0.877025  9.9827E-01
     117    0.877260  9.9817E-01
     118    0.877495  9.9807E-01
     119    0.877730  9.9797E-01
     120    0.877965  9.9786E-01
     121    0.878200  9.9774E-01
     122    0.878435  9.9763E-01
     123    0.878670  9.9751E-01
     124    0.878905  9.9738E-01
     125    0.879140  9.9725E-01
     126    0.879375  9.9712E-01
     127    0.879610  9.9698E-01
     128    0.879845  9.9683E-01
     129    0.880080  9.9668E-01
     130    0.880315  9.9653E-01
     131    0.880550  9.9637E-01
     132    0.880785  9.9620E-01
     133    0.881020  9.9602E-01
     134    0.881255  9.9584E-01
     135    0.881490  9.9565E-01
     136    0.881725  9.9545E-01
     137    0.881960  9.9524E-01
     138    0.882195  9.9501E-01
     139    0.882430  9.9478E-01
     140    0.882665  9.9453E-01
     141    0.882900  9.9426E-01
     142    0.883135  9.9398E-01
     143    0.883370  9.9367E-01
     144    0.883605  9.9335E-01
     145    0.883840  9.9300E-01
     146    0.884075  9.9262E-01
     147    0.884310  9.9222E-01
     148    0.884545  9.9179E-01
     149    0.884780  9.9132E-01
     150    0.885015  9.9082E-01
     151    0.885250  9.9027E-01
     152    0.885485  9.8969E-01
     153    0.885720  9.8906E-01
     154    0.885955  9.8838E-01
     155    0.886190  9.8764E-01
     156    0.886425  9.8685E-01
     157    0.886660  9.8601E-01
     158    0.886895  9.8509E-01
     159    0.887130  9.8411E-01
     160    0.887365  9.8306E-01
     161    0.887600  9.8194E-01
     162    0.887835  9.8073E-01
     163    0.888070  9.7945E-01
     164    0.888305  9.7808E-01
     165    0.888540  9.7662E-01
     166    0.888775  9.7507E-01
     167    0.889010  9.7343E-01
     168    0.889245  9.7169E-01
     169    0.889480  9.6985E-01
     170    0.889715  9.6791E-01
     171    0.889950  9.6587E-01
     172    0.890185  9.6372E-01
     173    0.890420  9.6147E-01
     174    0.890655  9.5911E-01
     175    0.890890  9.5664E-01
     176    0.891125  9.5407E-01
     177    0.891360  9.5140E-01
     178    0.891595  9.4861E-01
     179    0.891830  9.4573E-01
     180    0.892065  9.4275E-01
     181    0.892300  9.3967E-01
     182    0.892535  9.3649E-01
     183    0.892770  9.3323E-01
     184    0.893005  9.2988E-01
     185    0.893240  9.2645E-01
     186    0.893475  9.2295E-01
     187    0.893710  9.1937E-01
     188    0.893945  9.1574E-01
     189    0.894180  9.1205E-01
     190    0.894415  9.0831E-01
     191    0.894650  9.0454E-01
     192    0.894885  9.0073E-01
     193    0.895120  8.9690E-01
     194    0.895355  8.9306E-01
     195    0.895590  8.8921E-01
     196    0.895825  8.8537E-01
     197    0.896060  8.8154E-01
     198    0.896295  8.7774E-01
     199    0.896530  8.7397E-01
     200    0.896765  8.7025E-01
     201    0.897000  8.6658E-01
     202    0.897235  8.6297E-01
     203    0.897470  8.5943E-01
     204    0.897705  8.5597E-01
     205    0.897940  8.5260E-01
     206    0.898175  8.4933E-01
     207    0.898410  8.4615E-01
     208    0.898645  8.4309E-01
     209    0.898880  8.4014E-01
     210    0.899115  8.3730E-01
     211    0.899350  8.3459E-01
     212    0.899585  8.3201E-01
     213    0.899820  8.2956E-01
     214    0.900055  8.2723E-01
     215    0.900290  8.2504E-01
     216    0.900525  8.2297E-01
     217    0.900760  8.2104E-01
     218    0.900995  8.1923E-01
     219    0.901230  8.1755E-01
     220    0.901465  8.1598E-01
     221    0.901700  8.1453E-01
     222    0.901935  8.1319E-01
     223    0.902170  8.1196E-01
     224    0.902405  8.1082E-01
     225    0.902640  8.0976E-01
     226    0.902875  8.0879E-01
     227    0.903110  8.0789E-01
     228    0.903345  8.0705E-01
     229    0.903580  8.0626E-01
     230    0.903815  8.0552E-01
     231    0.904050  8.0480E-01
     232    0.904285  8.0411E-01
     233    0.904520  8.0344E-01
     234    0.904755  8.0276E-01
     235    0.904990  8.0208E-01
     236    0.905225  8.0139E-01
     237    0.905460  8.0067E-01
     238    0.905695  7.9992E-01
     239    0.905930  7.9913E-01
     240    0.906165  7.9829E-01
     241    0.906400  7.9740E-01
     242    0.906635  7.9646E-01
     243    0.906870  7.9545E-01
     244    0.907105  7.9438E-01
     245    0.907340  7.9324E-01
     246    0.907575  7.9203E-01
     247    0.907810  7.9075E-01
     248    0.908045  7.8941E-01
     249    0.908280  7.8800E-01
     250    0.908515  7.8653E-01
     251    0.908750  7.8500E-01
     252    0.908985  7.8342E-01
     253    0.909220  7.8180E-01
     254    0.909455  7.8013E-01
     255    0.909690  7.7844E-01
     256    0.909925  7.7672E-01
     257    0.910160  7.7499E-01
     258    0.910395  7.7326E-01
     259    0.910630  7.7154E-01
     260    0.910865  7.6985E-01
     261    0.911100  7.6818E-01
     262    0.911335  7.6656E-01
     263    0.911570  7.6500E-01
     264    0.911805  7.6351E-01
     265    0.912040  7.6210E-01
     266    0.912275  7.6079E-01
     267    0.912510  7.5958E-01
     268    0.912745  7.5849E-01
     269    0.912980  7.5753E-01
     270    0.913215  7.5670E-01
     271    0.913450  7.5602E-01
     272    0.913685  7.5550E-01
     273    0.913920  7.5513E-01
     274    0.914155  7.5493E-01
     275    0.914390  7.5490E-01
     276    0.914625  7.5505E-01
     277    0.914860  7.5537E-01
     278    0.915095  7.5587E-01
     279    0.915330  7.5654E-01
     280    0.915565  7.5738E-01
     281    0.915800  7.5838E-01
     282    0.916035  7.5955E-01
     283    0.916270  7.6086E-01
     284    0.916505  7.6232E-01
     285    0.916740  7.6391E-01
     286    0.916975  7.6562E-01
     287    0.917210  7.6743E-01
     288    0.917445  7.6933E-01
     289    0.917680  7.7130E-01
     290    0.917915  7.7333E-01
     291    0.918150  7.7540E-01
     292    0.918385  7.7748E-01
     293    0.918620  7.7955E-01
     294    0.918855  7.8160E-01
     295    0.919090  7.8361E-01
     296    0.919325  7.8554E-01
     297    0.919560  7.8738E-01
     298    0.919795  7.8911E-01
     299    0.920030  7.9070E-01
     300    0.920265  7.9213E-01
     301    0.920500  7.9338E-01
     302    0.920735  7.9443E-01
     303    0.920970  7.9525E-01
     304    0.921205  7.9583E-01
     305    0.921440  7.9614E-01
     306    0.921675  7.9618E-01
     307    0.921910  7.9591E-01
     308    0.922145  7.9533E-01
     309    0.922380  7.9443E-01
     310    0.922615  7.9318E-01
     311    0.922850  7.9157E-01
     312    0.923085  7.8960E-01
     313    0.923320  7.8726E-01
     314    0.923555  7.8454E-01
     315    0.923790  7.8144E-01
     316    0.924025  7.7794E-01
     317    0.924260  7.7406E-01
     318    0.924495  7.6979E-01
     319    0.924730  7.6513E-01
     320    0.924965  7.6009E-01
     321    0.925200  7.5467E-01
     322    0.925435  7.4888E-01
     323    0.925670  7.4273E-01
     324    0.925905  7.3623E-01
     325    0.926140  7.2939E-01
     326    0.926375  7.2223E-01
     327    0.926610  7.1475E-01
     328    0.926845  7.0698E-01
     329    0.927080  6.9894E-01
     330    0.927315  6.9064E-01
     331    0.927550  6.8211E-01
     332    0.927785  6.7337E-01
     333    0.928020  6.6443E-01
     334    0.928255  6.5533E-01
     335    0.928490  6.4608E-01
     336    0.928725  6.3671E-01
     337    0.928960  6.2726E-01
     338    0.929195  6.1773E-01
     339    0.929430  6.0817E-01
     340    0.929665  5.9859E-01
     341    0.929900  5.8902E-01
     342    0.930135  5.7949E-01
     343    0.930370  5.7003E-01
     344    0.930605  5.6065E-01
     345    0.930840  5.5139E-01
     346    0.931075  5.4227E-01
     347    0.931310  5.3331E-01
     348    0.931545  5.2453E-01
     349    0.931780  5.1597E-01
     350    0.932015  5.0763E-01
     351    0.932250  4.9953E-01
     352    0.932485  4.9170E-01
     353    0.932720  4.8415E-01
     354    0.932955  4.7689E-01
     355    0.933190  4.6994E-01
     356    0.933425  4.6331E-01
     357    0.933660  4.5701E-01
     358    0.933895  4.5104E-01
     359    0.934130  4.4541E-01
     360    0.934365  4.4012E-01
     361    0.934600  4.3518E-01
     362    0.934835  4.3059E-01
     363    0.935070  4.2633E-01
     364    0.935305  4.2241E-01
     365    0.935540  4.1883E-01
     366    0.935775  4.1557E-01
     367    0.936010  4.1262E-01
     368    0.936245  4.0998E-01
     369    0.936480  4.0763E-01
     370    0.936715  4.0556E-01
     371    0.936950  4.0376E-01
     372    0.937185  4.0220E-01
     373    0.937420  4.0088E-01
     374    0.937655  3.9977E-01
     375    0.937890  3.9886E-01
     376    0.938125  3.9813E-01
     377    0.938360  3.9756E-01
     378    0.938595  3.9715E-01
     379    0.938830  3.9685E-01
     380    0.939065  3.9667E-01
     381    0.939300  3.9659E-01
     382    0.939535  3.9658E-01
     383    0.939770  3.9664E-01
     384    0.940005  3.9674E-01
     385    0.940240  3.9688E-01
     386    0.940475  3.9704E-01
     387    0.940710  3.9722E-01
     388    0.940945  3.9740E-01
     389    0.941180  3.9757E-01
     390    0.941415  3.9772E-01
     391    0.941650  3.9786E-01
     392    0.941885  3.9797E-01
     393    0.942120  3.9806E-01
     394    0.942355  3.9811E-01
     395    0.942590  3.9813E-01
     396    0.942825  3.9812E-01
     397    0.943060  3.9808E-01
     398    0.943295  3.9802E-01
     399    0.943530  3.9792E-01
     400    0.943765  3.9781E-01
     401    0.944000  3.9767E-01
     402    0.944235  3.9753E-01
     403    0.944470  3.9738E-01
     404    0.944705  3.9723E-01
     405    0.944940  3.9709E-01
     406    0.945175  3.9696E-01
     407    0.945410  3.9686E-01
     408    0.945645  3.9678E-01
     409    0.945880  3.9674E-01
     410    0.946115  3.9674E-01
     411    0.946350  3.9679E-01
     412    0.946585  3.9691E-01
     413    0.946820  3.9708E-01
     414    0.947055  3.9733E-01
     415    0.947290  3.9766E-01
     416    0.947525  3.9807E-01
     417    0.947760  3.9857E-01
     418    0.947995  3.9916E-01
     419    0.948230  3.9986E-01
     420    0.948465  4.0066E-01
     421    0.948700  4.0157E-01
     422    0.948935  4.0260E-01
     423    0.949170  4.0374E-01
     424    0.949405  4.0500E-01
     425    0.949640  4.0639E-01
     426    0.949875  4.0790E-01
     427    0.950110  4.0954E-01
     428    0.950345  4.1131E-01
     429    0.950580  4.1321E-01
     430    0.950815  4.1524E-01
     431    0.951050  4.1741E-01
     432    0.951285  4.1971E-01
     433    0.951520  4.2214E-01
     434    0.951755  4.2471E-01
     435    0.951990  4.2742E-01
     436    0.952225  4.3025E-01
     437    0.952460  4.3322E-01
     438    0.952695  4.3633E-01
     439    0.952930  4.3956E-01
     440    0.953165  4.4292E-01
     441    0.953400  4.4641E-01
     442    0.953635  4.5003E-01
     443    0.953870  4.5376E-01
     444    0.954105  4.5762E-01
     445    0.954340  4.6160E-01
     446    0.954575  4.6569E-01
     447    0.954810  4.6989E-01
     448    0.955045  4.7420E-01
     449    0.955280  4.7862E-01
     450    0.955515  4.8313E-01
     451    0.955750  4.8775E-01
     452    0.955985  4.9246E-01
     453    0.956220  4.9725E-01
     454    0.956455  5.0213E-01
     455    0.956690  5.0710E-01
     456    0.956925  5.1213E-01
     457    0.957160  5.1724E-01
     458    0.957395  5.2242E-01
     459    0.957630  5.2766E-01
     460    0.957865  5.3296E-01
     461    0.958100  5.3831E-01
     462    0.958335  5.4371E-01
     463    0.958570  5.4915E-01
     464    0.958805  5.5464E-01
     465    0.959040  5.6016E-01
     466    0.959275  5.6571E-01
     467    0.959510  5.7129E-01
     468    0.959745  5.7689E-01
     469    0.959980  5.8252E-01
     470    0.960215  5.8816E-01
     471    0.960450  5.9382E-01
     472    0.960685  5.9949E-01
     473    0.960920  6.0517E-01
     474    0.961155  6.1085E-01
     475    0.961390  6.1653E-01
     476    0.961625  6.2222E-01
     477    0.961860  6.2790E-01
     478    0.962095  6.3359E-01
     479    0.962330  6.3926E-01
     480    0.962565  6.4493E-01
     481    0.962800  6.5059E-01
     482    0.963035  6.5624E-01
     483    0.963270  6.6187E-01
     484    0.963505  6.6750E-01
     485    0.963740  6.7310E-01
     486    0.963975  6.7869E-01
     487    0.964210  6.8426E-01
     488    0.964445  6.8981E-01
     489    0.964680  6.9533E-01
     490    0.964915  7.0083E-01
     491    0.965150  7.0629E-01
     492    0.965385  7.1173E-01
     493    0.965620  7.1713E-01
     494    0.965855  7.2249E-01
     495    0.966090  7.2782E-01
     496    0.966325  7.3309E-01
     497    0.966560  7.3832E-01
     498    0.966795  7.4349E-01
     499    0.967030  7.4861E-01
     500    0.967265  7.5366E-01
     501    0.967500  7.5865E-01
     502    0.967735  7.6356E-01
     503    0.967970  7.6840E-01
     504    0.968205  7.7315E-01
     505    0.968440  7.7782E-01
     506    0.968675  7.8240E-01
     507    0.968910  7.8687E-01
     508    0.969145  7.9125E-01
     509    0.969380  7.9552E-01
     510    0.969615  7.9967E-01
     511    0.969850  8.0371E-01
     512    0.970085  8.0763E-01
     513    0.970320  8.1143E-01
     514    0.970555  8.1510E-01
     515    0.970790  8.1864E-01
     516    0.971025  8.2205E-01
     517    0.971260  8.2533E-01
     518    0.971495  8.2847E-01
     519    0.971730  8.3148E-01
     520    0.971965  8.3435E-01
     521    0.972200  8.3710E-01
     522    0.972435  8.3970E-01
     523    0.972670  8.4219E-01
     524    0.972905  8.4454E-01
     525    0.973140  8.4677E-01
     526    0.973375  8.4888E-01
     527    0.973610  8.5087E-01
     528    0.973845  8.5276E-01
     529    0.974080  8.5454E-01
     530    0.974315  8.5623E-01
     531    0.974550  8.5782E-01
     532    0.974785  8.5933E-01
     533    0.975020  8.6077E-01
     534    0.975255  8.6214E-01
     535    0.975490  8.6344E-01
     536    0.975725  8.6470E-01
     537    0.975960  8.6591E-01
     538    0.976195  8.6708E-01
     539    0.976430  8.6823E-01
     540    0.976665  8.6936E-01
     541    0.976900  8.7048E-01
     542    0.977135  8.7160E-01
     543    0.977370  8.7272E-01
     544    0.977605  8.7386E-01
     545    0.977840  8.7501E-01
     546    0.978075  8.7620E-01
     547    0.978310  8.7741E-01
     548    0.978545  8.7867E-01
     549    0.978780  8.7997E-01
     550    0.979015  8.8132E-01
     551    0.979250  8.8272E-01
     552    0.979485  8.8419E-01
     553    0.979720  8.8571E-01
     554    0.979955  8.8729E-01
     555    0.980190  8.8894E-01
     556    0.980425  8.9066E-01
     557    0.980660  8.9244E-01
     558    0.980895  8.9429E-01
     559    0.981130  8.9621E-01
     560    0.981365  8.9819E-01
     561    0.981600  9.0023E-01
     562    0.981835  9.0233E-01
     563    0.982070  9.0449E-01
     564    0.982305  9.0671E-01
     565    0.982540  9.0898E-01
     566    0.982775  9.1129E-01
     567    0.983010  9.1364E-01
     568    0.983245  9.1603E-01
     569    0.983480  9.1846E-01
     570    0.983715  9.2091E-01
     571    0.983950  9.2338E-01
     572    0.984185  9.2586E-01
     573    0.984420  9.2835E-01
     574    0.984655  9.3085E-01
     575    0.984890  9.3335E-01
     576    0.985125  9.3584E-01
     577    0.985360  9.3831E-01
     578    0.985595  9.4077E-01
     579    0.985830  9.4320E-01
     580    0.986065  9.4560E-01
     581    0.986300  9.4796E-01
     582    0.986535  9.5029E-01
     583    0.986770  9.5257E-01
     584    0.987005  9.5481E-01
     585    0.987240  9.5699E-01
     586    0.987475  9.5912E-01
     587    0.987710  9.6119E-01
     588    0.987945  9.6320E-01
     589    0.988180  9.6515E-01
     590    0.988415  9.6704E-01
     591    0.988650  9.6885E-01
     592    0.988885  9.7060E-01
     593    0.989120  9.7229E-01
     594    0.989355  9.7390E-01
     595    0.989590  9.7544E-01
     596    0.989825  9.7691E-01
     597    0.990060  9.7832E-01
     598    0.990295  9.7966E-01
     599    0.990530  9.8092E-01
     600    0.990765  9.8213E-01
     601    0.991000  9.8327E-01
     602    0.991235  9.8434E-01
     603    0.991470  9.8535E-01
     604    0.991705  9.8630E-01
     605    0.991940  9.8720E-01
     606    0.992175  9.8804E-01
     607    0.992410  9.8882E-01
     608    0.992645  9.8955E-01
     609    0.992880  9.9023E-01
     610    0.993115  9.9087E-01
     611    0.993350  9.9146E-01
     612    0.993585  9.9200E-01
     613    0.993820  9.9251E-01
     614    0.994055  9.9297E-01
     615    0.994290  9.9340E-01
     616    0.994525  9.9379E-01
     617    0.994760  9.9415E-01
     618    0.994995  9.9448E-01
     619    0.995230  9.9478E-01
     620    0.995465  9.9506E-01
     621    0.995700  9.9530E-01
     622    0.995935  9.9553E-01
     623    0.996170  9.9573E-01
     624    0.996405  9.9591E-01
     625    0.996640  9.9606E-01
     626    0.996875  9.9621E-01
     627    0.997110  9.9633E-01
     628    0.997345  9.9644E-01
     629    0.997580  9.9653E-01
     630    0.997815  9.9661E-01
     631    0.998050  9.9667E-01
     632    0.998285  9.9672E-01
     633    0.998520  9.9676E-01
     634    0.998755  9.9679E-01
     635    0.998990  9.9681E-01
     636    0.999225  9.9682E-01
     637    0.999460  9.9682E-01
     638    0.999695  9.9681E-01
     639    0.999930  9.9679E-01
     640    1.000165  9.9677E-01
     641    1.000400  9.9673E-01
     642    1.000635  9.9669E-01
     643    1.000870  9.9665E-01
     644    1.001105  9.9659E-01
     645    1.001340  9.9654E-01
     646    1.001575  9.9647E-01
     647    1.001810  9.9640E-01
     648    1.002045  9.9633E-01
     649    1.002280  9.9625E-01
     650    1.002515  9.9617E-01
     651    1.002750  9.9608E-01
     652    1.002985  9.9599E-01
     653    1.003220  9.9590E-01
     654    1.003455  9.9580E-01
     655    1.003690  9.9570E-01
     656    1.003925  9.9560E-01
     657    1.004160  9.9550E-01
     658    1.004395  9.9540E-01
     659    1.004630  9.9529E-01
     660    1.004865  9.9519E-01
     661    1.005100  9.9508E-01
     662    1.005335  9.9498E-01
     663    1.005570  9.9488E-01
     664    1.005805  9.9478E-01
     665    1.006040  9.9468E-01
     666    1.006275  9.9458E-01
     667    1.006510  9.9449E-01
     668    1.006745  9.9440E-01
     669    1.006980  9.9431E-01
     670    1.007215  9.9423E-01
     671    1.007450  9.9415E-01
     672    1.007685  9.9408E-01
     673    1.007920  9.9401E-01
     674    1.008155  9.9395E-01
     675    1.008390  9.9390E-01
     676    1.008625  9.9385E-01
     677    1.008860  9.9380E-01
     678    1.009095  9.9377E-01
     679    1.009330  9.9374E-01
     680    1.009565  9.9372E-01
     681    1.009800  9.9370E-01
     682    1.010035  9.9369E-01
     683    1.010270  9.9369E-01
     684    1.010505  9.9370E-01
     685    1.010740  9.9371E-01
     686    1.010975  9.9372E-01
     687    1.011210  9.9374E-01
     688    1.011445  9.9377E-01
     689    1.011680  9.9380E-01
     690    1.011915  9.9384E-01
     691    1.012150  9.9388E-01
     692    1.012385  9.9393E-01
     693    1.012620  9.9398E-01
     694    1.012855  9.9403E-01
     695    1.013090  9.9408E-01
     696    1.013325  9.9414E-01
     697    1.013560  9.9419E-01
     698    1.013795  9.9425E-01
     699    1.014030  9.9431E-01
     700    1.014265  9.9436E-01
     701    1.014500  9.9442E-01
     702    1.014735  9.9448E-01
     703    1.014970  9.9453E-01
     704    1.015205  9.9458E-01
     705    1.015440  9.9463E-01
     706    1.015675  9.9468E-01
     707    1.015910  9.9473E-01
     708    1.016145  9.9477E-01
     709    1.016380  9.9481E-01
     710    1.016615  9.9485E-01
     711    1.016850  9.9488E-01
     712    1.017085  9.9492E-01
     713    1.017320  9.9495E-01
     714    1.017555  9.9498E-01
     715    1.017790  9.9500E-01
     716    1.018025  9.9502E-01
     717    1.018260  9.9504E-01
     718    1.018495  9.9506E-01
     719    1.018730  9.9508E-01
     720    1.018965  9.9510E-01
     721    1.019200  9.9511E-01
     722    1.019435  9.9513E-01
     723    1.019670  9.9514E-01
     724    1.019905  9.9516E-01
     725    1.020140  9.9517E-01
     726    1.020375  9.9519E-01
     727    1.020610  9.9520E-01
     728    1.020845  9.9522E-01
     729    1.021080  9.9524E-01
     730    1.021315  9.9526E-01
     731    1.021550  9.9529E-01
     732    1.021785  9.9531E-01
     733    1.022020  9.9534E-01
     734    1.022255  9.9537E-01
     735    1.022490  9.9541E-01
     736    1.022725  9.9545E-01
     737    1.022960  9.9549E-01
     738    1.023195  9.9553E-01
     739    1.023430  9.9558E-01
     740    1.023665  9.9563E-01
     741    1.023900  9.9569E-01
     742    1.024135  9.9575E-01
     743    1.024370  9.9581E-01
     744    1.024605  9.9587E-01
     745    1.024840  9.9594E-01
     746    1.025075  9.9602E-01
     747    1.025310  9.9609E-01
     748    1.025545  9.9617E-01
     749    1.025780  9.9625E-01
     750    1.026015  9.9633E-01
     751    1.026250  9.9642E-01
     752    1.026485  9.9651E-01
     753    1.026720  9.9660E-01
     754    1.026955  9.9669E-01
     755    1.027190  9.9678E-01
     756    1.027425  9.9688E-01
     757    1.027660  9.9697E-01
     758    1.027895  9.9707E-01
     759    1.028130  9.9716E-01
     760    1.028365  9.9726E-01
     761    1.028600  9.9736E-01
     762    1.028835  9.9746E-01
     763    1.029070  9.9755E-01
     764    1.029305  9.9765E-01
     765    1.029540  9.9774E-01
     766    1.029775  9.9784E-01
     767    1.030010  9.9793E-01
     768    1.030245  9.9802E-01
     769    1.030480  9.9811E-01
     770    1.030715  9.9820E-01
     771    1.030950  9.9828E-01
     772    1.031185  9.9837E-01
     773    1.031420  9.9845E-01
     774    1.031655  9.9853E-01
     775    1.031890  9.9861E-01
     776    1.032125  9.9868E-01
     777    1.032360  9.9875E-01
     778    1.032595  9.9882E-01
     779    1.032830  9.9889E-01
     780    1.033065  9.9895E-01
     781    1.033300  9.9901E-01
     782    1.033535  9.9907E-01
     783    1.033770  9.9913E-01
     784    1.034005  9.9918E-01
     785    1.034240  9.9924E-01
     786    1.034475  9.9928E-01
     787    1.034710  9.9933E-01
     788    1.034945  9.9937E-01
     789    1.035180  9.9942E-01
     790    1.035415  9.9946E-01
     791    1.035650  9.9949E-01
     792    1.035885  9.9953E-01
     793    1.036120  9.9956E-01
     794    1.036355  9.9959E-01
     795    1.036590  9.9962E-01
     796    1.036825  9.9965E-01
     797    1.037060  9.9967E-01
     798    1.037295  9.9970E-01
     799    1.037530  9.9972E-01
     800    1.037765  9.9974E-01
     801    1.038000  9.9976E-01
     802    1.038235  9.9977E-01
     803    1.038470  9.9979E-01
     804    1.038705  9.9981E-01
     805    1.038940  9.9982E-01
     806    1.039175  9.9983E-01
     807    1.039410  9.9984E-01
     808    1.039645  9.9985E-01
     809    1.039880  9.9986E-01
     810    1.040115  9.9987E-01
     811    1.040350  9.9988E-01
     812    1.040585  9.9989E-01
     813    1.040820  9.9990E-01
     814    1.041055  9.9990E-01
     815    1.041290  9.9991E-01
     816    1.041525  9.9991E-01
     817    1.041760  9.9992E-01
     818    1.041995  9.9992E-01
     819    1.042230  9.9993E-01
     820    1.042465  9.9993E-01
     821    1.042700  9.9993E-01
     822    1.042935  9.9994E-01
     823    1.043170  9.9994E-01
     824    1.043405  9.9994E-01
     825    1.043640  9.9994E-01
     826    1.043875  9.9995E-01
     827    1.044110  9.9995E-01
     828    1.044345  9.9995E-01
     829    1.044580  9.9995E-01
     830    1.044815  9.9995E-01
     831    1.045050  9.9995E-01
     832    1.045285  9.9995E-01
     833    1.045520  9.9995E-01
     834    1.045755  9.9995E-01
     835    1.045990  9.9995E-01
     836    1.046225  9.9995E-01
     837    1.046460  9.9995E-01
     838    1.046695  9.9995E-01
     839    1.046930  9.9995E-01
     840    1.047165  9.9995E-01
     841    1.047400  9.9995E-01
     842    1.047635  9.9995E-01
     843    1.047870  9.9995E-01
     844    1.048105  9.9995E-01
     845    1.048340  9.9995E-01
     846    1.048575  9.9995E-01
     847    1.048810  9.9995E-01
     848    1.049045  9.9995E-01
     849    1.049280  9.9995E-01
     850    1.049515  9.9995E-01
     851    1.049750  9.9995E-01
     852    1.049985  9.9995E-01
     853    1.050220  9.9995E-01
     854    1.050455  9.9994E-01
     855    1.050690  9.9994E-01
     856    1.050925  9.9994E-01
     857    1.051160  9.9994E-01
     858    1.051395  9.9994E-01
     859    1.051630  9.9993E-01
     860    1.051865  9.9993E-01
     861    1.052100  9.9993E-01
     862    1.052335  9.9993E-01
     863    1.052570  9.9992E-01
     864    1.052805  9.9992E-01
     865    1.053040  9.9991E-01
     866    1.053275  9.9991E-01
     867    1.053510  9.9990E-01
     868    1.053745  9.9990E-01
     869    1.053980  9.9989E-01
     870    1.054215  9.9988E-01
     871    1.054450  9.9987E-01
     872    1.054685  9.9986E-01
     873    1.054920  9.9985E-01
     874    1.055155  9.9984E-01
     875    1.055390  9.9983E-01
     876    1.055625  9.9981E-01
     877    1.055860  9.9980E-01
     878    1.056095  9.9978E-01
     879    1.056330  9.9977E-01
     880    1.056565  9.9975E-01
     881    1.056800  9.9973E-01
     882    1.057035  9.9971E-01
     883    1.057270  9.9968E-01
     884    1.057505  9.9966E-01
     885    1.057740  9.9963E-01
     886    1.057975  9.9960E-01
     887    1.058210  9.9957E-01
     888    1.058445  9.9954E-01
     889    1.058680  9.9950E-01
     890    1.058915  9.9947E-01
     891    1.059150  9.9943E-01
     892    1.059385  9.9939E-01
     893    1.059620  9.9934E-01
     894    1.059855  9.9930E-01
     895    1.060090  9.9925E-01
     896    1.060325  9.9920E-01
     897    1.060560  9.9915E-01
     898    1.060795  9.9909E-01
     899    1.061030  9.9903E-01
     900    1.061265  9.9897E-01
     901    1.061500  9.9891E-01
     902    1.061735  9.9884E-01
     903    1.061970  9.9878E-01
     904    1.062205  9.9870E-01
     905    1.062440  9.9863E-01
     906    1.062675  9.9855E-01
     907    1.062910  9.9847E-01
     908    1.063145  9.9839E-01
     909    1.063380  9.9830E-01
     910    1.063615  9.9821E-01
     911    1.063850  9.9811E-01
     912    1.064085  9.9802E-01
     913    1.064320  9.9791E-01
     914    1.064555  9.9781E-01
     915    1.064790  9.9770E-01
     916    1.065025  9.9759E-01
     917    1.065260  9.9747E-01
     918    1.065495  9.9735E-01
     919    1.065730  9.9723E-01
     920    1.065965  9.9710E-01
     921    1.066200  9.9696E-01
     922    1.066435  9.9682E-01
     923    1.066670  9.9668E-01
     924    1.066905  9.9653E-01
     925    1.067140  9.9638E-01
     926    1.067375  9.9622E-01
     927    1.067610  9.9606E-01
     928    1.067845  9.9589E-01
     929    1.068080  9.9572E-01
     930    1.068315  9.9554E-01
     931    1.068550  9.9535E-01
     932    1.068785  9.9516E-01
     933    1.069020  9.9496E-01
     934    1.069255  9.9476E-01
     935    1.069490  9.9455E-01
     936    1.069725  9.9434E-01
     937    1.069960  9.9412E-01
     938    1.070195  9.9389E-01
     939    1.070430  9.9366E-01
     940    1.070665  9.9342E-01
     941    1.070900  9.9318E-01
     942    1.071135  9.9293E-01
     943    1.071370  9.9268E-01
     944    1.071605  9.9242E-01
     945    1.071840  9.9216E-01
     946    1.072075  9.9190E-01
     947    1.072310  9.9162E-01
     948    1.072545  9.9135E-01
     949    1.072780  9.9107E-01
     950    1.073015  9.9079E-01
     951    1.073250  9.9050E-01
     952    1.073485  9.9021E-01
     953    1.073720  9.8992E-01
     954    1.073955  9.8962E-01
     955    1.074190  9.8932E-01
     956    1.074425  9.8901E-01
     957    1.074660  9.8870E-01
     958    1.074895  9.8839E-01
     959    1.075130  9.8807E-01
     960    1.075365  9.8774E-01
     961    1.075600  9.8741E-01
     962    1.075835  9.8708E-01
     963    1.076070  9.8674E-01
     964    1.076305  9.8639E-01
     965    1.076540  9.8603E-01
     966    1.076775  9.8566E-01
     967    1.077010  9.8528E-01
     968    1.077245  9.8489E-01
     969    1.077480  9.8448E-01
     970    1.077715  9.8406E-01
     971    1.077950  9.8363E-01
     972    1.078185  9.8318E-01
     973    1.078420  9.8271E-01
     974    1.078655  9.8222E-01
     975    1.078890  9.8170E-01
     976    1.079125  9.8117E-01
     977    1.079360  9.8060E-01
     978    1.079595  9.8001E-01
     979    1.079830  9.7940E-01
     980    1.080065  9.7875E-01
     981    1.080300  9.7807E-01
     982    1.080535  9.7736E-01
     983    1.080770  9.7662E-01
     984    1.081005  9.7584E-01
     985    1.081240  9.7503E-01
     986    1.081475  9.7418E-01
     987    1.081710  9.7330E-01
     988    1.081945  9.7238E-01
     989    1.082180  9.7142E-01
     990    1.082415  9.7042E-01
     991    1.082650  9.6939E-01
     992    1.082885  9.6832E-01
     993    1.083120  9.6721E-01
     994    1.083355  9.6607E-01
     995    1.083590  9.6489E-01
     996    1.083825  9.6368E-01
     997    1.084060  9.6244E-01
     998    1.084295  9.6117E-01
     999    1.084530  9.5987E-01
    1000    1.084765  9.5854E-01
    1001    1.085000  9.5718E-01
    1002    1.085235  9.5581E-01
    1003    1.085470  9.5441E-01
    1004    1.085705  9.5298E-01
    1005    1.085940  9.5154E-01
    1006    1.086175  9.5009E-01
    1007    1.086410  9.4862E-01
    1008    1.086645  9.4713E-01
    1009    1.086880  9.4564E-01
    1010    1.087115  9.4413E-01
    1011    1.087350  9.4262E-01
    1012    1.087585  9.4110E-01
    1013    1.087820  9.3958E-01
    1014    1.088055  9.3804E-01
    1015    1.088290  9.3651E-01
    1016    1.088525  9.3497E-01
    1017    1.088760  9.3342E-01
    1018    1.088995  9.3188E-01
    1019    1.089230  9.3032E-01
    1020    1.089465  9.2876E-01
    1021    1.089700  9.2720E-01
    1022    1.089935  9.2563E-01
    1023    1.090170  9.2405E-01
    1024    1.090405  9.2246E-01
    1025    1.090640  9.2086E-01
    1026    1.090875  9.1924E-01
    1027    1.091110  9.1761E-01
    1028    1.091345  9.1596E-01
    1029    1.091580  9.1430E-01
    1030    1.091815  9.1261E-01
    1031    1.092050  9.1090E-01
    1032    1.092285  9.0916E-01
    1033    1.092520  9.0739E-01
    1034    1.092755  9.0559E-01
    1035    1.092990  9.0376E-01
    1036    1.093225  9.0190E-01
    1037    1.093460  9.0000E-01
    1038    1.093695  8.9806E-01
    1039    1.093930  8.9608E-01
    1040    1.094165  8.9407E-01
    1041    1.094400  8.9201E-01
    1042    1.094635  8.8991E-01
    1043    1.094870  8.8777E-01
    1044    1.095105  8.8559E-01
    1045    1.095340  8.8336E-01
    1046    1.095575  8.8110E-01
    1047    1.095810  8.7879E-01
    1048    1.096045  8.7645E-01
    1049    1.096280  8.7407E-01
    1050    1.096515  8.7165E-01
    1051    1.096750  8.6919E-01
    1052    1.096985  8.6670E-01
    1053    1.097220  8.6418E-01
    1054    1.097455  8.6163E-01
    1055    1.097690  8.5905E-01
    1056    1.097925  8.5644E-01
    1057    1.098160  8.5380E-01
    1058    1.098395  8.5114E-01
    1059    1.098630  8.4846E-01
    1060    1.098865  8.4575E-01
    1061    1.099100  8.4302E-01
    1062    1.099335  8.4027E-01
    1063    1.099570  8.3750E-01
    1064    1.099805  8.3471E-01
    1065    1.100040  8.3190E-01
    1066    1.100275  8.2906E-01
    1067    1.100510  8.2619E-01
    1068    1.100745  8.2330E-01
    1069    1.100980  8.2038E-01
    1070    1.101215  8.1743E-01
    1071    1.101450  8.1444E-01
    1072    1.101685  8.1141E-01
    1073    1.101920  8.0833E-01
    1074    1.102155  8.0521E-01
    1075    1.102390  8.0203E-01
    1076    1.102625  7.9879E-01
    1077    1.102860  7.9548E-01
    1078    1.103095  7.9210E-01
    1079    1.103330  7.8864E-01
    1080    1.103565  7.8510E-01
    1081    1.103800  7.8146E-01
    1082    1.104035  7.7772E-01
    1083    1.104270  7.7387E-01
    1084    1.104505  7.6990E-01
    1085    1.104740  7.6582E-01
    1086    1.104975  7.6160E-01
    1087    1.105210  7.5725E-01
    1088    1.105445  7.5276E-01
    1089    1.105680  7.4812E-01
    1090    1.105915  7.4332E-01
    1091    1.106150  7.3836E-01
    1092    1.106385  7.3323E-01
    1093    1.106620  7.2794E-01
    1094    1.106855  7.2246E-01
    1095    1.107090  7.1682E-01
    1096    1.107325  7.1099E-01
    1097    1.107560  7.0497E-01
    1098    1.107795  6.9877E-01
    1099    1.108030  6.9239E-01
    1100    1.108265  6.8582E-01
    1101    1.108500  6.7907E-01
    1102    1.108735  6.7214E-01
    1103    1.108970  6.6502E-01
    1104    1.109205  6.5773E-01
    1105    1.109440  6.5027E-01
    1106    1.109675  6.4264E-01
    1107    1.109910  6.3486E-01
    1108    1.110145  6.2691E-01
    1109    1.110380  6.1883E-01
    1110    1.110615  6.1060E-01
    1111    1.110850  6.0225E-01
    1112    1.111085  5.9377E-01
    1113    1.111320  5.8519E-01
    1114    1.111555  5.7652E-01
    1115    1.111790  5.6776E-01
    1116    1.112025  5.5892E-01
    1117    1.112260  5.5003E-01
    1118    1.112495  5.4109E-01
    1119    1.112730  5.3211E-01
    1120    1.112965  5.2312E-01
    1121    1.113200  5.1412E-01
    1122    1.113435  5.0513E-01
    1123    1.113670  4.9616E-01
    1124    1.113905  4.8723E-01
    1125    1.114140  4.7835E-01
    1126    1.114375  4.6954E-01
    1127    1.114610  4.6080E-01
    1128    1.114845  4.5215E-01
    1129    1.115080  4.4361E-01
    1130    1.115315  4.3519E-01
    1131    1.115550  4.2689E-01
    1132    1.115785  4.1873E-01
    1133    1.116020  4.1073E-01
    1134    1.116255  4.0288E-01
    1135    1.116490  3.9521E-01
    1136    1.116725  3.8771E-01
    1137    1.116960  3.8041E-01
    1138    1.117195  3.7330E-01
    1139    1.117430  3.6639E-01
    1140    1.117665  3.5969E-01
    1141    1.117900  3.5320E-01
    1142    1.118135  3.4693E-01
    1143    1.118370  3.4088E-01
    1144    1.118605  3.3506E-01
    1145    1.118840  3.2946E-01
    1146    1.119075  3.2410E-01
    1147    1.119310  3.1896E-01
    1148    1.119545  3.1405E-01
    1149    1.119780  3.0937E-01
    1150    1.120015  3.0491E-01
    1151    1.120250  3.0069E-01
    1152    1.120485  2.9669E-01
    1153    1.120720  2.9291E-01
    1154    1.120955  2.8935E-01
    1155    1.121190  2.8601E-01
    1156    1.121425  2.8288E-01
    1157    1.121660  2.7996E-01
    1158    1.121895  2.7725E-01
    1159    1.122130  2.7473E-01
    1160    1.122365  2.7242E-01
    1161    1.122600  2.7029E-01
    1162    1.122835  2.6836E-01
    1163    1.123070  2.6661E-01
    1164    1.123305  2.6503E-01
    1165    1.123540  2.6364E-01
    1166    1.123775  2.6241E-01
    1167    1.124010  2.6134E-01
    1168    1.124245  2.6043E-01
    1169    1.124480  2.5968E-01
    1170    1.124715  2.5909E-01
    1171    1.124950  2.5863E-01
    1172    1.125185  2.5833E-01
    1173    1.125420  2.5816E-01
    1174    1.125655  2.5812E-01
    1175    1.125890  2.5822E-01
    1176    1.126125  2.5844E-01
    1177    1.126360  2.5879E-01
    1178    1.126595  2.5927E-01
    1179    1.126830  2.5986E-01
    1180    1.127065  2.6057E-01
    1181    1.127300  2.6139E-01
    1182    1.127535  2.6233E-01
    1183    1.127770  2.6337E-01
    1184    1.128005  2.6452E-01
    1185    1.128240  2.6578E-01
    1186    1.128475  2.6715E-01
    1187    1.128710  2.6862E-01
    1188    1.128945  2.7019E-01
    1189    1.129180  2.7186E-01
    1190    1.129415  2.7364E-01
    1191    1.129650  2.7551E-01
    1192    1.129885  2.7748E-01
    1193    1.130120  2.7955E-01
    1194    1.130355  2.8172E-01
    1195    1.130590  2.8398E-01
    1196    1.130825  2.8633E-01
    1197    1.131060  2.8877E-01
    1198    1.131295  2.9131E-01
    1199    1.131530  2.9393E-01
    1200    1.131765  2.9664E-01
    1201    1.132000  2.9943E-01
    1202    1.132235  3.0229E-01
    1203    1.132470  3.0524E-01
    1204    1.132705  3.0825E-01
    1205    1.132940  3.1133E-01
    1206    1.133175  3.1447E-01
    1207    1.133410  3.1766E-01
    1208    1.133645  3.2090E-01
    1209    1.133880  3.2418E-01
    1210    1.134115  3.2749E-01
    1211    1.134350  3.3083E-01
    1212    1.134585  3.3418E-01
    1213    1.134820  3.3753E-01
    1214    1.135055  3.4088E-01
    1215    1.135290  3.4421E-01
    1216    1.135525  3.4751E-01
    1217    1.135760  3.5078E-01
    1218    1.135995  3.5400E-01
    1219    1.136230  3.5715E-01
    1220    1.136465  3.6023E-01
    1221    1.136700  3.6322E-01
    1222    1.136935  3.6612E-01
    1223    1.137170  3.6891E-01
    1224    1.137405  3.7158E-01
    1225    1.137640  3.7411E-01
    1226    1.137875  3.7651E-01
    1227    1.138110  3.7876E-01
    1228    1.138345  3.8086E-01
    1229    1.138580  3.8278E-01
    1230    1.138815  3.8454E-01
    1231    1.139050  3.8612E-01
    1232    1.139285  3.8752E-01
    1233    1.139520  3.8874E-01
    1234    1.139755  3.8977E-01
    1235    1.139990  3.9062E-01
    1236    1.140225  3.9128E-01
    1237    1.140460  3.9176E-01
    1238    1.140695  3.9207E-01
    1239    1.140930  3.9220E-01
    1240    1.141165  3.9217E-01
    1241    1.141400  3.9198E-01
    1242    1.141635  3.9164E-01
    1243    1.141870  3.9117E-01
    1244    1.142105  3.9057E-01
    1245    1.142340  3.8985E-01
    1246    1.142575  3.8904E-01
    1247    1.142810  3.8814E-01
    1248    1.143045  3.8717E-01
    1249    1.143280  3.8615E-01
    1250    1.143515  3.8508E-01
    1251    1.143750  3.8400E-01
    1252    1.143985  3.8291E-01
    1253    1.144220  3.8183E-01
    1254    1.144455  3.8077E-01
    1255    1.144690  3.7976E-01
    1256    1.144925  3.7881E-01
    1257    1.145160  3.7794E-01
    1258    1.145395  3.7716E-01
    1259    1.145630  3.7648E-01
    1260    1.145865  3.7592E-01
    1261    1.146100  3.7549E-01
    1262    1.146335  3.7520E-01
    1263    1.146570  3.7507E-01
    1264    1.146805  3.7511E-01
    1265    1.147040  3.7533E-01
    1266    1.147275  3.7573E-01
    1267    1.147510  3.7632E-01
    1268    1.147745  3.7711E-01
    1269    1.147980  3.7810E-01
    1270    1.148215  3.7931E-01
    1271    1.148450  3.8072E-01
    1272    1.148685  3.8236E-01
    1273    1.148920  3.8421E-01
    1274    1.149155  3.8629E-01
    1275    1.149390  3.8858E-01
    1276    1.149625  3.9109E-01
    1277    1.149860  3.9383E-01
    1278    1.150095  3.9678E-01
    1279    1.150330  3.9994E-01
    1280    1.150565  4.0332E-01
    1281    1.150800  4.0690E-01
    1282    1.151035  4.1070E-01
    1283    1.151270  4.1469E-01
    1284    1.151505  4.1888E-01
    1285    1.151740  4.2325E-01
    1286    1.151975  4.2782E-01
    1287    1.152210  4.3256E-01
    1288    1.152445  4.3748E-01
    1289    1.152680  4.4256E-01
    1290    1.152915  4.4780E-01
    1291    1.153150  4.5319E-01
    1292    1.153385  4.5873E-01
    1293    1.153620  4.6441E-01
    1294    1.153855  4.7022E-01
    1295    1.154090  4.7615E-01
    1296    1.154325  4.8219E-01
    1297    1.154560  4.8833E-01
    1298    1.154795  4.9458E-01
    1299    1.155030  5.0091E-01
    1300    1.155265  5.0732E-01
    1301    1.155500  5.1379E-01
    1302    1.155735  5.2033E-01
    1303    1.155970  5.2691E-01
    1304    1.156205  5.3354E-01
    1305    1.156440  5.4019E-01
    1306    1.156675  5.4687E-01
    1307    1.156910  5.5355E-01
    1308    1.157145  5.6024E-01
    1309    1.157380  5.6691E-01
    1310    1.157615  5.7356E-01
    1311    1.157850  5.8019E-01
    1312    1.158085  5.8677E-01
    1313    1.158320  5.9330E-01
    1314    1.158555  5.9978E-01
    1315    1.158790  6.0618E-01
    1316    1.159025  6.1251E-01
    1317    1.159260  6.1876E-01
    1318    1.159495  6.2490E-01
    1319    1.159730  6.3095E-01
    1320    1.159965  6.3689E-01
    1321    1.160200  6.4271E-01
    1322    1.160435  6.4841E-01
    1323    1.160670  6.5398E-01
    1324    1.160905  6.5942E-01
    1325    1.161140  6.6473E-01
    1326    1.161375  6.6989E-01
    1327    1.161610  6.7491E-01
    1328    1.161845  6.7978E-01
    1329    1.162080  6.8450E-01
    1330    1.162315  6.8908E-01
    1331    1.162550  6.9350E-01
    1332    1.162785  6.9778E-01
    1333    1.163020  7.0191E-01
    1334    1.163255  7.0590E-01
    1335    1.163490  7.0974E-01
    1336    1.163725  7.1344E-01
    1337    1.163960  7.1701E-01
    1338    1.164195  7.2044E-01
    1339    1.164430  7.2375E-01
    1340    1.164665  7.2694E-01
    1341    1.164900  7.3001E-01
    1342    1.165135  7.3297E-01
    1343    1.165370  7.3582E-01
    1344    1.165605  7.3857E-01
    1345    1.165840  7.4123E-01
    1346    1.166075  7.4381E-01
    1347    1.166310  7.4630E-01
    1348    1.166545  7.4872E-01
    1349    1.166780  7.5107E-01
    1350    1.167015  7.5336E-01
    1351    1.167250  7.5559E-01
    1352    1.167485  7.5777E-01
    1353    1.167720  7.5990E-01
    1354    1.167955  7.6199E-01
    1355    1.168190  7.6404E-01
    1356    1.168425  7.6606E-01
    1357    1.168660  7.6805E-01
    1358    1.168895  7.7001E-01
    1359    1.169130  7.7194E-01
    1360    1.169365  7.7386E-01
    1361    1.169600  7.7575E-01
    1362    1.169835  7.7762E-01
    1363    1.170070  7.7947E-01
    1364    1.170305  7.8131E-01
    1365    1.170540  7.8313E-01
    1366    1.170775  7.8493E-01
    1367    1.171010  7.8671E-01
    1368    1.171245  7.8847E-01
    1369    1.171480  7.9022E-01
    1370    1.171715  7.9194E-01
    1371    1.171950  7.9364E-01
    1372    1.172185  7.9531E-01
    1373    1.172420  7.9696E-01
    1374    1.172655  7.9859E-01
    1375    1.172890  8.0018E-01
    1376    1.173125  8.0175E-01
    1377    1.173360  8.0328E-01
    1378    1.173595  8.0478E-01
    1379    1.173830  8.0625E-01
    1380    1.174065  8.0768E-01
    1381    1.174300  8.0907E-01
    1382    1.174535  8.1042E-01
    1383    1.174770  8.1173E-01
    1384    1.175005  8.1301E-01
    1385    1.175240  8.1423E-01
    1386    1.175475  8.1542E-01
    1387    1.175710  8.1657E-01
    1388    1.175945  8.1767E-01
    1389    1.176180  8.1872E-01
    1390    1.176415  8.1973E-01
    1391    1.176650  8.2070E-01
    1392    1.176885  8.2163E-01
    1393    1.177120  8.2251E-01
    1394    1.177355  8.2334E-01
    1395    1.177590  8.2414E-01
    1396    1.177825  8.2489E-01
    1397    1.178060  8.2561E-01
    1398    1.178295  8.2628E-01
    1399    1.178530  8.2692E-01
    1400    1.178765  8.2752E-01
    1401    1.179000  8.2808E-01
    1402    1.179235  8.2861E-01
    1403    1.179470  8.2911E-01
    1404    1.179705  8.2958E-01
    1405    1.179940  8.3002E-01
    1406    1.180175  8.3044E-01
    1407    1.180410  8.3083E-01
    1408    1.180645  8.3120E-01
    1409    1.180880  8.3155E-01
    1410    1.181115  8.3189E-01
    1411    1.181350  8.3222E-01
    1412    1.181585  8.3253E-01
    1413    1.181820  8.3284E-01
    1414    1.182055  8.3315E-01
    1415    1.182290  8.3345E-01
    1416    1.182525  8.3376E-01
    1417    1.182760  8.3407E-01
    1418    1.182995  8.3440E-01
    1419    1.183230  8.3473E-01
    1420    1.183465  8.3509E-01
    1421    1.183700  8.3546E-01
    1422    1.183935  8.3585E-01
    1423    1.184170  8.3627E-01
    1424    1.184405  8.3672E-01
    1425    1.184640  8.3721E-01
    1426    1.184875  8.3772E-01
    1427    1.185110  8.3828E-01
    1428    1.185345  8.3887E-01
    1429    1.185580  8.3951E-01
    1430    1.185815  8.4019E-01
    1431    1.186050  8.4091E-01
    1432    1.186285  8.4168E-01
    1433    1.186520  8.4250E-01
    1434    1.186755  8.4336E-01
    1435    1.186990  8.4427E-01
    1436    1.187225  8.4522E-01
    1437    1.187460  8.4621E-01
    1438    1.187695  8.4724E-01
    1439    1.187930  8.4831E-01
    1440    1.188165  8.4942E-01
    1441    1.188400  8.5055E-01
    1442    1.188635  8.5171E-01
    1443    1.188870  8.5289E-01
    1444    1.189105  8.5409E-01
    1445    1.189340  8.5529E-01
    1446    1.189575  8.5650E-01
    1447    1.189810  8.5771E-01
    1448    1.190045  8.5890E-01
    1449    1.190280  8.6007E-01
    1450    1.190515  8.6122E-01
    1451    1.190750  8.6234E-01
    1452    1.190985  8.6342E-01
    1453    1.191220  8.6444E-01
    1454    1.191455  8.6541E-01
    1455    1.191690  8.6632E-01
    1456    1.191925  8.6716E-01
    1457    1.192160  8.6792E-01
    1458    1.192395  8.6859E-01
    1459    1.192630  8.6918E-01
    1460    1.192865  8.6968E-01
    1461    1.193100  8.7007E-01
    1462    1.193335  8.7037E-01
    1463    1.193570  8.7056E-01
    1464    1.193805  8.7064E-01
    1465    1.194040  8.7061E-01
    1466    1.194275  8.7048E-01
    1467    1.194510  8.7024E-01
    1468    1.194745  8.6989E-01
    1469    1.194980  8.6944E-01
    1470    1.195215  8.6888E-01
    1471    1.195450  8.6823E-01
    1472    1.195685  8.6749E-01
    1473    1.195920  8.6666E-01
    1474    1.196155  8.6575E-01
    1475    1.196390  8.6477E-01
    1476    1.196625  8.6372E-01
    1477    1.196860  8.6261E-01
    1478    1.197095  8.6145E-01
    1479    1.197330  8.6025E-01
    1480    1.197565  8.5902E-01
    1481    1.197800  8.5776E-01
    1482    1.198035  8.5649E-01
    1483    1.198270  8.5521E-01
    1484    1.198505  8.5394E-01
    1485    1.198740  8.5268E-01
    1486    1.198975  8.5144E-01
    1487    1.199210  8.5023E-01
    1488    1.199445  8.4905E-01
    1489    1.199680  8.4793E-01
    1490    1.199915  8.4685E-01
    1491    1.200150  8.4583E-01
    1492    1.200385  8.4488E-01
    1493    1.200620  8.4400E-01
    1494    1.200855  8.4319E-01
    1495    1.201090  8.4247E-01
    1496    1.201325  8.4182E-01
    1497    1.201560  8.4127E-01
    1498    1.201795  8.4080E-01
    1499    1.202030  8.4042E-01
    1500    1.202265  8.4014E-01
    1501    1.202500  8.3995E-01
    1502    1.202735  8.3985E-01
    1503    1.202970  8.3985E-01
    1504    1.203205  8.3993E-01
    1505    1.203440  8.4011E-01
    1506    1.203675  8.4038E-01
    1507    1.203910  8.4074E-01
    1508    1.204145  8.4119E-01
    1509    1.204380  8.4172E-01
    1510    1.204615  8.4233E-01
    1511    1.204850  8.4302E-01
    1512    1.205085  8.4379E-01
    1513    1.205320  8.4463E-01
    1514    1.205555  8.4554E-01
    1515    1.205790  8.4651E-01
    1516    1.206025  8.4755E-01
    1517    1.206260  8.4864E-01
    1518    1.206495  8.4980E-01
    1519    1.206730  8.5100E-01
    1520    1.206965  8.5225E-01
    1521    1.207200  8.5355E-01
    1522    1.207435  8.5489E-01
    1523    1.207670  8.5627E-01
    1524    1.207905  8.5769E-01
    1525    1.208140  8.5913E-01
    1526    1.208375  8.6061E-01
    1527    1.208610  8.6211E-01
    1528    1.208845  8.6363E-01
    1529    1.209080  8.6517E-01
    1530    1.209315  8.6673E-01
    1531    1.209550  8.6830E-01
    1532    1.209785  8.6989E-01
    1533    1.210020  8.7148E-01
    1534    1.210255  8.7308E-01
    1535    1.210490  8.7468E-01
    1536    1.210725  8.7628E-01
    1537    1.210960  8.7788E-01
    1538    1.211195  8.7948E-01
    1539    1.211430  8.8108E-01
    1540    1.211665  8.8266E-01
    1541    1.211900  8.8424E-01
    1542    1.212135  8.8581E-01
    1543    1.212370  8.8736E-01
    1544    1.212605  8.8891E-01
    1545    1.212840  8.9043E-01
    1546    1.213075  8.9195E-01
    1547    1.213310  8.9344E-01
    1548    1.213545  8.9492E-01
    1549    1.213780  8.9638E-01
    1550    1.214015  8.9781E-01
    1551    1.214250  8.9923E-01
    1552    1.214485  9.0063E-01
    1553    1.214720  9.0200E-01
    1554    1.214955  9.0335E-01
    1555    1.215190  9.0468E-01
    1556    1.215425  9.0599E-01
    1557    1.215660  9.0728E-01
    1558    1.215895  9.0854E-01
    1559    1.216130  9.0978E-01
    1560    1.216365  9.1100E-01
    1561    1.216600  9.1220E-01
    1562    1.216835  9.1338E-01
    1563    1.217070  9.1454E-01
    1564    1.217305  9.1567E-01
    1565    1.217540  9.1679E-01
    1566    1.217775  9.1789E-01
    1567    1.218010  9.1897E-01
    1568    1.218245  9.2003E-01
    1569    1.218480  9.2108E-01
    1570    1.218715  9.2211E-01
    1571    1.218950  9.2313E-01
    1572    1.219185  9.2413E-01
    1573    1.219420  9.2512E-01
    1574    1.219655  9.2610E-01
    1575    1.219890  9.2706E-01
    1576    1.220125  9.2802E-01
    1577    1.220360  9.2896E-01
    1578    1.220595  9.2990E-01
    1579    1.220830  9.3083E-01
    1580    1.221065  9.3175E-01
    1581    1.221300  9.3267E-01
    1582    1.221535  9.3358E-01
    1583    1.221770  9.3448E-01
    1584    1.222005  9.3538E-01
    1585    1.222240  9.3628E-01
    1586    1.222475  9.3718E-01
    1587    1.222710  9.3807E-01
    1588    1.222945  9.3896E-01
    1589    1.223180  9.3984E-01
    1590    1.223415  9.4073E-01
    1591    1.223650  9.4161E-01
    1592    1.223885  9.4250E-01
    1593    1.224120  9.4338E-01
    1594    1.224355  9.4427E-01
    1595    1.224590  9.4515E-01
    1596    1.224825  9.4604E-01
    1597    1.225060  9.4692E-01
    1598    1.225295  9.4781E-01
    1599    1.225530  9.4870E-01
    1600    1.225765  9.4960E-01
    1601    1.226000  9.5049E-01
    1602    1.226235  9.5139E-01
    1603    1.226470  9.5229E-01
    1604    1.226705  9.5319E-01
    1605    1.226940  9.5410E-01
    1606    1.227175  9.5501E-01
    1607    1.227410  9.5592E-01
    1608    1.227645  9.5684E-01
    1609    1.227880  9.5776E-01
    1610    1.228115  9.5868E-01
    1611    1.228350  9.5961E-01
    1612    1.228585  9.6054E-01
    1613    1.228820  9.6147E-01
    1614    1.229055  9.6241E-01
    1615    1.229290  9.6335E-01
    1616    1.229525  9.6429E-01
    1617    1.229760  9.6523E-01
    1618    1.229995  9.6618E-01
    1619    1.230230  9.6712E-01
    1620    1.230465  9.6806E-01
    1621    1.230700  9.6901E-01
    1622    1.230935  9.6995E-01
    1623    1.231170  9.7089E-01
    1624    1.231405  9.7182E-01
    1625    1.231640  9.7275E-01
    1626    1.231875  9.7367E-01
    1627    1.232110  9.7459E-01
    1628    1.232345  9.7550E-01
    1629    1.232580  9.7640E-01
    1630    1.232815  9.7729E-01
    1631    1.233050  9.7817E-01
    1632    1.233285  9.7903E-01
    1633    1.233520  9.7989E-01
    1634    1.233755  9.8072E-01
    1635    1.233990  9.8155E-01
    1636    1.234225  9.8235E-01
    1637    1.234460  9.8314E-01
    1638    1.234695  9.8390E-01
    1639    1.234930  9.8465E-01
    1640    1.235165  9.8538E-01
    1641    1.235400  9.8609E-01
    1642    1.235635  9.8677E-01
    1643    1.235870  9.8743E-01
    1644    1.236105  9.8807E-01
    1645    1.236340  9.8868E-01
    1646    1.236575  9.8928E-01
    1647    1.236810  9.8984E-01
    1648    1.237045  9.9038E-01
    1649    1.237280  9.9090E-01
    1650    1.237515  9.9140E-01
    1651    1.237750  9.9187E-01
    1652    1.237985  9.9231E-01
    1653    1.238220  9.9274E-01
    1654    1.238455  9.9313E-01
    1655    1.238690  9.9351E-01
    1656    1.238925  9.9386E-01
    1657    1.239160  9.9419E-01
    1658    1.239395  9.9450E-01
    1659    1.239630  9.9479E-01
    1660    1.239865  9.9506E-01
    1661    1.240100  9.9531E-01
    1662    1.240335  9.9554E-01
    1663    1.240570  9.9575E-01
    1664    1.240805  9.9594E-01
    1665    1.241040  9.9612E-01
    1666    1.241275  9.9628E-01
    1667    1.241510  9.9642E-01
    1668    1.241745  9.9655E-01
    1669    1.241980  9.9667E-01
    1670    1.242215  9.9677E-01
    1671    1.242450  9.9686E-01
    1672    1.242685  9.9693E-01
    1673    1.242920  9.9699E-01
    1674    1.243155  9.9705E-01
    1675    1.243390  9.9709E-01
    1676    1.243625  9.9711E-01
    1677    1.243860  9.9713E-01
    1678    1.244095  9.9714E-01
    1679    1.244330  9.9714E-01
    1680    1.244565  9.9713E-01
    1681    1.244800  9.9711E-01
    1682    1.245035  9.9708E-01
    1683    1.245270  9.9704E-01
    1684    1.245505  9.9699E-01
    1685    1.245740  9.9693E-01
    1686    1.245975  9.9686E-01
    1687    1.246210  9.9679E-01
    1688    1.246445  9.9670E-01
    1689    1.246680  9.9660E-01
    1690    1.246915  9.9649E-01
    1691    1.247150  9.9637E-01
    1692    1.247385  9.9624E-01
    1693    1.247620  9.9609E-01
    1694    1.247855  9.9594E-01
    1695    1.248090  9.9577E-01
    1696    1.248325  9.9559E-01
    1697    1.248560  9.9539E-01
    1698    1.248795  9.9518E-01
    1699    1.249030  9.9495E-01
    1700    1.249265  9.9471E-01
    1701    1.249500  9.9445E-01
    1702    1.249735  9.9417E-01
    1703    1.249970  9.9387E-01
    1704    1.250205  9.9356E-01
    1705    1.250440  9.9322E-01
    1706    1.250675  9.9286E-01
    1707    1.250910  9.9248E-01
    1708    1.251145  9.9208E-01
    1709    1.251380  9.9165E-01
    1710    1.251615  9.9120E-01
    1711    1.251850  9.9073E-01
    1712    1.252085  9.9023E-01
    1713    1.252320  9.8970E-01
    1714    1.252555  9.8914E-01
    1715    1.252790  9.8856E-01
    1716    1.253025  9.8795E-01
    1717    1.253260  9.8731E-01
    1718    1.253495  9.8663E-01
    1719    1.253730  9.8593E-01
    1720    1.253965  9.8520E-01
    1721    1.254200  9.8444E-01
    1722    1.254435  9.8365E-01
    1723    1.254670  9.8282E-01
    1724    1.254905  9.8197E-01
    1725    1.255140  9.8109E-01
    1726    1.255375  9.8017E-01
    1727    1.255610  9.7923E-01
    1728    1.255845  9.7826E-01
    1729    1.256080  9.7726E-01
    1730    1.256315  9.7623E-01
    1731    1.256550  9.7518E-01
    1732    1.256785  9.7411E-01
    1733    1.257020  9.7301E-01
    1734    1.257255  9.7189E-01
    1735    1.257490  9.7075E-01
    1736    1.257725  9.6959E-01
    1737    1.257960  9.6842E-01
    1738    1.258195  9.6723E-01
    1739    1.258430  9.6603E-01
    1740    1.258665  9.6482E-01
    1741    1.258900  9.6361E-01
    1742    1.259135  9.6239E-01
    1743    1.259370  9.6116E-01
    1744    1.259605  9.5994E-01
    1745    1.259840  9.5871E-01
    1746    1.260075  9.5749E-01
    1747    1.260310  9.5628E-01
    1748    1.260545  9.5508E-01
    1749    1.260780  9.5389E-01
    1750    1.261015  9.5271E-01
    1751    1.261250  9.5155E-01
    1752    1.261485  9.5040E-01
    1753    1.261720  9.4928E-01
    1754    1.261955  9.4818E-01
    1755    1.262190  9.4711E-01
    1756    1.262425  9.4606E-01
    1757    1.262660  9.4504E-01
    1758    1.262895  9.4404E-01
    1759    1.263130  9.4308E-01
    1760    1.263365  9.4215E-01
    1761    1.263600  9.4126E-01
    1762    1.263835  9.4040E-01
    1763    1.264070  9.3957E-01
    1764    1.264305  9.3878E-01
    1765    1.264540  9.3803E-01
    1766    1.264775  9.3731E-01
    1767    1.265010  9.3663E-01
    1768    1.265245  9.3599E-01
    1769    1.265480  9.3539E-01
    1770    1.265715  9.3482E-01
    1771    1.265950  9.3429E-01
    1772    1.266185  9.3380E-01
    1773    1.266420  9.3335E-01
    1774    1.266655  9.3293E-01
    1775    1.266890  9.3256E-01
    1776    1.267125  9.3222E-01
    1777    1.267360  9.3191E-01
    1778    1.267595  9.3164E-01
    1779    1.267830  9.3141E-01
    1780    1.268065  9.3121E-01
    1781    1.268300  9.3105E-01
    1782    1.268535  9.3092E-01
    1783    1.268770  9.3082E-01
    1784    1.269005  9.3076E-01
    1785    1.269240  9.3073E-01
    1786    1.269475  9.3074E-01
    1787    1.269710  9.3077E-01
    1788    1.269945  9.3085E-01
    1789    1.270180  9.3095E-01
    1790    1.270415  9.3109E-01
    1791    1.270650  9.3126E-01
    1792    1.270885  9.3146E-01
    1793    1.271120  9.3170E-01
    1794    1.271355  9.3197E-01
    1795    1.271590  9.3227E-01
    1796    1.271825  9.3261E-01
    1797    1.272060  9.3298E-01
    1798    1.272295  9.3339E-01
    1799    1.272530  9.3383E-01
    1800    1.272765  9.3431E-01
    1801    1.273000  9.3482E-01
    1802    1.273235  9.3537E-01
    1803    1.273470  9.3596E-01
    1804    1.273705  9.3658E-01
    1805    1.273940  9.3724E-01
    1806    1.274175  9.3793E-01
    1807    1.274410  9.3866E-01
    1808    1.274645  9.3943E-01
    1809    1.274880  9.4024E-01
    1810    1.275115  9.4107E-01
    1811    1.275350  9.4195E-01
    1812    1.275585  9.4285E-01
    1813    1.275820  9.4379E-01
    1814    1.276055  9.4476E-01
    1815    1.276290  9.4576E-01
    1816    1.276525  9.4679E-01
    1817    1.276760  9.4784E-01
    1818    1.276995  9.4892E-01
    1819    1.277230  9.5002E-01
    1820    1.277465  9.5114E-01
    1821    1.277700  9.5228E-01
    1822    1.277935  9.5343E-01
    1823    1.278170  9.5459E-01
    1824    1.278405  9.5576E-01
    1825    1.278640  9.5694E-01
    1826    1.278875  9.5812E-01
    1827    1.279110  9.5930E-01
    1828    1.279345  9.6047E-01
    1829    1.279580  9.6164E-01
    1830    1.279815  9.6279E-01
    1831    1.280050  9.6393E-01
    1832    1.280285  9.6506E-01
    1833    1.280520  9.6616E-01
    1834    1.280755  9.6724E-01
    1835    1.280990  9.6830E-01
    1836    1.281225  9.6932E-01
    1837    1.281460  9.7031E-01
    1838    1.281695  9.7127E-01
    1839    1.281930  9.7219E-01
    1840    1.282165  9.7307E-01
    1841    1.282400  9.7391E-01
    1842    1.282635  9.7471E-01
    1843    1.282870  9.7546E-01
    1844    1.283105  9.7617E-01
    1845    1.283340  9.7683E-01
    1846    1.283575  9.7743E-01
    1847    1.283810  9.7799E-01
    1848    1.284045  9.7850E-01
    1849    1.284280  9.7895E-01
    1850    1.284515  9.7935E-01
    1851    1.284750  9.7970E-01
    1852    1.284985  9.8000E-01
    1853    1.285220  9.8024E-01
    1854    1.285455  9.8043E-01
    1855    1.285690  9.8057E-01
    1856    1.285925  9.8065E-01
    1857    1.286160  9.8068E-01
    1858    1.286395  9.8066E-01
    1859    1.286630  9.8059E-01
    1860    1.286865  9.8046E-01
    1861    1.287100  9.8028E-01
    1862    1.287335  9.8005E-01
    1863    1.287570  9.7977E-01
    1864    1.287805  9.7944E-01
    1865    1.288040  9.7906E-01
    1866    1.288275  9.7863E-01
    1867    1.288510  9.7815E-01
    1868    1.288745  9.7762E-01
    1869    1.288980  9.7704E-01
    1870    1.289215  9.7641E-01
    1871    1.289450  9.7573E-01
    1872    1.289685  9.7501E-01
    1873    1.289920  9.7424E-01
    1874    1.290155  9.7342E-01
    1875    1.290390  9.7256E-01
    1876    1.290625  9.7165E-01
    1877    1.290860  9.7069E-01
    1878    1.291095  9.6969E-01
    1879    1.291330  9.6864E-01
    1880    1.291565  9.6755E-01
    1881    1.291800  9.6641E-01
    1882    1.292035  9.6523E-01
    1883    1.292270  9.6400E-01
    1884    1.292505  9.6273E-01
    1885    1.292740  9.6142E-01
    1886    1.292975  9.6007E-01
    1887    1.293210  9.5867E-01
    1888    1.293445  9.5723E-01
    1889    1.293680  9.5575E-01
    1890    1.293915  9.5423E-01
    1891    1.294150  9.5268E-01
    1892    1.294385  9.5108E-01
    1893    1.294620  9.4944E-01
    1894    1.294855  9.4776E-01
    1895    1.295090  9.4605E-01
    1896    1.295325  9.4430E-01
    1897    1.295560  9.4251E-01
    1898    1.295795  9.4069E-01
    1899    1.296030  9.3883E-01
    1900    1.296265  9.3694E-01
    1901    1.296500  9.3501E-01
    1902    1.296735  9.3305E-01
    1903    1.296970  9.3106E-01
    1904    1.297205  9.2904E-01
    1905    1.297440  9.2698E-01
    1906    1.297675  9.2490E-01
    1907    1.297910  9.2278E-01
    1908    1.298145  9.2064E-01
    1909    1.298380  9.1847E-01
    1910    1.298615  9.1627E-01
    1911    1.298850  9.1405E-01
    1912    1.299085  9.1181E-01
    1913    1.299320  9.0954E-01
    1914    1.299555  9.0725E-01
    1915    1.299790  9.0494E-01
    1916    1.300025  9.0261E-01
    1917    1.300260  9.0026E-01
    1918    1.300495  8.9789E-01
    1919    1.300730  8.9551E-01
    1920    1.300965  8.9312E-01
    1921    1.301200  8.9072E-01
    1922    1.301435  8.8830E-01
    1923    1.301670  8.8588E-01
    1924    1.301905  8.8345E-01
    1925    1.302140  8.8101E-01
    1926    1.302375  8.7857E-01
    1927    1.302610  8.7612E-01
    1928    1.302845  8.7367E-01
    1929    1.303080  8.7123E-01
    1930    1.303315  8.6878E-01
    1931    1.303550  8.6634E-01
    1932    1.303785  8.6390E-01
    1933    1.304020  8.6146E-01
    1934    1.304255  8.5903E-01
    1935    1.304490  8.5660E-01
    1936    1.304725  8.5419E-01
    1937    1.304960  8.5178E-01
    1938    1.305195  8.4938E-01
    1939    1.305430  8.4699E-01
    1940    1.305665  8.4461E-01
    1941    1.305900  8.4224E-01
    1942    1.306135  8.3988E-01
    1943    1.306370  8.3754E-01
    1944    1.306605  8.3521E-01
    1945    1.306840  8.3289E-01
    1946    1.307075  8.3059E-01
    1947    1.307310  8.2830E-01
    1948    1.307545  8.2603E-01
    1949    1.307780  8.2377E-01
    1950    1.308015  8.2154E-01
    1951    1.308250  8.1932E-01
    1952    1.308485  8.1712E-01
    1953    1.308720  8.1495E-01
    1954    1.308955  8.1279E-01
    1955    1.309190  8.1066E-01
    1956    1.309425  8.0855E-01
    1957    1.309660  8.0647E-01
    1958    1.309895  8.0441E-01
    1959    1.310130  8.0238E-01
    1960    1.310365  8.0038E-01
    1961    1.310600  7.9840E-01
    1962    1.310835  7.9646E-01
    1963    1.311070  7.9455E-01
    1964    1.311305  7.9267E-01
    1965    1.311540  7.9082E-01
    1966    1.311775  7.8901E-01
    1967    1.312010  7.8723E-01
    1968    1.312245  7.8549E-01
    1969    1.312480  7.8378E-01
    1970    1.312715  7.8211E-01
    1971    1.312950  7.8047E-01
    1972    1.313185  7.7887E-01
    1973    1.313420  7.7731E-01
    1974    1.313655  7.7579E-01
    1975    1.313890  7.7430E-01
    1976    1.314125  7.7285E-01
    1977    1.314360  7.7143E-01
    1978    1.314595  7.7006E-01
    1979    1.314830  7.6871E-01
    1980    1.315065  7.6740E-01
    1981    1.315300  7.6612E-01
    1982    1.315535  7.6487E-01
    1983    1.315770  7.6366E-01
    1984    1.316005  7.6247E-01
    1985    1.316240  7.6131E-01
    1986    1.316475  7.6017E-01
    1987    1.316710  7.5906E-01
    1988    1.316945  7.5796E-01
    1989    1.317180  7.5689E-01
    1990    1.317415  7.5583E-01
    1991    1.317650  7.5477E-01
    1992    1.317885  7.5373E-01
    1993    1.318120  7.5269E-01
    1994    1.318355  7.5165E-01
    1995    1.318590  7.5061E-01
    1996    1.318825  7.4955E-01
    1997    1.319060  7.4849E-01
    1998    1.319295  7.4740E-01
    1999    1.319530  7.4629E-01
    2000    1.319765  7.4514E-01
    2001    1.320000  7.4396E-01
    2002    1.320235  7.4273E-01
    2003    1.320470  7.4146E-01
    2004    1.320705  7.4013E-01
    2005    1.320940  7.3873E-01
    2006    1.321175  7.3726E-01
    2007    1.321410  7.3572E-01
    2008    1.321645  7.3409E-01
    2009    1.321880  7.3237E-01
    2010    1.322115  7.3055E-01
    2011    1.322350  7.2863E-01
    2012    1.322585  7.2659E-01
    2013    1.322820  7.2444E-01
    2014    1.323055  7.2217E-01
    2015    1.323290  7.1977E-01
    2016    1.323525  7.1724E-01
    2017    1.323760  7.1458E-01
    2018    1.323995  7.1177E-01
    2019    1.324230  7.0882E-01
    2020    1.324465  7.0574E-01
    2021    1.324700  7.0250E-01
    2022    1.324935  6.9913E-01
    2023    1.325170  6.9561E-01
    2024    1.325405  6.9194E-01
    2025    1.325640  6.8814E-01
    2026    1.325875  6.8420E-01
    2027    1.326110  6.8013E-01
    2028    1.326345  6.7594E-01
    2029    1.326580  6.7162E-01
    2030    1.326815  6.6719E-01
    2031    1.327050  6.6265E-01
    2032    1.327285  6.5801E-01
    2033    1.327520  6.5328E-01
    2034    1.327755  6.4846E-01
    2035    1.327990  6.4358E-01
    2036    1.328225  6.3863E-01
    2037    1.328460  6.3363E-01
    2038    1.328695  6.2859E-01
    2039    1.328930  6.2351E-01
    2040    1.329165  6.1841E-01
    2041    1.329400  6.1330E-01
    2042    1.329635  6.0819E-01
    2043    1.329870  6.0309E-01
    2044    1.330105  5.9800E-01
    2045    1.330340  5.9294E-01
    2046    1.330575  5.8791E-01
    2047    1.330810  5.8292E-01
    2048    1.331045  5.7798E-01
    2049    1.331280  5.7308E-01
    2050    1.331515  5.6825E-01
    2051    1.331750  5.6348E-01
    2052    1.331985  5.5877E-01
    2053    1.332220  5.5412E-01
    2054    1.332455  5.4954E-01
    2055    1.332690  5.4503E-01
    2056    1.332925  5.4058E-01
    2057    1.333160  5.3619E-01
    2058    1.333395  5.3186E-01
    2059    1.333630  5.2759E-01
    2060    1.333865  5.2337E-01
    2061    1.334100  5.1919E-01
    2062    1.334335  5.1505E-01
    2063    1.334570  5.1094E-01
    2064    1.334805  5.0685E-01
    2065    1.335040  5.0278E-01
    2066    1.335275  4.9871E-01
    2067    1.335510  4.9464E-01
    2068    1.335745  4.9056E-01
    2069    1.335980  4.8645E-01
    2070    1.336215  4.8231E-01
    2071    1.336450  4.7812E-01
    2072    1.336685  4.7389E-01
    2073    1.336920  4.6959E-01
    2074    1.337155  4.6522E-01
    2075    1.337390  4.6077E-01
    2076    1.337625  4.5623E-01
    2077    1.337860  4.5159E-01
    2078    1.338095  4.4685E-01
    2079    1.338330  4.4200E-01
    2080    1.338565  4.3703E-01
    2081    1.338800  4.3194E-01
    2082    1.339035  4.2671E-01
    2083    1.339270  4.2136E-01
    2084    1.339505  4.1587E-01
    2085    1.339740  4.1024E-01
    2086    1.339975  4.0446E-01
    2087    1.340210  3.9855E-01
    2088    1.340445  3.9250E-01
    2089    1.340680  3.8630E-01
    2090    1.340915  3.7997E-01
    2091    1.341150  3.7350E-01
    2092    1.341385  3.6689E-01
    2093    1.341620  3.6015E-01
    2094    1.341855  3.5329E-01
    2095    1.342090  3.4631E-01
    2096    1.342325  3.3922E-01
    2097    1.342560  3.3201E-01
    2098    1.342795  3.2471E-01
    2099    1.343030  3.1732E-01
    2100    1.343265  3.0984E-01
    2101    1.343500  3.0228E-01
    2102    1.343735  2.9466E-01
    2103    1.343970  2.8698E-01
    2104    1.344205  2.7926E-01
    2105    1.344440  2.7150E-01
    2106    1.344675  2.6371E-01
    2107    1.344910  2.5591E-01
    2108    1.345145  2.4810E-01
    2109    1.345380  2.4030E-01
    2110    1.345615  2.3252E-01
    2111    1.345850  2.2476E-01
    2112    1.346085  2.1705E-01
    2113    1.346320  2.0938E-01
    2114    1.346555  2.0178E-01
    2115    1.346790  1.9424E-01
    2116    1.347025  1.8679E-01
    2117    1.347260  1.7942E-01
    2118    1.347495  1.7216E-01
    2119    1.347730  1.6501E-01
    2120    1.347965  1.5797E-01
    2121    1.348200  1.5106E-01
    2122    1.348435  1.4429E-01
    2123    1.348670  1.3765E-01
    2124    1.348905  1.3117E-01
    2125    1.349140  1.2484E-01
    2126    1.349375  1.1867E-01
    2127    1.349610  1.1267E-01
    2128    1.349845  1.0684E-01
    2129    1.350080  1.0118E-01
    2130    1.350315  9.5702E-02
    2131    1.350550  9.0404E-02
    2132    1.350785  8.5289E-02
    2133    1.351020  8.0358E-02
    2134    1.351255  7.5613E-02
    2135    1.351490  7.1053E-02
    2136    1.351725  6.6679E-02
    2137    1.351960  6.2490E-02
    2138    1.352195  5.8485E-02
    2139    1.352430  5.4661E-02
    2140    1.352665  5.1017E-02
    2141    1.352900  4.7549E-02
    2142    1.353135  4.4256E-02
    2143    1.353370  4.1133E-02
    2144    1.353605  3.8176E-02
    2145    1.353840  3.5381E-02
    2146    1.354075  3.2744E-02
    2147    1.354310  3.0260E-02
    2148    1.354545  2.7925E-02
    2149    1.354780  2.5732E-02
    2150    1.355015  2.3677E-02
    2151    1.355250  2.1755E-02
    2152    1.355485  1.9959E-02
    2153    1.355720  1.8285E-02
    2154    1.355955  1.6727E-02
    2155    1.356190  1.5279E-02
    2156    1.356425  1.3936E-02
    2157    1.356660  1.2693E-02
    2158    1.356895  1.1544E-02
    2159    1.357130  1.0483E-02
    2160    1.357365  9.5065E-03
    2161    1.357600  8.6085E-03
    2162    1.357835  7.7843E-03
    2163    1.358070  7.0293E-03
    2164    1.358305  6.3388E-03
    2165    1.358540  5.7086E-03
    2166    1.358775  5.1343E-03
    2167    1.359010  4.6122E-03
    2168    1.359245  4.1382E-03
    2169    1.359480  3.7090E-03
    2170    1.359715  3.3209E-03
    2171    1.359950  2.9708E-03
    2172    1.360185  2.6558E-03
    2173    1.360420  2.3728E-03
    2174    1.360655  2.1193E-03
    2175    1.360890  1.8929E-03
    2176    1.361125  1.6911E-03
    2177    1.361360  1.5120E-03
    2178    1.361595  1.3534E-03
    2179    1.361830  1.2137E-03
    2180    1.362065  1.0910E-03
    2181    1.362300  9.8400E-04
    2182    1.362535  8.9121E-04
    2183    1.362770  8.1138E-04
    2184    1.363005  7.4337E-04
    2185    1.363240  6.8617E-04
    2186    1.363475  6.3885E-04
    2187    1.363710  6.0058E-04
    2188    1.363945  5.7064E-04
    2189    1.364180  5.4837E-04
    2190    1.364415  5.3322E-04
    2191    1.364650  5.2468E-04
    2192    1.364885  5.2231E-04
    2193    1.365120  5.2575E-04
    2194    1.365355  5.3467E-04
    2195    1.365590  5.4879E-04
    2196    1.365825  5.6790E-04
    2197    1.366060  5.9177E-04
    2198    1.366295  6.2027E-04
    2199    1.366530  6.5323E-04
    2200    1.366765  6.9055E-04
    2201    1.367000  7.3211E-04
    2202    1.367235  7.7784E-04
    2203    1.367470  8.2766E-04
    2204    1.367705  8.8147E-04
    2205    1.367940  9.3921E-04
    2206    1.368175  1.0008E-03
    2207    1.368410  1.0661E-03
    2208    1.368645  1.1351E-03
    2209    1.368880  1.2077E-03
    2210    1.369115  1.2837E-03
    2211    1.369350  1.3629E-03
    2212    1.369585  1.4453E-03
    2213    1.369820  1.5306E-03
    2214    1.370055  1.6186E-03
    2215    1.370290  1.7092E-03
    2216    1.370525  1.8019E-03
    2217    1.370760  1.8967E-03
    2218    1.370995  1.9931E-03
    2219    1.371230  2.0908E-03
    2220    1.371465  2.1896E-03
    2221    1.371700  2.2890E-03
    2222    1.371935  2.3886E-03
    2223    1.372170  2.4880E-03
    2224    1.372405  2.5869E-03
    2225    1.372640  2.6847E-03
    2226    1.372875  2.7811E-03
    2227    1.373110  2.8756E-03
    2228    1.373345  2.9677E-03
    2229    1.373580  3.0571E-03
    2230    1.373815  3.1432E-03
    2231    1.374050  3.2257E-03
    2232    1.374285  3.3042E-03
    2233    1.374520  3.3782E-03
    2234    1.374755  3.4474E-03
    2235    1.374990  3.5115E-03
    2236    1.375225  3.5702E-03
    2237    1.375460  3.6231E-03
    2238    1.375695  3.6701E-03
    2239    1.375930  3.7110E-03
    2240    1.376165  3.7456E-03
    2241    1.376400  3.7739E-03
    2242    1.376635  3.7957E-03
    2243    1.376870  3.8112E-03
    2244    1.377105  3.8202E-03
    2245    1.377340  3.8230E-03
    2246    1.377575  3.8197E-03
    2247    1.377810  3.8106E-03
    2248    1.378045  3.7957E-03
    2249    1.378280  3.7755E-03
    2250    1.378515  3.7503E-03
    2251    1.378750  3.7204E-03
    2252    1.378985  3.6863E-03
    2253    1.379220  3.6484E-03
    2254    1.379455  3.6071E-03
    2255    1.379690  3.5631E-03
    2256    1.379925  3.5168E-03
    2257    1.380160  3.4687E-03
    2258    1.380395  3.4193E-03
    2259    1.380630  3.3692E-03
    2260    1.380865  3.3190E-03
    2261    1.381100  3.2691E-03
    2262    1.381335  3.2201E-03
    2263    1.381570  3.1725E-03
    2264    1.381805  3.1266E-03
    2265    1.382040  3.0831E-03
    2266    1.382275  3.0422E-03
    2267    1.382510  3.0044E-03
    2268    1.382745  2.9699E-03
    2269    1.382980  2.9392E-03
    2270    1.383215  2.9123E-03
    2271    1.383450  2.8897E-03
    2272    1.383685  2.8713E-03
    2273    1.383920  2.8573E-03
    2274    1.384155  2.8479E-03
    2275    1.384390  2.8429E-03
    2276    1.384625  2.8425E-03
    2277    1.384860  2.8465E-03
    2278    1.385095  2.8548E-03
    2279    1.385330  2.8673E-03
    2280    1.385565  2.8839E-03
    2281    1.385800  2.9043E-03
    2282    1.386035  2.9283E-03
    2283    1.386270  2.9557E-03
    2284    1.386505  2.9863E-03
    2285    1.386740  3.0197E-03
    2286    1.386975  3.0557E-03
    2287    1.387210  3.0940E-03
    2288    1.387445  3.1344E-03
    2289    1.387680  3.1766E-03
    2290    1.387915  3.2203E-03
    2291    1.388150  3.2653E-03
    2292    1.388385  3.3115E-03
    2293    1.388620  3.3585E-03
    2294    1.388855  3.4064E-03
    2295    1.389090  3.4548E-03
    2296    1.389325  3.5038E-03
    2297    1.389560  3.5533E-03
    2298    1.389795  3.6032E-03
    2299    1.390030  3.6535E-03
    2300    1.390265  3.7044E-03
    2301    1.390500  3.7558E-03
    2302    1.390735  3.8078E-03
    2303    1.390970  3.8607E-03
    2304    1.391205  3.9145E-03
    2305    1.391440  3.9695E-03
    2306    1.391675  4.0259E-03
    2307    1.391910  4.0838E-03
    2308    1.392145  4.1436E-03
    2309    1.392380  4.2055E-03
    2310    1.392615  4.2698E-03
    2311    1.392850  4.3367E-03
    2312    1.393085  4.4065E-03
    2313    1.393320  4.4794E-03
    2314    1.393555  4.5556E-03
    2315    1.393790  4.6355E-03
    2316    1.394025  4.7192E-03
    2317    1.394260  4.8068E-03
    2318    1.394495  4.8986E-03
    2319    1.394730  4.9946E-03
    2320    1.394965  5.0949E-03
    2321    1.395200  5.1997E-03
    2322    1.395435  5.3088E-03
    2323    1.395670  5.4223E-03
    2324    1.395905  5.5401E-03
    2325    1.396140  5.6621E-03
    2326    1.396375  5.7882E-03
    2327    1.396610  5.9183E-03
    2328    1.396845  6.0520E-03
    2329    1.397080  6.1893E-03
    2330    1.397315  6.3297E-03
    2331    1.397550  6.4732E-03
    2332    1.397785  6.6193E-03
    2333    1.398020  6.7677E-03
    2334    1.398255  6.9182E-03
    2335    1.398490  7.0705E-03
    2336    1.398725  7.2243E-03
    2337    1.398960  7.3792E-03
    2338    1.399195  7.5350E-03
    2339    1.399430  7.6914E-03
    2340    1.399665  7.8484E-03
    2341    1.399900  8.0056E-03
    2342    1.400135  8.1630E-03
    2343    1.400370  8.3205E-03
    2344    1.400605  8.4780E-03
    2345    1.400840  8.6357E-03
    2346    1.401075  8.7937E-03
    2347    1.401310  8.9520E-03
    2348    1.401545  9.1111E-03
    2349    1.401780  9.2711E-03
    2350    1.402015  9.4325E-03
    2351    1.402250  9.5959E-03
    2352    1.402485  9.7616E-03
    2353    1.402720  9.9304E-03
    2354    1.402955  1.0103E-02
    2355    1.403190  1.0280E-02
    2356    1.403425  1.0462E-02
    2357    1.403660  1.0651E-02
    2358    1.403895  1.0846E-02
    2359    1.404130  1.1050E-02
    2360    1.404365  1.1263E-02
    2361    1.404600  1.1485E-02
    2362    1.404835  1.1719E-02
    2363    1.405070  1.1965E-02
    2364    1.405305  1.2224E-02
    2365    1.405540  1.2497E-02
    2366    1.405775  1.2785E-02
    2367    1.406010  1.3089E-02
    2368    1.406245  1.3410E-02
    2369    1.406480  1.3748E-02
    2370    1.406715  1.4105E-02
    2371    1.406950  1.4480E-02
    2372    1.407185  1.4875E-02
    2373    1.407420  1.5290E-02
    2374    1.407655  1.5726E-02
    2375    1.407890  1.6181E-02
    2376    1.408125  1.6658E-02
    2377    1.408360  1.7154E-02
    2378    1.408595  1.7671E-02
    2379    1.408830  1.8208E-02
    2380    1.409065  1.8765E-02
    2381    1.409300  1.9341E-02
    2382    1.409535  1.9935E-02
    2383    1.409770  2.0548E-02
    2384    1.410005  2.1177E-02
    2385    1.410240  2.1821E-02
    2386    1.410475  2.2481E-02
    2387    1.410710  2.3154E-02
    2388    1.410945  2.3840E-02
    2389    1.411180  2.4538E-02
    2390    1.411415  2.5245E-02
    2391    1.411650  2.5962E-02
    2392    1.411885  2.6686E-02
    2393    1.412120  2.7416E-02
    2394    1.412355  2.8152E-02
    2395    1.412590  2.8891E-02
    2396    1.412825  2.9634E-02
    2397    1.413060  3.0379E-02
    2398    1.413295  3.1125E-02
    2399    1.413530  3.1871E-02
    2400    1.413765  3.2617E-02
    2401    1.414000  3.3363E-02
    2402    1.414235  3.4107E-02
    2403    1.414470  3.4850E-02
    2404    1.414705  3.5593E-02
    2405    1.414940  3.6334E-02
    2406    1.415175  3.7075E-02
    2407    1.415410  3.7816E-02
    2408    1.415645  3.8558E-02
    2409    1.415880  3.9301E-02
    2410    1.416115  4.0047E-02
    2411    1.416350  4.0797E-02
    2412    1.416585  4.1553E-02
    2413    1.416820  4.2315E-02
    2414    1.417055  4.3086E-02
    2415    1.417290  4.3867E-02
    2416    1.417525  4.4660E-02
    2417    1.417760  4.5467E-02
    2418    1.417995  4.6290E-02
    2419    1.418230  4.7131E-02
    2420    1.418465  4.7991E-02
    2421    1.418700  4.8873E-02
    2422    1.418935  4.9778E-02
    2423    1.419170  5.0708E-02
    2424    1.419405  5.1665E-02
    2425    1.419640  5.2650E-02
    2426    1.419875  5.3665E-02
    2427    1.420110  5.4709E-02
    2428    1.420345  5.5785E-02
    2429    1.420580  5.6893E-02
    2430    1.420815  5.8034E-02
    2431    1.421050  5.9207E-02
    2432    1.421285  6.0412E-02
    2433    1.421520  6.1649E-02
    2434    1.421755  6.2917E-02
    2435    1.421990  6.4216E-02
    2436    1.422225  6.5542E-02
    2437    1.422460  6.6895E-02
    2438    1.422695  6.8273E-02
    2439    1.422930  6.9673E-02
    2440    1.423165  7.1093E-02
    2441    1.423400  7.2529E-02
    2442    1.423635  7.3978E-02
    2443    1.423870  7.5436E-02
    2444    1.424105  7.6900E-02
    2445    1.424340  7.8366E-02
    2446    1.424575  7.9829E-02
    2447    1.424810  8.1284E-02
    2448    1.425045  8.2727E-02
    2449    1.425280  8.4154E-02
    2450    1.425515  8.5559E-02
    2451    1.425750  8.6938E-02
    2452    1.425985  8.8286E-02
    2453    1.426220  8.9598E-02
    2454    1.426455  9.0869E-02
    2455    1.426690  9.2095E-02
    2456    1.426925  9.3272E-02
    2457    1.427160  9.4394E-02
    2458    1.427395  9.5459E-02
    2459    1.427630  9.6463E-02
    2460    1.427865  9.7403E-02
    2461    1.428100  9.8275E-02
    2462    1.428335  9.9077E-02
    2463    1.428570  9.9808E-02
    2464    1.428805  1.0047E-01
    2465    1.429040  1.0105E-01
    2466    1.429275  1.0156E-01
    2467    1.429510  1.0199E-01
    2468    1.429745  1.0235E-01
    2469    1.429980  1.0263E-01
    2470    1.430215  1.0285E-01
    2471    1.430450  1.0299E-01
    2472    1.430685  1.0307E-01
    2473    1.430920  1.0308E-01
    2474    1.431155  1.0304E-01
    2475    1.431390  1.0294E-01
    2476    1.431625  1.0279E-01
    2477    1.431860  1.0260E-01
    2478    1.432095  1.0236E-01
    2479    1.432330  1.0209E-01
    2480    1.432565  1.0180E-01
    2481    1.432800  1.0148E-01
    2482    1.433035  1.0115E-01
    2483    1.433270  1.0081E-01
    2484    1.433505  1.0048E-01
    2485    1.433740  1.0015E-01
    2486    1.433975  9.9832E-02
    2487    1.434210  9.9537E-02
    2488    1.434445  9.9271E-02
    2489    1.434680  9.9040E-02
    2490    1.434915  9.8851E-02
    2491    1.435150  9.8710E-02
    2492    1.435385  9.8623E-02
    2493    1.435620  9.8597E-02
    2494    1.435855  9.8637E-02
    2495    1.436090  9.8747E-02
    2496    1.436325  9.8933E-02
    2497    1.436560  9.9199E-02
    2498    1.436795  9.9549E-02
    2499    1.437030  9.9986E-02
    2500    1.437265  1.0051E-01
    2501    1.437500  1.0113E-01
    2502    1.437735  1.0185E-01
    2503    1.437970  1.0266E-01
    2504    1.438205  1.0357E-01
    2505    1.438440  1.0457E-01
    2506    1.438675  1.0568E-01
    2507    1.438910  1.0688E-01
    2508    1.439145  1.0818E-01
    2509    1.439380  1.0958E-01
    2510    1.439615  1.1107E-01
    2511    1.439850  1.1265E-01
    2512    1.440085  1.1432E-01
    2513    1.440320  1.1608E-01
    2514    1.440555  1.1793E-01
    2515    1.440790  1.1986E-01
    2516    1.441025  1.2187E-01
    2517    1.441260  1.2396E-01
    2518    1.441495  1.2612E-01
    2519    1.441730  1.2836E-01
    2520    1.441965  1.3066E-01
    2521    1.442200  1.3302E-01
    2522    1.442435  1.3544E-01
    2523    1.442670  1.3792E-01
    2524    1.442905  1.4046E-01
    2525    1.443140  1.4305E-01
    2526    1.443375  1.4568E-01
    2527    1.443610  1.4836E-01
    2528    1.443845  1.5108E-01
    2529    1.444080  1.5384E-01
    2530    1.444315  1.5664E-01
    2531    1.444550  1.5947E-01
    2532    1.444785  1.6234E-01
    2533    1.445020  1.6524E-01
    2534    1.445255  1.6817E-01
    2535    1.445490  1.7113E-01
    2536    1.445725  1.7411E-01
    2537    1.445960  1.7713E-01
    2538    1.446195  1.8017E-01
    2539    1.446430  1.8324E-01
    2540    1.446665  1.8633E-01
    2541    1.446900  1.8946E-01
    2542    1.447135  1.9260E-01
    2543    1.447370  1.9578E-01
    2544    1.447605  1.9898E-01
    2545    1.447840  2.0221E-01
    2546    1.448075  2.0547E-01
    2547    1.448310  2.0875E-01
    2548    1.448545  2.1206E-01
    2549    1.448780  2.1540E-01
    2550    1.449015  2.1876E-01
    2551    1.449250  2.2216E-01
    2552    1.449485  2.2557E-01
    2553    1.449720  2.2902E-01
    2554    1.449955  2.3248E-01
    2555    1.450190  2.3597E-01
    2556    1.450425  2.3947E-01
    2557    1.450660  2.4300E-01
    2558    1.450895  2.4653E-01
    2559    1.451130  2.5008E-01
    2560    1.451365  2.5363E-01
    2561    1.451600  2.5719E-01
    2562    1.451835  2.6075E-01
    2563    1.452070  2.6429E-01
    2564    1.452305  2.6783E-01
    2565    1.452540  2.7135E-01
    2566    1.452775  2.7484E-01
    2567    1.453010  2.7830E-01
    2568    1.453245  2.8173E-01
    2569    1.453480  2.8511E-01
    2570    1.453715  2.8844E-01
    2571    1.453950  2.9171E-01
    2572    1.454185  2.9492E-01
    2573    1.454420  2.9805E-01
    2574    1.454655  3.0110E-01
    2575    1.454890  3.0406E-01
    2576    1.455125  3.0692E-01
    2577    1.455360  3.0968E-01
    2578    1.455595  3.1233E-01
    2579    1.455830  3.1487E-01
    2580    1.456065  3.1728E-01
    2581    1.456300  3.1957E-01
    2582    1.456535  3.2171E-01
    2583    1.456770  3.2372E-01
    2584    1.457005  3.2559E-01
    2585    1.457240  3.2730E-01
    2586    1.457475  3.2886E-01
    2587    1.457710  3.3026E-01
    2588    1.457945  3.3151E-01
    2589    1.458180  3.3259E-01
    2590    1.458415  3.3351E-01
    2591    1.458650  3.3426E-01
    2592    1.458885  3.3484E-01
    2593    1.459120  3.3526E-01
    2594    1.459355  3.3552E-01
    2595    1.459590  3.3561E-01
    2596    1.459825  3.3553E-01
    2597    1.460060  3.3529E-01
    2598    1.460295  3.3490E-01
    2599    1.460530  3.3434E-01
    2600    1.460765  3.3364E-01
    2601    1.461000  3.3278E-01
    2602    1.461235  3.3178E-01
    2603    1.461470  3.3065E-01
    2604    1.461705  3.2938E-01
    2605    1.461940  3.2798E-01
    2606    1.462175  3.2646E-01
    2607    1.462410  3.2483E-01
    2608    1.462645  3.2309E-01
    2609    1.462880  3.2126E-01
    2610    1.463115  3.1934E-01
    2611    1.463350  3.1734E-01
    2612    1.463585  3.1527E-01
    2613    1.463820  3.1314E-01
    2614    1.464055  3.1096E-01
    2615    1.464290  3.0875E-01
    2616    1.464525  3.0650E-01
    2617    1.464760  3.0424E-01
    2618    1.464995  3.0198E-01
    2619    1.465230  2.9972E-01
    2620    1.465465  2.9748E-01
    2621    1.465700  2.9527E-01
    2622    1.465935  2.9311E-01
    2623    1.466170  2.9100E-01
    2624    1.466405  2.8895E-01
    2625    1.466640  2.8699E-01
    2626    1.466875  2.8511E-01
    2627    1.467110  2.8332E-01
    2628    1.467345  2.8165E-01
    2629    1.467580  2.8009E-01
    2630    1.467815  2.7867E-01
    2631    1.468050  2.7737E-01
    2632    1.468285  2.7622E-01
    2633    1.468520  2.7521E-01
    2634    1.468755  2.7436E-01
    2635    1.468990  2.7366E-01
    2636    1.469225  2.7313E-01
    2637    1.469460  2.7276E-01
    2638    1.469695  2.7255E-01
    2639    1.469930  2.7251E-01
    2640    1.470165  2.7263E-01
    2641    1.470400  2.7292E-01
    2642    1.470635  2.7336E-01
    2643    1.470870  2.7396E-01
    2644    1.471105  2.7472E-01
    2645    1.471340  2.7562E-01
    2646    1.471575  2.7665E-01
    2647    1.471810  2.7783E-01
    2648    1.472045  2.7912E-01
    2649    1.472280  2.8054E-01
    2650    1.472515  2.8206E-01
    2651    1.472750  2.8369E-01
    2652    1.472985  2.8540E-01
    2653    1.473220  2.8719E-01
    2654    1.473455  2.8906E-01
    2655    1.473690  2.9099E-01
    2656    1.473925  2.9298E-01
    2657    1.474160  2.9501E-01
    2658    1.474395  2.9707E-01
    2659    1.474630  2.9917E-01
    2660    1.474865  3.0129E-01
    2661    1.475100  3.0342E-01
    2662    1.475335  3.0556E-01
    2663    1.475570  3.0770E-01
    2664    1.475805  3.0985E-01
    2665    1.476040  3.1199E-01
    2666    1.476275  3.1412E-01
    2667    1.476510  3.1624E-01
    2668    1.476745  3.1834E-01
    2669    1.476980  3.2044E-01
    2670    1.477215  3.2252E-01
    2671    1.477450  3.2459E-01
    2672    1.477685  3.2664E-01
    2673    1.477920  3.2869E-01
    2674    1.478155  3.3073E-01
    2675    1.478390  3.3277E-01
    2676    1.478625  3.3481E-01
    2677    1.478860  3.3685E-01
    2678    1.479095  3.3890E-01
    2679    1.479330  3.4097E-01
    2680    1.479565  3.4305E-01
    2681    1.479800  3.4515E-01
    2682    1.480035  3.4728E-01
    2683    1.480270  3.4945E-01
    2684    1.480505  3.5165E-01
    2685    1.480740  3.5390E-01
    2686    1.480975  3.5620E-01
    2687    1.481210  3.5855E-01
    2688    1.481445  3.6095E-01
    2689    1.481680  3.6342E-01
    2690    1.481915  3.6596E-01
    2691    1.482150  3.6856E-01
    2692    1.482385  3.7124E-01
    2693    1.482620  3.7400E-01
    2694    1.482855  3.7683E-01
    2695    1.483090  3.7975E-01
    2696    1.483325  3.8274E-01
    2697    1.483560  3.8583E-01
    2698    1.483795  3.8899E-01
    2699    1.484030  3.9224E-01
    2700    1.484265  3.9558E-01
    2701    1.484500  3.9900E-01
    2702    1.484735  4.0249E-01
    2703    1.484970  4.0607E-01
    2704    1.485205  4.0973E-01
    2705    1.485440  4.1345E-01
    2706    1.485675  4.1725E-01
    2707    1.485910  4.2111E-01
    2708    1.486145  4.2502E-01
    2709    1.486380  4.2899E-01
    2710    1.486615  4.3299E-01
    2711    1.486850  4.3703E-01
    2712    1.487085  4.4110E-01
    2713    1.487320  4.4518E-01
    2714    1.487555  4.4927E-01
    2715    1.487790  4.5335E-01
    2716    1.488025  4.5741E-01
    2717    1.488260  4.6144E-01
    2718    1.488495  4.6542E-01
    2719    1.488730  4.6934E-01
    2720    1.488965  4.7319E-01
    2721    1.489200  4.7694E-01
    2722    1.489435  4.8058E-01
    2723    1.489670  4.8409E-01
    2724    1.489905  4.8745E-01
    2725    1.490140  4.9065E-01
    2726    1.490375  4.9367E-01
    2727    1.490610  4.9648E-01
    2728    1.490845  4.9908E-01
    2729    1.491080  5.0142E-01
    2730    1.491315  5.0351E-01
    2731    1.491550  5.0532E-01
    2732    1.491785  5.0682E-01
    2733    1.492020  5.0801E-01
    2734    1.492255  5.0886E-01
    2735    1.492490  5.0935E-01
    2736    1.492725  5.0947E-01
    2737    1.492960  5.0920E-01
    2738    1.493195  5.0852E-01
    2739    1.493430  5.0743E-01
    2740    1.493665  5.0590E-01
    2741    1.493900  5.0393E-01
    2742    1.494135  5.0151E-01
    2743    1.494370  4.9863E-01
    2744    1.494605  4.9528E-01
    2745    1.494840  4.9146E-01
    2746    1.495075  4.8716E-01
    2747    1.495310  4.8239E-01
    2748    1.495545  4.7714E-01
    2749    1.495780  4.7143E-01
    2750    1.496015  4.6525E-01
    2751    1.496250  4.5861E-01
    2752    1.496485  4.5153E-01
    2753    1.496720  4.4401E-01
    2754    1.496955  4.3608E-01
    2755    1.497190  4.2775E-01
    2756    1.497425  4.1903E-01
    2757    1.497660  4.0994E-01
    2758    1.497895  4.0052E-01
    2759    1.498130  3.9078E-01
    2760    1.498365  3.8075E-01
    2761    1.498600  3.7045E-01
    2762    1.498835  3.5992E-01
    2763    1.499070  3.4918E-01
    2764    1.499305  3.3826E-01
    2765    1.499540  3.2720E-01
    2766    1.499775  3.1602E-01
