       1   11.500000  9.3767E-01
       2   11.503250  9.1211E-01
       3   11.506500  9.1101E-01
       4   11.509750  9.0992E-01
       5   11.513000  9.0883E-01
       6   11.516250  9.0774E-01
       7   11.519500  9.0666E-01
       8   11.522750  9.0559E-01
       9   11.526000  9.0452E-01
      10   11.529250  9.0346E-01
      11   11.532500  9.0241E-01
      12   11.535750  9.0137E-01
      13   11.539000  9.0033E-01
      14   11.542250  8.9930E-01
      15   11.545500  8.9828E-01
      16   11.548750  8.9725E-01
      17   11.552000  8.9623E-01
      18   11.555250  8.9520E-01
      19   11.558500  8.9416E-01
      20   11.561750  8.9311E-01
      21   11.565000  8.9204E-01
      22   11.568250  8.9095E-01
      23   11.571500  8.8983E-01
      24   11.574750  8.8867E-01
      25   11.578000  8.8747E-01
      26   11.581250  8.8622E-01
      27   11.584500  8.8492E-01
      28   11.587750  8.8355E-01
      29   11.591000  8.8212E-01
      30   11.594250  8.8061E-01
      31   11.597500  8.7903E-01
      32   11.600750  8.7736E-01
      33   11.604000  8.7559E-01
      34   11.607250  8.7373E-01
      35   11.610500  8.7178E-01
      36   11.613750  8.6972E-01
      37   11.617000  8.6755E-01
      38   11.620250  8.6528E-01
      39   11.623500  8.6291E-01
      40   11.626750  8.6043E-01
      41   11.630000  8.5784E-01
      42   11.633250  8.5516E-01
      43   11.636500  8.5239E-01
      44   11.639750  8.4952E-01
      45   11.643000  8.4657E-01
      46   11.646250  8.4355E-01
      47   11.649500  8.4046E-01
      48   11.652750  8.3732E-01
      49   11.656000  8.3414E-01
      50   11.659250  8.3092E-01
      51   11.662500  8.2769E-01
      52   11.665750  8.2445E-01
      53   11.669000  8.2123E-01
      54   11.672250  8.1804E-01
      55   11.675500  8.1488E-01
      56   11.678750  8.1179E-01
      57   11.682000  8.0877E-01
      58   11.685250  8.0585E-01
      59   11.688500  8.0303E-01
      60   11.691750  8.0033E-01
      61   11.695000  7.9778E-01
      62   11.698250  7.9537E-01
      63   11.701500  7.9314E-01
      64   11.704750  7.9108E-01
      65   11.708000  7.8921E-01
      66   11.711250  7.8754E-01
      67   11.714500  7.8609E-01
      68   11.717750  7.8485E-01
      69   11.721000  7.8383E-01
      70   11.724250  7.8305E-01
      71   11.727500  7.8249E-01
      72   11.730750  7.8217E-01
      73   11.734000  7.8208E-01
      74   11.737250  7.8222E-01
      75   11.740500  7.8258E-01
      76   11.743750  7.8317E-01
      77   11.747000  7.8397E-01
      78   11.750250  7.8497E-01
      79   11.753500  7.8618E-01
      80   11.756750  7.8756E-01
      81   11.760000  7.8912E-01
      82   11.763250  7.9083E-01
      83   11.766500  7.9269E-01
      84   11.769750  7.9468E-01
      85   11.773000  7.9679E-01
      86   11.776250  7.9899E-01
      87   11.779500  8.0128E-01
      88   11.782750  8.0363E-01
      89   11.786000  8.0603E-01
      90   11.789250  8.0847E-01
      91   11.792500  8.1092E-01
      92   11.795750  8.1337E-01
      93   11.799000  8.1582E-01
      94   11.802250  8.1824E-01
      95   11.805500  8.2061E-01
      96   11.808750  8.2294E-01
      97   11.812000  8.2521E-01
      98   11.815250  8.2741E-01
      99   11.818500  8.2953E-01
     100   11.821750  8.3156E-01
     101   11.825000  8.3349E-01
     102   11.828250  8.3533E-01
     103   11.831500  8.3707E-01
     104   11.834750  8.3871E-01
     105   11.838000  8.4024E-01
     106   11.841250  8.4167E-01
     107   11.844500  8.4300E-01
     108   11.847750  8.4423E-01
     109   11.851000  8.4536E-01
     110   11.854250  8.4640E-01
     111   11.857500  8.4735E-01
     112   11.860750  8.4823E-01
     113   11.864000  8.4902E-01
     114   11.867250  8.4975E-01
     115   11.870500  8.5042E-01
     116   11.873750  8.5104E-01
     117   11.877000  8.5161E-01
     118   11.880250  8.5214E-01
     119   11.883500  8.5264E-01
     120   11.886750  8.5311E-01
     121   11.890000  8.5357E-01
     122   11.893250  8.5401E-01
     123   11.896500  8.5445E-01
     124   11.899750  8.5489E-01
     125   11.903000  8.5534E-01
     126   11.906250  8.5579E-01
     127   11.909500  8.5625E-01
     128   11.912750  8.5673E-01
     129   11.916000  8.5723E-01
     130   11.919250  8.5774E-01
     131   11.922500  8.5826E-01
     132   11.925750  8.5881E-01
     133   11.929000  8.5936E-01
     134   11.932250  8.5993E-01
     135   11.935500  8.6051E-01
     136   11.938750  8.6110E-01
     137   11.942000  8.6169E-01
     138   11.945250  8.6228E-01
     139   11.948500  8.6286E-01
     140   11.951750  8.6343E-01
     141   11.955000  8.6399E-01
     142   11.958250  8.6452E-01
     143   11.961500  8.6503E-01
     144   11.964750  8.6550E-01
     145   11.968000  8.6594E-01
     146   11.971250  8.6633E-01
     147   11.974500  8.6667E-01
     148   11.977750  8.6697E-01
     149   11.981000  8.6720E-01
     150   11.984250  8.6738E-01
     151   11.987500  8.6749E-01
     152   11.990750  8.6754E-01
     153   11.994000  8.6751E-01
     154   11.997250  8.6743E-01
     155   12.000500  8.6727E-01
     156   12.003750  8.6704E-01
     157   12.007000  8.6674E-01
     158   12.010250  8.6638E-01
     159   12.013500  8.6596E-01
     160   12.016750  8.6547E-01
     161   12.020000  8.6493E-01
     162   12.023250  8.6433E-01
     163   12.026500  8.6369E-01
     164   12.029750  8.6301E-01
     165   12.033000  8.6229E-01
     166   12.036250  8.6155E-01
     167   12.039500  8.6078E-01
     168   12.042750  8.6000E-01
     169   12.046000  8.5921E-01
     170   12.049250  8.5842E-01
     171   12.052500  8.5763E-01
     172   12.055750  8.5686E-01
     173   12.059000  8.5612E-01
     174   12.062250  8.5540E-01
     175   12.065500  8.5472E-01
     176   12.068750  8.5408E-01
     177   12.072000  8.5349E-01
     178   12.075250  8.5294E-01
     179   12.078500  8.5246E-01
     180   12.081750  8.5203E-01
     181   12.085000  8.5167E-01
     182   12.088250  8.5137E-01
     183   12.091500  8.5114E-01
     184   12.094750  8.5097E-01
     185   12.098000  8.5087E-01
     186   12.101250  8.5083E-01
     187   12.104500  8.5086E-01
     188   12.107750  8.5094E-01
     189   12.111000  8.5108E-01
     190   12.114250  8.5127E-01
     191   12.117500  8.5151E-01
     192   12.120750  8.5178E-01
     193   12.124000  8.5208E-01
     194   12.127250  8.5241E-01
     195   12.130500  8.5275E-01
     196   12.133750  8.5310E-01
     197   12.137000  8.5345E-01
     198   12.140250  8.5379E-01
     199   12.143500  8.5412E-01
     200   12.146750  8.5441E-01
     201   12.150000  8.5467E-01
     202   12.153250  8.5488E-01
     203   12.156500  8.5503E-01
     204   12.159750  8.5513E-01
     205   12.163000  8.5515E-01
     206   12.166250  8.5510E-01
     207   12.169500  8.5496E-01
     208   12.172750  8.5473E-01
     209   12.176000  8.5441E-01
     210   12.179250  8.5398E-01
     211   12.182500  8.5345E-01
     212   12.185750  8.5282E-01
     213   12.189000  8.5207E-01
     214   12.192250  8.5121E-01
     215   12.195500  8.5024E-01
     216   12.198750  8.4916E-01
     217   12.202000  8.4797E-01
     218   12.205250  8.4667E-01
     219   12.208500  8.4526E-01
     220   12.211750  8.4375E-01
     221   12.215000  8.4215E-01
     222   12.218250  8.4045E-01
     223   12.221500  8.3866E-01
     224   12.224750  8.3680E-01
     225   12.228000  8.3485E-01
     226   12.231250  8.3284E-01
     227   12.234500  8.3076E-01
     228   12.237750  8.2863E-01
     229   12.241000  8.2645E-01
     230   12.244250  8.2423E-01
     231   12.247500  8.2197E-01
     232   12.250750  8.1968E-01
     233   12.254000  8.1737E-01
     234   12.257250  8.1505E-01
     235   12.260500  8.1271E-01
     236   12.263750  8.1037E-01
     237   12.267000  8.0803E-01
     238   12.270250  8.0569E-01
     239   12.273500  8.0335E-01
     240   12.276750  8.0103E-01
     241   12.280000  7.9872E-01
     242   12.283250  7.9642E-01
     243   12.286500  7.9413E-01
     244   12.289750  7.9186E-01
     245   12.293000  7.8961E-01
     246   12.296250  7.8737E-01
     247   12.299500  7.8514E-01
     248   12.302750  7.8292E-01
     249   12.306000  7.8071E-01
     250   12.309250  7.7851E-01
     251   12.312500  7.7631E-01
     252   12.315750  7.7411E-01
     253   12.319000  7.7191E-01
     254   12.322250  7.6970E-01
     255   12.325500  7.6747E-01
     256   12.328750  7.6524E-01
     257   12.332000  7.6298E-01
     258   12.335250  7.6070E-01
     259   12.338500  7.5839E-01
     260   12.341750  7.5605E-01
     261   12.345000  7.5368E-01
     262   12.348250  7.5127E-01
     263   12.351500  7.4881E-01
     264   12.354750  7.4631E-01
     265   12.358000  7.4376E-01
     266   12.361250  7.4116E-01
     267   12.364500  7.3851E-01
     268   12.367750  7.3579E-01
     269   12.371000  7.3302E-01
     270   12.374250  7.3019E-01
     271   12.377500  7.2730E-01
     272   12.380750  7.2434E-01
     273   12.384000  7.2131E-01
     274   12.387250  7.1822E-01
     275   12.390500  7.1507E-01
     276   12.393750  7.1184E-01
     277   12.397000  7.0855E-01
     278   12.400250  7.0518E-01
     279   12.403500  7.0175E-01
     280   12.406750  6.9825E-01
     281   12.410000  6.9468E-01
     282   12.413250  6.9104E-01
     283   12.416500  6.8734E-01
     284   12.419750  6.8357E-01
     285   12.423000  6.7973E-01
     286   12.426250  6.7584E-01
     287   12.429500  6.7188E-01
     288   12.432750  6.6787E-01
     289   12.436000  6.6380E-01
     290   12.439250  6.5968E-01
     291   12.442500  6.5552E-01
     292   12.445750  6.5132E-01
     293   12.449000  6.4708E-01
     294   12.452250  6.4281E-01
     295   12.455500  6.3851E-01
     296   12.458750  6.3421E-01
     297   12.462000  6.2989E-01
     298   12.465250  6.2558E-01
     299   12.468500  6.2127E-01
     300   12.471750  6.1699E-01
     301   12.475000  6.1274E-01
     302   12.478250  6.0853E-01
     303   12.481500  6.0438E-01
     304   12.484750  6.0029E-01
     305   12.488000  5.9629E-01
     306   12.491250  5.9238E-01
     307   12.494500  5.8858E-01
     308   12.497750  5.8490E-01
     309   12.501000  5.8136E-01
     310   12.504250  5.7797E-01
     311   12.507500  5.7474E-01
     312   12.510750  5.7170E-01
     313   12.514000  5.6885E-01
     314   12.517250  5.6621E-01
     315   12.520500  5.6378E-01
     316   12.523750  5.6160E-01
     317   12.527000  5.5965E-01
     318   12.530250  5.5797E-01
     319   12.533500  5.5654E-01
     320   12.536750  5.5540E-01
     321   12.540000  5.5454E-01
     322   12.543250  5.5396E-01
     323   12.546500  5.5369E-01
     324   12.549750  5.5371E-01
     325   12.553000  5.5403E-01
     326   12.556250  5.5465E-01
     327   12.559500  5.5558E-01
     328   12.562750  5.5680E-01
     329   12.566000  5.5832E-01
     330   12.569250  5.6012E-01
     331   12.572500  5.6221E-01
     332   12.575750  5.6457E-01
     333   12.579000  5.6720E-01
     334   12.582250  5.7007E-01
     335   12.585500  5.7318E-01
     336   12.588750  5.7652E-01
     337   12.592000  5.8006E-01
     338   12.595250  5.8379E-01
     339   12.598500  5.8769E-01
     340   12.601750  5.9175E-01
     341   12.605000  5.9594E-01
     342   12.608250  6.0024E-01
     343   12.611500  6.0463E-01
     344   12.614750  6.0909E-01
     345   12.618000  6.1360E-01
     346   12.621250  6.1814E-01
     347   12.624500  6.2268E-01
     348   12.627750  6.2721E-01
     349   12.631000  6.3170E-01
     350   12.634250  6.3613E-01
     351   12.637500  6.4049E-01
     352   12.640750  6.4475E-01
     353   12.644000  6.4890E-01
     354   12.647250  6.5292E-01
     355   12.650500  6.5679E-01
     356   12.653750  6.6050E-01
     357   12.657000  6.6404E-01
     358   12.660250  6.6739E-01
     359   12.663500  6.7055E-01
     360   12.666750  6.7350E-01
     361   12.670000  6.7625E-01
     362   12.673250  6.7878E-01
     363   12.676500  6.8108E-01
     364   12.679750  6.8317E-01
     365   12.683000  6.8503E-01
     366   12.686250  6.8667E-01
     367   12.689500  6.8809E-01
     368   12.692750  6.8928E-01
     369   12.696000  6.9027E-01
     370   12.699250  6.9105E-01
     371   12.702500  6.9162E-01
     372   12.705750  6.9200E-01
     373   12.709000  6.9219E-01
     374   12.712250  6.9220E-01
     375   12.715500  6.9205E-01
     376   12.718750  6.9173E-01
     377   12.722000  6.9127E-01
     378   12.725250  6.9066E-01
     379   12.728500  6.8992E-01
     380   12.731750  6.8907E-01
     381   12.735000  6.8810E-01
     382   12.738250  6.8703E-01
     383   12.741500  6.8587E-01
     384   12.744750  6.8463E-01
     385   12.748000  6.8332E-01
     386   12.751250  6.8193E-01
     387   12.754500  6.8049E-01
     388   12.757750  6.7900E-01
     389   12.761000  6.7746E-01
     390   12.764250  6.7589E-01
     391   12.767500  6.7428E-01
     392   12.770750  6.7264E-01
     393   12.774000  6.7099E-01
     394   12.777250  6.6931E-01
     395   12.780500  6.6762E-01
     396   12.783750  6.6593E-01
     397   12.787000  6.6422E-01
     398   12.790250  6.6252E-01
     399   12.793500  6.6083E-01
     400   12.796750  6.5914E-01
     401   12.800000  6.5746E-01
     402   12.803250  6.5580E-01
     403   12.806500  6.5416E-01
     404   12.809750  6.5255E-01
     405   12.813000  6.5097E-01
     406   12.816250  6.4942E-01
     407   12.819500  6.4791E-01
     408   12.822750  6.4644E-01
     409   12.826000  6.4503E-01
     410   12.829250  6.4367E-01
     411   12.832500  6.4236E-01
     412   12.835750  6.4112E-01
     413   12.839000  6.3996E-01
     414   12.842250  6.3886E-01
     415   12.845500  6.3784E-01
     416   12.848750  6.3690E-01
     417   12.852000  6.3605E-01
     418   12.855250  6.3529E-01
     419   12.858500  6.3461E-01
     420   12.861750  6.3403E-01
     421   12.865000  6.3353E-01
     422   12.868250  6.3314E-01
     423   12.871500  6.3283E-01
     424   12.874750  6.3262E-01
     425   12.878000  6.3249E-01
     426   12.881250  6.3246E-01
     427   12.884500  6.3250E-01
     428   12.887750  6.3263E-01
     429   12.891000  6.3283E-01
     430   12.894250  6.3311E-01
     431   12.897500  6.3344E-01
     432   12.900750  6.3384E-01
     433   12.904000  6.3429E-01
     434   12.907250  6.3478E-01
     435   12.910500  6.3531E-01
     436   12.913750  6.3588E-01
     437   12.917000  6.3646E-01
     438   12.920250  6.3707E-01
     439   12.923500  6.3768E-01
     440   12.926750  6.3829E-01
     441   12.930000  6.3891E-01
     442   12.933250  6.3951E-01
     443   12.936500  6.4010E-01
     444   12.939750  6.4067E-01
     445   12.943000  6.4121E-01
     446   12.946250  6.4172E-01
     447   12.949500  6.4220E-01
     448   12.952750  6.4265E-01
     449   12.956000  6.4306E-01
     450   12.959250  6.4343E-01
     451   12.962500  6.4376E-01
     452   12.965750  6.4405E-01
     453   12.969000  6.4430E-01
     454   12.972250  6.4451E-01
     455   12.975500  6.4468E-01
     456   12.978750  6.4482E-01
     457   12.982000  6.4491E-01
     458   12.985250  6.4497E-01
     459   12.988500  6.4499E-01
     460   12.991750  6.4498E-01
     461   12.995000  6.4494E-01
     462   12.998250  6.4487E-01
     463   13.001500  6.4477E-01
     464   13.004750  6.4463E-01
     465   13.008000  6.4447E-01
     466   13.011250  6.4429E-01
     467   13.014500  6.4407E-01
     468   13.017750  6.4382E-01
     469   13.021000  6.4354E-01
     470   13.024250  6.4323E-01
     471   13.027500  6.4289E-01
     472   13.030750  6.4250E-01
     473   13.034000  6.4208E-01
     474   13.037250  6.4161E-01
     475   13.040500  6.4109E-01
     476   13.043750  6.4051E-01
     477   13.047000  6.3988E-01
     478   13.050250  6.3919E-01
     479   13.053500  6.3842E-01
     480   13.056750  6.3757E-01
     481   13.060000  6.3665E-01
     482   13.063250  6.3563E-01
     483   13.066500  6.3452E-01
     484   13.069750  6.3331E-01
     485   13.073000  6.3199E-01
     486   13.076250  6.3056E-01
     487   13.079500  6.2900E-01
     488   13.082750  6.2731E-01
     489   13.086000  6.2549E-01
     490   13.089250  6.2353E-01
     491   13.092500  6.2143E-01
     492   13.095750  6.1917E-01
     493   13.099000  6.1675E-01
     494   13.102250  6.1417E-01
     495   13.105500  6.1143E-01
     496   13.108750  6.0852E-01
     497   13.112000  6.0543E-01
     498   13.115250  6.0217E-01
     499   13.118500  5.9873E-01
     500   13.121750  5.9511E-01
     501   13.125000  5.9130E-01
     502   13.128250  5.8732E-01
     503   13.131500  5.8315E-01
     504   13.134750  5.7879E-01
     505   13.138000  5.7426E-01
     506   13.141250  5.6955E-01
     507   13.144500  5.6466E-01
     508   13.147750  5.5960E-01
     509   13.151000  5.5437E-01
     510   13.154250  5.4898E-01
     511   13.157500  5.4343E-01
     512   13.160750  5.3772E-01
     513   13.164000  5.3187E-01
     514   13.167250  5.2589E-01
     515   13.170500  5.1977E-01
     516   13.173750  5.1353E-01
     517   13.177000  5.0718E-01
     518   13.180250  5.0073E-01
     519   13.183500  4.9419E-01
     520   13.186750  4.8758E-01
     521   13.190000  4.8089E-01
     522   13.193250  4.7416E-01
     523   13.196500  4.6738E-01
     524   13.199750  4.6057E-01
     525   13.203000  4.5374E-01
     526   13.206250  4.4691E-01
     527   13.209500  4.4009E-01
     528   13.212750  4.3329E-01
     529   13.216000  4.2653E-01
     530   13.219250  4.1982E-01
     531   13.222500  4.1316E-01
     532   13.225750  4.0658E-01
     533   13.229000  4.0009E-01
     534   13.232250  3.9368E-01
     535   13.235500  3.8738E-01
     536   13.238750  3.8119E-01
     537   13.242000  3.7513E-01
     538   13.245250  3.6919E-01
     539   13.248500  3.6339E-01
     540   13.251750  3.5773E-01
     541   13.255000  3.5221E-01
     542   13.258250  3.4684E-01
     543   13.261500  3.4162E-01
     544   13.264750  3.3656E-01
     545   13.268000  3.3165E-01
     546   13.271250  3.2688E-01
     547   13.274500  3.2227E-01
     548   13.277750  3.1780E-01
     549   13.281000  3.1347E-01
     550   13.284250  3.0928E-01
     551   13.287500  3.0523E-01
     552   13.290750  3.0129E-01
     553   13.294000  2.9747E-01
     554   13.297250  2.9376E-01
     555   13.300500  2.9015E-01
     556   13.303750  2.8663E-01
     557   13.307000  2.8320E-01
     558   13.310250  2.7983E-01
     559   13.313500  2.7653E-01
     560   13.316750  2.7328E-01
     561   13.320000  2.7007E-01
     562   13.323250  2.6689E-01
     563   13.326500  2.6374E-01
     564   13.329750  2.6060E-01
     565   13.333000  2.5746E-01
     566   13.336250  2.5432E-01
     567   13.339500  2.5117E-01
     568   13.342750  2.4800E-01
     569   13.346000  2.4481E-01
     570   13.349250  2.4158E-01
     571   13.352500  2.3832E-01
     572   13.355750  2.3502E-01
     573   13.359000  2.3167E-01
     574   13.362250  2.2828E-01
     575   13.365500  2.2484E-01
     576   13.368750  2.2135E-01
     577   13.372000  2.1780E-01
     578   13.375250  2.1421E-01
     579   13.378500  2.1058E-01
     580   13.381750  2.0689E-01
     581   13.385000  2.0317E-01
     582   13.388250  1.9940E-01
     583   13.391500  1.9560E-01
     584   13.394750  1.9177E-01
     585   13.398000  1.8792E-01
     586   13.401250  1.8405E-01
     587   13.404500  1.8017E-01
     588   13.407750  1.7628E-01
     589   13.411000  1.7239E-01
     590   13.414250  1.6851E-01
     591   13.417500  1.6465E-01
     592   13.420750  1.6082E-01
     593   13.424000  1.5702E-01
     594   13.427250  1.5325E-01
     595   13.430500  1.4954E-01
     596   13.433750  1.4587E-01
     597   13.437000  1.4227E-01
     598   13.440250  1.3874E-01
     599   13.443500  1.3529E-01
     600   13.446750  1.3192E-01
     601   13.450000  1.2863E-01
     602   13.453250  1.2544E-01
     603   13.456500  1.2235E-01
     604   13.459750  1.1936E-01
     605   13.463000  1.1647E-01
     606   13.466250  1.1370E-01
     607   13.469500  1.1104E-01
     608   13.472750  1.0849E-01
     609   13.476000  1.0607E-01
     610   13.479250  1.0376E-01
     611   13.482500  1.0156E-01
     612   13.485750  9.9488E-02
     613   13.489000  9.7530E-02
     614   13.492250  9.5687E-02
     615   13.495500  9.3957E-02
     616   13.498750  9.2338E-02
     617   13.502000  9.0826E-02
     618   13.505250  8.9419E-02
     619   13.508500  8.8111E-02
     620   13.511750  8.6898E-02
     621   13.515000  8.5776E-02
     622   13.518250  8.4739E-02
     623   13.521500  8.3782E-02
     624   13.524750  8.2900E-02
     625   13.528000  8.2085E-02
     626   13.531250  8.1333E-02
     627   13.534500  8.0638E-02
     628   13.537750  7.9992E-02
     629   13.541000  7.9391E-02
     630   13.544250  7.8827E-02
     631   13.547500  7.8296E-02
     632   13.550750  7.7791E-02
     633   13.554000  7.7307E-02
     634   13.557250  7.6839E-02
     635   13.560500  7.6381E-02
     636   13.563750  7.5929E-02
     637   13.567000  7.5479E-02
     638   13.570250  7.5026E-02
     639   13.573500  7.4568E-02
     640   13.576750  7.4100E-02
     641   13.580000  7.3621E-02
     642   13.583250  7.3129E-02
     643   13.586500  7.2621E-02
     644   13.589750  7.2096E-02
     645   13.593000  7.1554E-02
     646   13.596250  7.0995E-02
     647   13.599500  7.0419E-02
     648   13.602750  6.9825E-02
     649   13.606000  6.9217E-02
     650   13.609250  6.8594E-02
     651   13.612500  6.7960E-02
     652   13.615750  6.7315E-02
     653   13.619000  6.6664E-02
     654   13.622250  6.6008E-02
     655   13.625500  6.5351E-02
     656   13.628750  6.4697E-02
     657   13.632000  6.4048E-02
     658   13.635250  6.3409E-02
     659   13.638500  6.2783E-02
     660   13.641750  6.2174E-02
     661   13.645000  6.1585E-02
     662   13.648250  6.1021E-02
     663   13.651500  6.0485E-02
     664   13.654750  5.9980E-02
     665   13.658000  5.9510E-02
     666   13.661250  5.9077E-02
     667   13.664500  5.8684E-02
     668   13.667750  5.8334E-02
     669   13.671000  5.8029E-02
     670   13.674250  5.7769E-02
     671   13.677500  5.7557E-02
     672   13.680750  5.7393E-02
     673   13.684000  5.7277E-02
     674   13.687250  5.7209E-02
     675   13.690500  5.7189E-02
     676   13.693750  5.7215E-02
     677   13.697000  5.7285E-02
     678   13.700250  5.7398E-02
     679   13.703500  5.7550E-02
     680   13.706750  5.7740E-02
     681   13.710000  5.7962E-02
     682   13.713250  5.8214E-02
     683   13.716500  5.8491E-02
     684   13.719750  5.8789E-02
     685   13.723000  5.9102E-02
     686   13.726250  5.9425E-02
     687   13.729500  5.9754E-02
     688   13.732750  6.0082E-02
     689   13.736000  6.0404E-02
     690   13.739250  6.0714E-02
     691   13.742500  6.1007E-02
     692   13.745750  6.1277E-02
     693   13.749000  6.1518E-02
     694   13.752250  6.1726E-02
     695   13.755500  6.1894E-02
     696   13.758750  6.2018E-02
     697   13.762000  6.2094E-02
     698   13.765250  6.2117E-02
     699   13.768500  6.2082E-02
     700   13.771750  6.1988E-02
     701   13.775000  6.1831E-02
     702   13.778250  6.1608E-02
     703   13.781500  6.1317E-02
     704   13.784750  6.0957E-02
     705   13.788000  6.0526E-02
     706   13.791250  6.0026E-02
     707   13.794500  5.9454E-02
     708   13.797750  5.8813E-02
     709   13.801000  5.8103E-02
     710   13.804250  5.7327E-02
     711   13.807500  5.6485E-02
     712   13.810750  5.5581E-02
     713   13.814000  5.4618E-02
     714   13.817250  5.3599E-02
     715   13.820500  5.2529E-02
     716   13.823750  5.1410E-02
     717   13.827000  5.0249E-02
     718   13.830250  4.9048E-02
     719   13.833500  4.7814E-02
     720   13.836750  4.6551E-02
     721   13.840000  4.5265E-02
     722   13.843250  4.3960E-02
     723   13.846500  4.2642E-02
     724   13.849750  4.1315E-02
     725   13.853000  3.9986E-02
     726   13.856250  3.8658E-02
     727   13.859500  3.7337E-02
     728   13.862750  3.6027E-02
     729   13.866000  3.4733E-02
     730   13.869250  3.3459E-02
     731   13.872500  3.2208E-02
     732   13.875750  3.0984E-02
     733   13.879000  2.9791E-02
     734   13.882250  2.8630E-02
     735   13.885500  2.7505E-02
     736   13.888750  2.6418E-02
     737   13.892000  2.5370E-02
     738   13.895250  2.4364E-02
     739   13.898500  2.3399E-02
     740   13.901750  2.2476E-02
     741   13.905000  2.1597E-02
     742   13.908250  2.0761E-02
     743   13.911500  1.9967E-02
     744   13.914750  1.9216E-02
     745   13.918000  1.8506E-02
     746   13.921250  1.7836E-02
     747   13.924500  1.7205E-02
     748   13.927750  1.6612E-02
     749   13.931000  1.6055E-02
     750   13.934250  1.5531E-02
     751   13.937500  1.5040E-02
     752   13.940750  1.4578E-02
     753   13.944000  1.4145E-02
     754   13.947250  1.3738E-02
     755   13.950500  1.3354E-02
     756   13.953750  1.2992E-02
     757   13.957000  1.2649E-02
     758   13.960250  1.2324E-02
     759   13.963500  1.2014E-02
     760   13.966750  1.1718E-02
     761   13.970000  1.1434E-02
     762   13.973250  1.1159E-02
     763   13.976500  1.0893E-02
     764   13.979750  1.0634E-02
     765   13.983000  1.0381E-02
     766   13.986250  1.0132E-02
     767   13.989500  9.8861E-03
     768   13.992750  9.6428E-03
     769   13.996000  9.4010E-03
     770   13.999250  9.1601E-03
     771   14.002500  8.9196E-03
     772   14.005750  8.6790E-03
     773   14.009000  8.4380E-03
     774   14.012250  8.1965E-03
     775   14.015500  7.9543E-03
     776   14.018750  7.7115E-03
     777   14.022000  7.4682E-03
     778   14.025250  7.2244E-03
     779   14.028500  6.9804E-03
     780   14.031750  6.7365E-03
     781   14.035000  6.4931E-03
     782   14.038250  6.2504E-03
     783   14.041500  6.0090E-03
     784   14.044750  5.7692E-03
     785   14.048000  5.5314E-03
     786   14.051250  5.2961E-03
     787   14.054500  5.0637E-03
     788   14.057750  4.8347E-03
     789   14.061000  4.6094E-03
     790   14.064250  4.3883E-03
     791   14.067500  4.1718E-03
     792   14.070750  3.9602E-03
     793   14.074000  3.7538E-03
     794   14.077250  3.5529E-03
     795   14.080500  3.3578E-03
     796   14.083750  3.1687E-03
     797   14.087000  2.9859E-03
     798   14.090250  2.8094E-03
     799   14.093500  2.6395E-03
     800   14.096750  2.4761E-03
     801   14.100000  2.3194E-03
     802   14.103250  2.1694E-03
     803   14.106500  2.0261E-03
     804   14.109750  1.8894E-03
     805   14.113000  1.7594E-03
     806   14.116250  1.6359E-03
     807   14.119500  1.5188E-03
     808   14.122750  1.4080E-03
     809   14.126000  1.3033E-03
     810   14.129250  1.2047E-03
     811   14.132500  1.1119E-03
     812   14.135750  1.0247E-03
     813   14.139000  9.4294E-04
     814   14.142250  8.6646E-04
     815   14.145500  7.9501E-04
     816   14.148750  7.2838E-04
     817   14.152000  6.6636E-04
     818   14.155250  6.0873E-04
     819   14.158500  5.5527E-04
     820   14.161750  5.0577E-04
     821   14.165000  4.6000E-04
     822   14.168250  4.1777E-04
     823   14.171500  3.7886E-04
     824   14.174750  3.4307E-04
     825   14.178000  3.1022E-04
     826   14.181250  2.8010E-04
     827   14.184500  2.5253E-04
     828   14.187750  2.2735E-04
     829   14.191000  2.0438E-04
     830   14.194250  1.8347E-04
     831   14.197500  1.6445E-04
     832   14.200750  1.4720E-04
     833   14.204000  1.3156E-04
     834   14.207250  1.1741E-04
     835   14.210500  1.0464E-04
     836   14.213750  9.3114E-05
     837   14.217000  8.2741E-05
     838   14.220250  7.3417E-05
     839   14.223500  6.5050E-05
     840   14.226750  5.7553E-05
     841   14.230000  5.0847E-05
     842   14.233250  4.4858E-05
     843   14.236500  3.9517E-05
     844   14.239750  3.4762E-05
     845   14.243000  3.0536E-05
     846   14.246250  2.6785E-05
     847   14.249500  2.3461E-05
     848   14.252750  2.0521E-05
     849   14.256000  1.7923E-05
     850   14.259250  1.5632E-05
     851   14.262500  1.3615E-05
     852   14.265750  1.1841E-05
     853   14.269000  1.0284E-05
     854   14.272250  8.9193E-06
     855   14.275500  7.7247E-06
     856   14.278750  6.6808E-06
     857   14.282000  5.7699E-06
     858   14.285250  4.9763E-06
     859   14.288500  4.2859E-06
     860   14.291750  3.6863E-06
     861   14.295000  3.1662E-06
     862   14.298250  2.7157E-06
     863   14.301500  2.3262E-06
     864   14.304750  1.9898E-06
     865   14.308000  1.6998E-06
     866   14.311250  1.4501E-06
     867   14.314500  1.2354E-06
     868   14.317750  1.0511E-06
     869   14.321000  8.9307E-07
     870   14.324250  7.5780E-07
     871   14.327500  6.4217E-07
     872   14.330750  5.4346E-07
     873   14.334000  4.5932E-07
     874   14.337250  3.8770E-07
     875   14.340500  3.2681E-07
     876   14.343750  2.7512E-07
     877   14.347000  2.3131E-07
     878   14.350250  1.9421E-07
     879   14.353500  1.6286E-07
     880   14.356750  1.3638E-07
     881   14.360000  1.1406E-07
     882   14.363250  9.5273E-08
     883   14.366500  7.9473E-08
     884   14.369750  6.6206E-08
     885   14.373000  5.5082E-08
     886   14.376250  4.5766E-08
     887   14.379500  3.7976E-08
     888   14.382750  3.1469E-08
     889   14.386000  2.6043E-08
     890   14.389250  2.1524E-08
     891   14.392500  1.7765E-08
     892   14.395750  1.4643E-08
     893   14.399000  1.2053E-08
     894   14.402250  9.9073E-09
     895   14.405500  8.1326E-09
     896   14.408750  6.6666E-09
     897   14.412000  5.4572E-09
     898   14.415250  4.4610E-09
     899   14.418500  3.6414E-09
     900   14.421750  2.9682E-09
     901   14.425000  2.4160E-09
     902   14.428250  1.9636E-09
     903   14.431500  1.5936E-09
     904   14.434750  1.2914E-09
     905   14.438000  1.0450E-09
     906   14.441250  8.4432E-10
     907   14.444500  6.8114E-10
     908   14.447750  5.4866E-10
     909   14.451000  4.4125E-10
     910   14.454250  3.5431E-10
     911   14.457500  2.8405E-10
     912   14.460750  2.2736E-10
     913   14.464000  1.8170E-10
     914   14.467250  1.4498E-10
     915   14.470500  1.1549E-10
     916   14.473750  9.1844E-11
     917   14.477000  7.2919E-11
     918   14.480250  5.7797E-11
     919   14.483500  4.5732E-11
     920   14.486750  3.6119E-11
     921   14.490000  2.8476E-11
     922   14.493250  2.2415E-11
     923   14.496500  1.7615E-11
     924   14.499750  1.3819E-11
     925   14.503000  1.0821E-11
     926   14.506250  8.4585E-12
     927   14.509500  6.5998E-12
     928   14.512750  5.1402E-12
     929   14.516000  3.9956E-12
     930   14.519250  3.0959E-12
     931   14.522500  2.3924E-12
     932   14.525750  1.8482E-12
     933   14.529000  1.4267E-12
     934   14.532250  1.0992E-12
     935   14.535500  8.4480E-13
     936   14.538750  6.4797E-13
     937   14.542000  4.9634E-13
     938   14.545250  3.7948E-13
     939   14.548500  2.8929E-13
     940   14.551750  2.1960E-13
     941   14.555000  1.6615E-13
     942   14.558250  1.2577E-13
     943   14.561500  9.5274E-14
     944   14.564750  7.2009E-14
     945   14.568000  5.4107E-14
     946   14.571250  4.0570E-14
     947   14.574500  3.0495E-14
     948   14.577750  2.2875E-14
     949   14.581000  1.6919E-14
     950   14.584250  1.2460E-14
     951   14.587500  9.2421E-15
     952   14.590750  6.8450E-15
     953   14.594000  5.0887E-15
     954   14.597250  3.7583E-15
     955   14.600500  2.7449E-15
     956   14.603750  2.0087E-15
     957   14.607000  1.4817E-15
     958   14.610250  1.0906E-15
     959   14.613500  7.9142E-16
     960   14.616750  5.6176E-16
     961   14.620000  4.0250E-16
     962   14.623250  2.9410E-16
     963   14.626500  2.1442E-16
     964   14.629750  1.5598E-16
     965   14.633000  1.1322E-16
     966   14.636250  8.1995E-17
     967   14.639500  5.9252E-17
     968   14.642750  4.2722E-17
     969   14.646000  3.0736E-17
     970   14.649250  1.1947E-17
     971   14.652500  0.0000E+00
     972   14.655750  0.0000E+00
     973   14.659000  0.0000E+00
     974   14.662250  0.0000E+00
     975   14.665500  0.0000E+00
     976   14.668750  0.0000E+00
     977   14.672000  0.0000E+00
     978   14.675250  0.0000E+00
     979   14.678500  0.0000E+00
     980   14.681750  0.0000E+00
     981   14.685000  0.0000E+00
     982   14.688250  0.0000E+00
     983   14.691500  0.0000E+00
     984   14.694750  0.0000E+00
     985   14.698000  0.0000E+00
     986   14.701250  0.0000E+00
     987   14.704500  0.0000E+00
     988   14.707750  0.0000E+00
     989   14.711000  0.0000E+00
     990   14.714250  0.0000E+00
     991   14.717500  0.0000E+00
     992   14.720750  0.0000E+00
     993   14.724000  0.0000E+00
     994   14.727250  0.0000E+00
     995   14.730500  0.0000E+00
     996   14.733750  0.0000E+00
     997   14.737000  0.0000E+00
     998   14.740250  0.0000E+00
     999   14.743500  0.0000E+00
    1000   14.746750  0.0000E+00
    1001   14.750000  0.0000E+00
    1002   14.753250  0.0000E+00
    1003   14.756500  0.0000E+00
    1004   14.759750  0.0000E+00
    1005   14.763000  0.0000E+00
    1006   14.766250  0.0000E+00
    1007   14.769500  0.0000E+00
    1008   14.772750  0.0000E+00
    1009   14.776000  0.0000E+00
    1010   14.779250  0.0000E+00
    1011   14.782500  0.0000E+00
    1012   14.785750  0.0000E+00
    1013   14.789000  0.0000E+00
    1014   14.792250  0.0000E+00
    1015   14.795500  0.0000E+00
    1016   14.798750  0.0000E+00
    1017   14.802000  0.0000E+00
    1018   14.805250  0.0000E+00
    1019   14.808500  0.0000E+00
    1020   14.811750  0.0000E+00
    1021   14.815000  0.0000E+00
    1022   14.818250  0.0000E+00
    1023   14.821500  0.0000E+00
    1024   14.824750  0.0000E+00
    1025   14.828000  0.0000E+00
    1026   14.831250  0.0000E+00
    1027   14.834500  0.0000E+00
    1028   14.837750  0.0000E+00
    1029   14.841000  0.0000E+00
    1030   14.844250  0.0000E+00
    1031   14.847500  0.0000E+00
    1032   14.850750  0.0000E+00
    1033   14.854000  0.0000E+00
    1034   14.857250  0.0000E+00
    1035   14.860500  0.0000E+00
    1036   14.863750  0.0000E+00
    1037   14.867000  0.0000E+00
    1038   14.870250  0.0000E+00
    1039   14.873500  0.0000E+00
    1040   14.876750  0.0000E+00
    1041   14.880000  0.0000E+00
    1042   14.883250  0.0000E+00
    1043   14.886500  0.0000E+00
    1044   14.889750  0.0000E+00
    1045   14.893000  0.0000E+00
    1046   14.896250  0.0000E+00
    1047   14.899500  0.0000E+00
    1048   14.902750  0.0000E+00
    1049   14.906000  0.0000E+00
    1050   14.909250  0.0000E+00
    1051   14.912500  0.0000E+00
    1052   14.915750  0.0000E+00
    1053   14.919000  0.0000E+00
    1054   14.922250  0.0000E+00
    1055   14.925500  0.0000E+00
    1056   14.928750  0.0000E+00
    1057   14.932000  0.0000E+00
    1058   14.935250  0.0000E+00
    1059   14.938500  0.0000E+00
    1060   14.941750  0.0000E+00
    1061   14.945000  0.0000E+00
    1062   14.948250  0.0000E+00
    1063   14.951500  0.0000E+00
    1064   14.954750  0.0000E+00
    1065   14.958000  0.0000E+00
    1066   14.961250  0.0000E+00
    1067   14.964500  0.0000E+00
    1068   14.967750  0.0000E+00
    1069   14.971000  0.0000E+00
    1070   14.974250  0.0000E+00
    1071   14.977500  0.0000E+00
    1072   14.980750  0.0000E+00
    1073   14.984000  0.0000E+00
    1074   14.987250  0.0000E+00
    1075   14.990500  0.0000E+00
    1076   14.993750  0.0000E+00
    1077   14.997000  0.0000E+00
    1078   15.000250  0.0000E+00
    1079   15.003500  0.0000E+00
    1080   15.006750  0.0000E+00
    1081   15.010000  0.0000E+00
    1082   15.013250  0.0000E+00
    1083   15.016500  0.0000E+00
    1084   15.019750  0.0000E+00
    1085   15.023000  0.0000E+00
    1086   15.026250  0.0000E+00
    1087   15.029500  0.0000E+00
    1088   15.032750  0.0000E+00
    1089   15.036000  0.0000E+00
    1090   15.039250  0.0000E+00
    1091   15.042500  0.0000E+00
    1092   15.045750  0.0000E+00
    1093   15.049000  0.0000E+00
    1094   15.052250  0.0000E+00
    1095   15.055500  0.0000E+00
    1096   15.058750  0.0000E+00
    1097   15.062000  0.0000E+00
    1098   15.065250  0.0000E+00
    1099   15.068500  0.0000E+00
    1100   15.071750  0.0000E+00
    1101   15.075000  0.0000E+00
    1102   15.078250  0.0000E+00
    1103   15.081500  0.0000E+00
    1104   15.084750  0.0000E+00
    1105   15.088000  0.0000E+00
    1106   15.091250  0.0000E+00
    1107   15.094500  0.0000E+00
    1108   15.097750  0.0000E+00
    1109   15.101000  0.0000E+00
    1110   15.104250  0.0000E+00
    1111   15.107500  0.0000E+00
    1112   15.110750  0.0000E+00
    1113   15.114000  0.0000E+00
    1114   15.117250  0.0000E+00
    1115   15.120500  0.0000E+00
    1116   15.123750  0.0000E+00
    1117   15.127000  0.0000E+00
    1118   15.130250  0.0000E+00
    1119   15.133500  0.0000E+00
    1120   15.136750  0.0000E+00
    1121   15.140000  0.0000E+00
    1122   15.143250  0.0000E+00
    1123   15.146500  0.0000E+00
    1124   15.149750  0.0000E+00
    1125   15.153000  0.0000E+00
    1126   15.156250  0.0000E+00
    1127   15.159500  0.0000E+00
    1128   15.162750  0.0000E+00
    1129   15.166000  0.0000E+00
    1130   15.169250  0.0000E+00
    1131   15.172500  0.0000E+00
    1132   15.175750  0.0000E+00
    1133   15.179000  0.0000E+00
    1134   15.182250  0.0000E+00
    1135   15.185500  0.0000E+00
    1136   15.188750  0.0000E+00
    1137   15.192000  0.0000E+00
    1138   15.195250  0.0000E+00
    1139   15.198500  0.0000E+00
    1140   15.201750  0.0000E+00
    1141   15.205000  0.0000E+00
    1142   15.208250  0.0000E+00
    1143   15.211500  0.0000E+00
    1144   15.214750  0.0000E+00
    1145   15.218000  0.0000E+00
    1146   15.221250  0.0000E+00
    1147   15.224500  0.0000E+00
    1148   15.227750  0.0000E+00
    1149   15.231000  0.0000E+00
    1150   15.234250  0.0000E+00
    1151   15.237500  0.0000E+00
    1152   15.240750  0.0000E+00
    1153   15.244000  0.0000E+00
    1154   15.247250  0.0000E+00
    1155   15.250500  0.0000E+00
    1156   15.253750  0.0000E+00
    1157   15.257000  0.0000E+00
    1158   15.260250  0.0000E+00
    1159   15.263500  0.0000E+00
    1160   15.266750  0.0000E+00
    1161   15.270000  0.0000E+00
    1162   15.273250  0.0000E+00
    1163   15.276500  0.0000E+00
    1164   15.279750  0.0000E+00
    1165   15.283000  0.0000E+00
    1166   15.286250  0.0000E+00
    1167   15.289500  0.0000E+00
    1168   15.292750  0.0000E+00
    1169   15.296000  0.0000E+00
    1170   15.299250  0.0000E+00
    1171   15.302500  0.0000E+00
    1172   15.305750  0.0000E+00
    1173   15.309000  0.0000E+00
    1174   15.312250  0.0000E+00
    1175   15.315500  0.0000E+00
    1176   15.318750  0.0000E+00
    1177   15.322000  0.0000E+00
    1178   15.325250  0.0000E+00
    1179   15.328500  0.0000E+00
    1180   15.331750  0.0000E+00
    1181   15.335000  0.0000E+00
    1182   15.338250  0.0000E+00
    1183   15.341500  0.0000E+00
    1184   15.344750  0.0000E+00
    1185   15.348000  0.0000E+00
    1186   15.351250  0.0000E+00
    1187   15.354500  0.0000E+00
    1188   15.357750  0.0000E+00
    1189   15.361000  0.0000E+00
    1190   15.364250  0.0000E+00
    1191   15.367500  0.0000E+00
    1192   15.370750  0.0000E+00
    1193   15.374000  0.0000E+00
    1194   15.377250  0.0000E+00
    1195   15.380500  0.0000E+00
    1196   15.383750  0.0000E+00
    1197   15.387000  0.0000E+00
    1198   15.390250  0.0000E+00
    1199   15.393500  0.0000E+00
    1200   15.396750  0.0000E+00
    1201   15.400000  0.0000E+00
    1202   15.403250  0.0000E+00
    1203   15.406500  0.0000E+00
    1204   15.409750  0.0000E+00
    1205   15.413000  0.0000E+00
    1206   15.416250  2.0786E-30
    1207   15.419500  8.2928E-18
    1208   15.422750  2.1335E-17
    1209   15.426000  2.9655E-17
    1210   15.429250  4.1129E-17
    1211   15.432500  5.6915E-17
    1212   15.435750  7.8587E-17
    1213   15.439000  1.0827E-16
    1214   15.442250  1.8209E-16
    1215   15.445500  3.6221E-16
    1216   15.448750  5.8486E-16
    1217   15.452000  8.0575E-16
    1218   15.455250  1.1077E-15
    1219   15.458500  1.5340E-15
    1220   15.461750  2.1173E-15
    1221   15.465000  2.8929E-15
    1222   15.468250  3.9443E-15
    1223   15.471500  5.3661E-15
    1224   15.474750  7.2850E-15
    1225   15.478000  9.8688E-15
    1226   15.481250  1.3340E-14
    1227   15.484500  1.8006E-14
    1228   15.487750  2.4249E-14
    1229   15.491000  3.2571E-14
    1230   15.494250  4.3654E-14
    1231   15.497500  5.8385E-14
    1232   15.500750  7.7919E-14
    1233   15.504000  1.0377E-13
    1234   15.507250  1.3789E-13
    1235   15.510500  1.8284E-13
    1236   15.513750  2.4194E-13
    1237   15.517000  3.1944E-13
    1238   15.520250  4.2088E-13
    1239   15.523500  5.5338E-13
    1240   15.526750  7.2602E-13
    1241   15.530000  9.5043E-13
    1242   15.533250  1.2415E-12
    1243   15.536500  1.6184E-12
    1244   15.539750  2.1050E-12
    1245   15.543000  2.7321E-12
    1246   15.546250  3.5385E-12
    1247   15.549500  4.5731E-12
    1248   15.552750  5.8987E-12
    1249   15.556000  7.5964E-12
    1250   15.559250  9.7653E-12
    1251   15.562500  1.2526E-11
    1252   15.565750  1.6026E-11
    1253   15.569000  2.0455E-11
    1254   15.572250  2.6050E-11
    1255   15.575500  3.3107E-11
    1256   15.578750  4.1986E-11
    1257   15.582000  5.3135E-11
    1258   15.585250  6.7102E-11
    1259   15.588500  8.4564E-11
    1260   15.591750  1.0635E-10
    1261   15.595000  1.3348E-10
    1262   15.598250  1.6718E-10
    1263   15.601500  2.0895E-10
    1264   15.604750  2.6061E-10
    1265   15.608000  3.2435E-10
    1266   15.611250  4.0284E-10
    1267   15.614500  4.9931E-10
    1268   15.617750  6.1760E-10
    1269   15.621000  7.6235E-10
    1270   15.624250  9.3912E-10
    1271   15.627500  1.1545E-09
    1272   15.630750  1.4165E-09
    1273   15.634000  1.7344E-09
    1274   15.637250  2.1194E-09
    1275   15.640500  2.5848E-09
    1276   15.643750  3.1461E-09
    1277   15.647000  3.8219E-09
    1278   15.650250  4.6338E-09
    1279   15.653500  5.6073E-09
    1280   15.656750  6.7725E-09
    1281   15.660000  8.1643E-09
    1282   15.663250  9.8238E-09
    1283   15.666500  1.1799E-08
    1284   15.669750  1.4145E-08
    1285   15.673000  1.6928E-08
    1286   15.676250  2.0222E-08
    1287   15.679500  2.4115E-08
    1288   15.682750  2.8708E-08
    1289   15.686000  3.4118E-08
    1290   15.689250  4.0482E-08
    1291   15.692500  4.7956E-08
    1292   15.695750  5.6720E-08
    1293   15.699000  6.6983E-08
    1294   15.702250  7.8986E-08
    1295   15.705500  9.3004E-08
    1296   15.708750  1.0936E-07
    1297   15.712000  1.2841E-07
    1298   15.715250  1.5059E-07
    1299   15.718500  1.7638E-07
    1300   15.721750  2.0634E-07
    1301   15.725000  2.4111E-07
    1302   15.728250  2.8144E-07
    1303   15.731500  3.2817E-07
    1304   15.734750  3.8228E-07
    1305   15.738000  4.4490E-07
    1306   15.741250  5.1734E-07
    1307   15.744500  6.0107E-07
    1308   15.747750  6.9783E-07
    1309   15.751000  8.0959E-07
    1310   15.754250  9.3862E-07
    1311   15.757500  1.0875E-06
    1312   15.760750  1.2594E-06
    1313   15.764000  1.4576E-06
    1314   15.767250  1.6862E-06
    1315   15.770500  1.9497E-06
    1316   15.773750  2.2533E-06
    1317   15.777000  2.6032E-06
    1318   15.780250  3.0062E-06
    1319   15.783500  3.4701E-06
    1320   15.786750  4.0041E-06
    1321   15.790000  4.6184E-06
    1322   15.793250  5.3247E-06
    1323   15.796500  6.1365E-06
    1324   15.799750  7.0690E-06
    1325   15.803000  8.1393E-06
    1326   15.806250  9.3670E-06
    1327   15.809500  1.0774E-05
    1328   15.812750  1.2386E-05
    1329   15.816000  1.4230E-05
    1330   15.819250  1.6338E-05
    1331   15.822500  1.8744E-05
    1332   15.825750  2.1490E-05
    1333   15.829000  2.4617E-05
    1334   15.832250  2.8176E-05
    1335   15.835500  3.2221E-05
    1336   15.838750  3.6810E-05
    1337   15.842000  4.2011E-05
    1338   15.845250  4.7896E-05
    1339   15.848500  5.4544E-05
    1340   15.851750  6.2044E-05
    1341   15.855000  7.0489E-05
    1342   15.858250  7.9982E-05
    1343   15.861500  9.0636E-05
    1344   15.864750  1.0257E-04
    1345   15.868000  1.1592E-04
    1346   15.871250  1.3081E-04
    1347   15.874500  1.4740E-04
    1348   15.877750  1.6585E-04
    1349   15.881000  1.8632E-04
    1350   15.884250  2.0899E-04
    1351   15.887500  2.3404E-04
    1352   15.890750  2.6166E-04
    1353   15.894000  2.9207E-04
    1354   15.897250  3.2545E-04
    1355   15.900500  3.6204E-04
    1356   15.903750  4.0205E-04
    1357   15.907000  4.4570E-04
    1358   15.910250  4.9321E-04
    1359   15.913500  5.4482E-04
    1360   15.916750  6.0075E-04
    1361   15.920000  6.6123E-04
    1362   15.923250  7.2646E-04
    1363   15.926500  7.9666E-04
    1364   15.929750  8.7204E-04
    1365   15.933000  9.5277E-04
    1366   15.936250  1.0390E-03
    1367   15.939500  1.1310E-03
    1368   15.942750  1.2287E-03
    1369   15.946000  1.3324E-03
    1370   15.949250  1.4421E-03
    1371   15.952500  1.5579E-03
    1372   15.955750  1.6797E-03
    1373   15.959000  1.8077E-03
    1374   15.962250  1.9416E-03
    1375   15.965500  2.0814E-03
    1376   15.968750  2.2270E-03
    1377   15.972000  2.3783E-03
    1378   15.975250  2.5348E-03
    1379   15.978500  2.6965E-03
    1380   15.981750  2.8630E-03
    1381   15.985000  3.0338E-03
    1382   15.988250  3.2087E-03
    1383   15.991500  3.3870E-03
    1384   15.994750  3.5683E-03
    1385   15.998000  3.7521E-03
    1386   16.001250  3.9377E-03
    1387   16.004500  4.1244E-03
    1388   16.007750  4.3117E-03
    1389   16.011000  4.4987E-03
    1390   16.014250  4.6847E-03
    1391   16.017500  4.8691E-03
    1392   16.020750  5.0509E-03
    1393   16.024000  5.2293E-03
    1394   16.027250  5.4037E-03
    1395   16.030500  5.5731E-03
    1396   16.033750  5.7367E-03
    1397   16.037000  5.8938E-03
    1398   16.040250  6.0436E-03
    1399   16.043500  6.1853E-03
    1400   16.046750  6.3182E-03
    1401   16.050000  6.4416E-03
    1402   16.053250  6.5549E-03
    1403   16.056500  6.6576E-03
    1404   16.059750  6.7491E-03
    1405   16.063000  6.8288E-03
    1406   16.066250  6.8966E-03
    1407   16.069500  6.9519E-03
    1408   16.072750  6.9946E-03
    1409   16.076000  7.0245E-03
    1410   16.079250  7.0416E-03
    1411   16.082500  7.0457E-03
    1412   16.085750  7.0370E-03
    1413   16.089000  7.0156E-03
    1414   16.092250  6.9818E-03
    1415   16.095500  6.9359E-03
    1416   16.098750  6.8784E-03
    1417   16.102000  6.8096E-03
    1418   16.105250  6.7302E-03
    1419   16.108500  6.6407E-03
    1420   16.111750  6.5420E-03
    1421   16.115000  6.4346E-03
    1422   16.118250  6.3195E-03
    1423   16.121500  6.1975E-03
    1424   16.124750  6.0695E-03
    1425   16.128000  5.9365E-03
    1426   16.131250  5.7994E-03
    1427   16.134500  5.6593E-03
    1428   16.137750  5.5172E-03
    1429   16.141000  5.3741E-03
    1430   16.144250  5.2312E-03
    1431   16.147500  5.0894E-03
    1432   16.150750  4.9499E-03
    1433   16.154000  4.8137E-03
    1434   16.157250  4.6819E-03
    1435   16.160500  4.5555E-03
    1436   16.163750  4.4355E-03
    1437   16.167000  4.3229E-03
    1438   16.170250  4.2188E-03
    1439   16.173500  4.1239E-03
    1440   16.176750  4.0393E-03
    1441   16.180000  3.9659E-03
    1442   16.183250  3.9044E-03
    1443   16.186500  3.8557E-03
    1444   16.189750  3.8204E-03
    1445   16.193000  3.7994E-03
    1446   16.196250  3.7933E-03
    1447   16.199500  3.8028E-03
    1448   16.202750  3.8283E-03
    1449   16.206000  3.8704E-03
    1450   16.209250  3.9297E-03
    1451   16.212500  4.0065E-03
    1452   16.215750  4.1013E-03
    1453   16.219000  4.2143E-03
    1454   16.222250  4.3459E-03
    1455   16.225500  4.4962E-03
    1456   16.228750  4.6655E-03
    1457   16.232000  4.8539E-03
    1458   16.235250  5.0615E-03
    1459   16.238500  5.2882E-03
    1460   16.241750  5.5341E-03
    1461   16.245000  5.7990E-03
    1462   16.248250  6.0828E-03
    1463   16.251500  6.3853E-03
    1464   16.254750  6.7063E-03
    1465   16.258000  7.0454E-03
    1466   16.261250  7.4022E-03
    1467   16.264500  7.7764E-03
    1468   16.267750  8.1674E-03
    1469   16.271000  8.5747E-03
    1470   16.274250  8.9979E-03
    1471   16.277500  9.4361E-03
    1472   16.280750  9.8889E-03
    1473   16.284000  1.0355E-02
    1474   16.287250  1.0835E-02
    1475   16.290500  1.1327E-02
    1476   16.293750  1.1830E-02
    1477   16.297000  1.2344E-02
    1478   16.300250  1.2867E-02
    1479   16.303500  1.3400E-02
    1480   16.306750  1.3940E-02
    1481   16.310000  1.4487E-02
    1482   16.313250  1.5041E-02
    1483   16.316500  1.5599E-02
    1484   16.319750  1.6163E-02
    1485   16.323000  1.6729E-02
    1486   16.326250  1.7298E-02
    1487   16.329500  1.7869E-02
    1488   16.332750  1.8441E-02
    1489   16.336000  1.9013E-02
    1490   16.339250  1.9584E-02
    1491   16.342500  2.0154E-02
    1492   16.345750  2.0721E-02
    1493   16.349000  2.1286E-02
    1494   16.352250  2.1848E-02
    1495   16.355500  2.2406E-02
    1496   16.358750  2.2959E-02
    1497   16.362000  2.3507E-02
    1498   16.365250  2.4049E-02
    1499   16.368500  2.4586E-02
    1500   16.371750  2.5117E-02
    1501   16.375000  2.5640E-02
    1502   16.378250  2.6157E-02
    1503   16.381500  2.6667E-02
    1504   16.384750  2.7168E-02
    1505   16.388000  2.7662E-02
    1506   16.391250  2.8148E-02
    1507   16.394500  2.8626E-02
    1508   16.397750  2.9095E-02
    1509   16.401000  2.9555E-02
    1510   16.404250  3.0006E-02
    1511   16.407500  3.0449E-02
    1512   16.410750  3.0881E-02
    1513   16.414000  3.1304E-02
    1514   16.417250  3.1718E-02
    1515   16.420500  3.2121E-02
    1516   16.423750  3.2514E-02
    1517   16.427000  3.2897E-02
    1518   16.430250  3.3269E-02
    1519   16.433500  3.3630E-02
    1520   16.436750  3.3980E-02
    1521   16.440000  3.4319E-02
    1522   16.443250  3.4646E-02
    1523   16.446500  3.4962E-02
    1524   16.449750  3.5266E-02
    1525   16.453000  3.5559E-02
    1526   16.456250  3.5839E-02
    1527   16.459500  3.6107E-02
    1528   16.462750  3.6362E-02
    1529   16.466000  3.6606E-02
    1530   16.469250  3.6837E-02
    1531   16.472500  3.7055E-02
    1532   16.475750  3.7261E-02
    1533   16.479000  3.7454E-02
    1534   16.482250  3.7635E-02
    1535   16.485500  3.7804E-02
    1536   16.488750  3.7960E-02
    1537   16.492000  3.8103E-02
    1538   16.495250  3.8235E-02
    1539   16.498500  3.8354E-02
    1540   16.501750  3.8462E-02
    1541   16.505000  3.8557E-02
    1542   16.508250  3.8640E-02
    1543   16.511500  3.8711E-02
    1544   16.514750  3.8771E-02
    1545   16.518000  3.8819E-02
    1546   16.521250  3.8854E-02
    1547   16.524500  3.8878E-02
    1548   16.527750  3.8891E-02
    1549   16.531000  3.8891E-02
    1550   16.534250  3.8879E-02
    1551   16.537500  3.8855E-02
    1552   16.540750  3.8818E-02
    1553   16.544000  3.8769E-02
    1554   16.547250  3.8708E-02
    1555   16.550500  3.8633E-02
    1556   16.553750  3.8546E-02
    1557   16.557000  3.8445E-02
    1558   16.560250  3.8330E-02
    1559   16.563500  3.8202E-02
    1560   16.566750  3.8060E-02
    1561   16.570000  3.7903E-02
    1562   16.573250  3.7733E-02
    1563   16.576500  3.7547E-02
    1564   16.579750  3.7348E-02
    1565   16.583000  3.7133E-02
    1566   16.586250  3.6905E-02
    1567   16.589500  3.6661E-02
    1568   16.592750  3.6404E-02
    1569   16.596000  3.6132E-02
    1570   16.599250  3.5847E-02
    1571   16.602500  3.5547E-02
    1572   16.605750  3.5235E-02
    1573   16.609000  3.4910E-02
    1574   16.612250  3.4573E-02
    1575   16.615500  3.4225E-02
    1576   16.618750  3.3865E-02
    1577   16.622000  3.3496E-02
    1578   16.625250  3.3117E-02
    1579   16.628500  3.2729E-02
    1580   16.631750  3.2333E-02
    1581   16.635000  3.1930E-02
    1582   16.638250  3.1521E-02
    1583   16.641500  3.1106E-02
    1584   16.644750  3.0687E-02
    1585   16.648000  3.0263E-02
    1586   16.651250  2.9837E-02
    1587   16.654500  2.9407E-02
    1588   16.657750  2.8977E-02
    1589   16.661000  2.8544E-02
    1590   16.664250  2.8112E-02
    1591   16.667500  2.7679E-02
    1592   16.670750  2.7246E-02
    1593   16.674000  2.6814E-02
    1594   16.677250  2.6383E-02
    1595   16.680500  2.5954E-02
    1596   16.683750  2.5525E-02
    1597   16.687000  2.5099E-02
    1598   16.690250  2.4674E-02
    1599   16.693500  2.4250E-02
    1600   16.696750  2.3829E-02
    1601   16.700000  2.3409E-02
    1602   16.703250  2.2991E-02
    1603   16.706500  2.2574E-02
    1604   16.709750  2.2158E-02
    1605   16.713000  2.1744E-02
    1606   16.716250  2.1330E-02
    1607   16.719500  2.0918E-02
    1608   16.722750  2.0507E-02
    1609   16.726000  2.0096E-02
    1610   16.729250  1.9686E-02
    1611   16.732500  1.9277E-02
    1612   16.735750  1.8869E-02
    1613   16.739000  1.8461E-02
    1614   16.742250  1.8055E-02
    1615   16.745500  1.7650E-02
    1616   16.748750  1.7247E-02
    1617   16.752000  1.6846E-02
    1618   16.755250  1.6448E-02
    1619   16.758500  1.6052E-02
    1620   16.761750  1.5660E-02
    1621   16.765000  1.5273E-02
    1622   16.768250  1.4890E-02
    1623   16.771500  1.4514E-02
    1624   16.774750  1.4144E-02
    1625   16.778000  1.3783E-02
    1626   16.781250  1.3430E-02
    1627   16.784500  1.3088E-02
    1628   16.787750  1.2758E-02
    1629   16.791000  1.2440E-02
    1630   16.794250  1.2137E-02
    1631   16.797500  1.1849E-02
    1632   16.800750  1.1579E-02
    1633   16.804000  1.1329E-02
    1634   16.807250  1.1099E-02
    1635   16.810500  1.0892E-02
    1636   16.813750  1.0710E-02
    1637   16.817000  1.0555E-02
    1638   16.820250  1.0428E-02
    1639   16.823500  1.0333E-02
    1640   16.826750  1.0270E-02
    1641   16.830000  1.0243E-02
    1642   16.833250  1.0253E-02
    1643   16.836500  1.0303E-02
    1644   16.839750  1.0395E-02
    1645   16.843000  1.0532E-02
    1646   16.846250  1.0716E-02
    1647   16.849500  1.0949E-02
    1648   16.852750  1.1233E-02
    1649   16.856000  1.1572E-02
    1650   16.859250  1.1966E-02
    1651   16.862500  1.2419E-02
    1652   16.865750  1.2931E-02
    1653   16.869000  1.3507E-02
    1654   16.872250  1.4146E-02
    1655   16.875500  1.4851E-02
    1656   16.878750  1.5623E-02
    1657   16.882000  1.6463E-02
    1658   16.885250  1.7373E-02
    1659   16.888500  1.8354E-02
    1660   16.891750  1.9405E-02
    1661   16.895000  2.0528E-02
    1662   16.898250  2.1721E-02
    1663   16.901500  2.2985E-02
    1664   16.904750  2.4318E-02
    1665   16.908000  2.5720E-02
    1666   16.911250  2.7189E-02
    1667   16.914500  2.8722E-02
    1668   16.917750  3.0318E-02
    1669   16.921000  3.1974E-02
    1670   16.924250  3.3686E-02
    1671   16.927500  3.5450E-02
    1672   16.930750  3.7262E-02
    1673   16.934000  3.9119E-02
    1674   16.937250  4.1014E-02
    1675   16.940500  4.2943E-02
    1676   16.943750  4.4899E-02
    1677   16.947000  4.6877E-02
    1678   16.950250  4.8871E-02
    1679   16.953500  5.0873E-02
    1680   16.956750  5.2878E-02
    1681   16.960000  5.4877E-02
    1682   16.963250  5.6864E-02
    1683   16.966500  5.8832E-02
    1684   16.969750  6.0773E-02
    1685   16.973000  6.2680E-02
    1686   16.976250  6.4546E-02
    1687   16.979500  6.6364E-02
    1688   16.982750  6.8127E-02
    1689   16.986000  6.9828E-02
    1690   16.989250  7.1462E-02
    1691   16.992500  7.3022E-02
    1692   16.995750  7.4502E-02
    1693   16.999000  7.5899E-02
    1694   17.002250  7.7205E-02
    1695   17.005500  7.8419E-02
    1696   17.008750  7.9536E-02
    1697   17.012000  8.0553E-02
    1698   17.015250  8.1467E-02
    1699   17.018500  8.2277E-02
    1700   17.021750  8.2982E-02
    1701   17.025000  8.3580E-02
    1702   17.028250  8.4072E-02
    1703   17.031500  8.4458E-02
    1704   17.034750  8.4740E-02
    1705   17.038000  8.4918E-02
    1706   17.041250  8.4995E-02
    1707   17.044500  8.4974E-02
    1708   17.047750  8.4858E-02
    1709   17.051000  8.4649E-02
    1710   17.054250  8.4353E-02
    1711   17.057500  8.3972E-02
    1712   17.060750  8.3512E-02
    1713   17.064000  8.2977E-02
    1714   17.067250  8.2371E-02
    1715   17.070500  8.1700E-02
    1716   17.073750  8.0968E-02
    1717   17.077000  8.0180E-02
    1718   17.080250  7.9342E-02
    1719   17.083500  7.8458E-02
    1720   17.086750  7.7533E-02
    1721   17.090000  7.6571E-02
    1722   17.093250  7.5578E-02
    1723   17.096500  7.4557E-02
    1724   17.099750  7.3514E-02
    1725   17.103000  7.2451E-02
    1726   17.106250  7.1373E-02
    1727   17.109500  7.0283E-02
    1728   17.112750  6.9186E-02
    1729   17.116000  6.8083E-02
    1730   17.119250  6.6979E-02
    1731   17.122500  6.5876E-02
    1732   17.125750  6.4777E-02
    1733   17.129000  6.3684E-02
    1734   17.132250  6.2600E-02
    1735   17.135500  6.1528E-02
    1736   17.138750  6.0469E-02
    1737   17.142000  5.9426E-02
    1738   17.145250  5.8400E-02
    1739   17.148500  5.7394E-02
    1740   17.151750  5.6409E-02
    1741   17.155000  5.5448E-02
    1742   17.158250  5.4512E-02
    1743   17.161500  5.3602E-02
    1744   17.164750  5.2721E-02
    1745   17.168000  5.1870E-02
    1746   17.171250  5.1051E-02
    1747   17.174500  5.0265E-02
    1748   17.177750  4.9513E-02
    1749   17.181000  4.8796E-02
    1750   17.184250  4.8116E-02
    1751   17.187500  4.7475E-02
    1752   17.190750  4.6871E-02
    1753   17.194000  4.6307E-02
    1754   17.197250  4.5783E-02
    1755   17.200500  4.5299E-02
    1756   17.203750  4.4855E-02
    1757   17.207000  4.4452E-02
    1758   17.210250  4.4088E-02
    1759   17.213500  4.3765E-02
    1760   17.216750  4.3480E-02
    1761   17.220000  4.3234E-02
    1762   17.223250  4.3024E-02
    1763   17.226500  4.2851E-02
    1764   17.229750  4.2712E-02
    1765   17.233000  4.2607E-02
    1766   17.236250  4.2533E-02
    1767   17.239500  4.2489E-02
    1768   17.242750  4.2474E-02
    1769   17.246000  4.2485E-02
    1770   17.249250  4.2522E-02
    1771   17.252500  4.2581E-02
    1772   17.255750  4.2663E-02
    1773   17.259000  4.2765E-02
    1774   17.262250  4.2887E-02
    1775   17.265500  4.3027E-02
    1776   17.268750  4.3184E-02
    1777   17.272000  4.3358E-02
    1778   17.275250  4.3549E-02
    1779   17.278500  4.3756E-02
    1780   17.281750  4.3980E-02
    1781   17.285000  4.4221E-02
    1782   17.288250  4.4480E-02
    1783   17.291500  4.4758E-02
    1784   17.294750  4.5057E-02
    1785   17.298000  4.5378E-02
    1786   17.301250  4.5723E-02
    1787   17.304500  4.6093E-02
    1788   17.307750  4.6492E-02
    1789   17.311000  4.6921E-02
    1790   17.314250  4.7383E-02
    1791   17.317500  4.7879E-02
    1792   17.320750  4.8413E-02
    1793   17.324000  4.8985E-02
    1794   17.327250  4.9599E-02
    1795   17.330500  5.0256E-02
    1796   17.333750  5.0958E-02
    1797   17.337000  5.1704E-02
    1798   17.340250  5.2497E-02
    1799   17.343500  5.3336E-02
    1800   17.346750  5.4222E-02
    1801   17.350000  5.5152E-02
    1802   17.353250  5.6127E-02
    1803   17.356500  5.7143E-02
    1804   17.359750  5.8199E-02
    1805   17.363000  5.9290E-02
    1806   17.366250  6.0414E-02
    1807   17.369500  6.1566E-02
    1808   17.372750  6.2740E-02
    1809   17.376000  6.3932E-02
    1810   17.379250  6.5134E-02
    1811   17.382500  6.6340E-02
    1812   17.385750  6.7542E-02
    1813   17.389000  6.8734E-02
    1814   17.392250  6.9907E-02
    1815   17.395500  7.1053E-02
    1816   17.398750  7.2164E-02
    1817   17.402000  7.3231E-02
    1818   17.405250  7.4246E-02
    1819   17.408500  7.5200E-02
    1820   17.411750  7.6085E-02
    1821   17.415000  7.6893E-02
    1822   17.418250  7.7617E-02
    1823   17.421500  7.8248E-02
    1824   17.424750  7.8781E-02
    1825   17.428000  7.9209E-02
    1826   17.431250  7.9526E-02
    1827   17.434500  7.9728E-02
    1828   17.437750  7.9811E-02
    1829   17.441000  7.9771E-02
    1830   17.444250  7.9606E-02
    1831   17.447500  7.9315E-02
    1832   17.450750  7.8896E-02
    1833   17.454000  7.8350E-02
    1834   17.457250  7.7678E-02
    1835   17.460500  7.6883E-02
    1836   17.463750  7.5967E-02
    1837   17.467000  7.4933E-02
    1838   17.470250  7.3788E-02
    1839   17.473500  7.2536E-02
    1840   17.476750  7.1183E-02
    1841   17.480000  6.9736E-02
    1842   17.483250  6.8203E-02
    1843   17.486500  6.6592E-02
    1844   17.489750  6.4910E-02
    1845   17.493000  6.3168E-02
    1846   17.496250  6.1375E-02
    1847   17.499500  5.9539E-02
    1848   17.502750  5.7671E-02
    1849   17.506000  5.5781E-02
    1850   17.509250  5.3878E-02
    1851   17.512500  5.1972E-02
    1852   17.515750  5.0073E-02
    1853   17.519000  4.8191E-02
    1854   17.522250  4.6335E-02
    1855   17.525500  4.4514E-02
    1856   17.528750  4.2737E-02
    1857   17.532000  4.1012E-02
    1858   17.535250  3.9348E-02
    1859   17.538500  3.7752E-02
    1860   17.541750  3.6231E-02
    1861   17.545000  3.4792E-02
    1862   17.548250  3.3440E-02
    1863   17.551500  3.2182E-02
    1864   17.554750  3.1023E-02
    1865   17.558000  2.9966E-02
    1866   17.561250  2.9016E-02
    1867   17.564500  2.8177E-02
    1868   17.567750  2.7451E-02
    1869   17.571000  2.6840E-02
    1870   17.574250  2.6348E-02
    1871   17.577500  2.5973E-02
    1872   17.580750  2.5719E-02
    1873   17.584000  2.5585E-02
    1874   17.587250  2.5571E-02
    1875   17.590500  2.5677E-02
    1876   17.593750  2.5902E-02
    1877   17.597000  2.6245E-02
    1878   17.600250  2.6705E-02
    1879   17.603500  2.7279E-02
    1880   17.606750  2.7967E-02
    1881   17.610000  2.8765E-02
    1882   17.613250  2.9671E-02
    1883   17.616500  3.0684E-02
    1884   17.619750  3.1800E-02
    1885   17.623000  3.3016E-02
    1886   17.626250  3.4331E-02
    1887   17.629500  3.5740E-02
    1888   17.632750  3.7243E-02
    1889   17.636000  3.8835E-02
    1890   17.639250  4.0515E-02
    1891   17.642500  4.2281E-02
    1892   17.645750  4.4129E-02
    1893   17.649000  4.6058E-02
    1894   17.652250  4.8067E-02
    1895   17.655500  5.0154E-02
    1896   17.658750  5.2318E-02
    1897   17.662000  5.4558E-02
    1898   17.665250  5.6873E-02
    1899   17.668500  5.9263E-02
    1900   17.671750  6.1728E-02
    1901   17.675000  6.4268E-02
    1902   17.678250  6.6884E-02
    1903   17.681500  6.9577E-02
    1904   17.684750  7.2347E-02
    1905   17.688000  7.5197E-02
    1906   17.691250  7.8128E-02
    1907   17.694500  8.1140E-02
    1908   17.697750  8.4237E-02
    1909   17.701000  8.7419E-02
    1910   17.704250  9.0688E-02
    1911   17.707500  9.4047E-02
    1912   17.710750  9.7496E-02
    1913   17.714000  1.0104E-01
    1914   17.717250  1.0467E-01
    1915   17.720500  1.0840E-01
    1916   17.723750  1.1222E-01
    1917   17.727000  1.1613E-01
    1918   17.730250  1.2014E-01
    1919   17.733500  1.2424E-01
    1920   17.736750  1.2843E-01
    1921   17.740000  1.3270E-01
    1922   17.743250  1.3706E-01
    1923   17.746500  1.4150E-01
    1924   17.749750  1.4602E-01
    1925   17.753000  1.5060E-01
    1926   17.756250  1.5524E-01
    1927   17.759500  1.5994E-01
    1928   17.762750  1.6469E-01
    1929   17.766000  1.6947E-01
    1930   17.769250  1.7428E-01
    1931   17.772500  1.7911E-01
    1932   17.775750  1.8395E-01
    1933   17.779000  1.8878E-01
    1934   17.782250  1.9360E-01
    1935   17.785500  1.9838E-01
    1936   17.788750  2.0312E-01
    1937   17.792000  2.0781E-01
    1938   17.795250  2.1243E-01
    1939   17.798500  2.1696E-01
    1940   17.801750  2.2139E-01
    1941   17.805000  2.2572E-01
    1942   17.808250  2.2992E-01
    1943   17.811500  2.3398E-01
    1944   17.814750  2.3789E-01
    1945   17.818000  2.4163E-01
    1946   17.821250  2.4520E-01
    1947   17.824500  2.4859E-01
    1948   17.827750  2.5177E-01
    1949   17.831000  2.5474E-01
    1950   17.834250  2.5749E-01
    1951   17.837500  2.6002E-01
    1952   17.840750  2.6231E-01
    1953   17.844000  2.6436E-01
    1954   17.847250  2.6616E-01
    1955   17.850500  2.6771E-01
    1956   17.853750  2.6900E-01
    1957   17.857000  2.7004E-01
    1958   17.860250  2.7081E-01
    1959   17.863500  2.7132E-01
    1960   17.866750  2.7156E-01
    1961   17.870000  2.7155E-01
    1962   17.873250  2.7128E-01
    1963   17.876500  2.7075E-01
    1964   17.879750  2.6998E-01
    1965   17.883000  2.6896E-01
    1966   17.886250  2.6770E-01
    1967   17.889500  2.6620E-01
    1968   17.892750  2.6449E-01
    1969   17.896000  2.6256E-01
    1970   17.899250  2.6042E-01
    1971   17.902500  2.5808E-01
    1972   17.905750  2.5556E-01
    1973   17.909000  2.5287E-01
    1974   17.912250  2.5001E-01
    1975   17.915500  2.4700E-01
    1976   17.918750  2.4385E-01
    1977   17.922000  2.4058E-01
    1978   17.925250  2.3719E-01
    1979   17.928500  2.3370E-01
    1980   17.931750  2.3013E-01
    1981   17.935000  2.2648E-01
    1982   17.938250  2.2276E-01
    1983   17.941500  2.1900E-01
    1984   17.944750  2.1521E-01
    1985   17.948000  2.1139E-01
    1986   17.951250  2.0756E-01
    1987   17.954500  2.0374E-01
    1988   17.957750  1.9992E-01
    1989   17.961000  1.9614E-01
    1990   17.964250  1.9239E-01
    1991   17.967500  1.8869E-01
    1992   17.970750  1.8504E-01
    1993   17.974000  1.8147E-01
    1994   17.977250  1.7797E-01
    1995   17.980500  1.7455E-01
    1996   17.983750  1.7122E-01
    1997   17.987000  1.6799E-01
    1998   17.990250  1.6487E-01
    1999   17.993500  1.6185E-01
    2000   17.996750  1.5895E-01
    2001   18.000000  1.5616E-01
    2002   18.003250  1.5349E-01
    2003   18.006500  1.5094E-01
    2004   18.009750  1.4852E-01
    2005   18.013000  1.4621E-01
    2006   18.016250  1.4403E-01
    2007   18.019500  1.4196E-01
    2008   18.022750  1.4001E-01
    2009   18.026000  1.3817E-01
    2010   18.029250  1.3644E-01
    2011   18.032500  1.3481E-01
    2012   18.035750  1.3327E-01
    2013   18.039000  1.3183E-01
    2014   18.042250  1.3047E-01
    2015   18.045500  1.2918E-01
    2016   18.048750  1.2796E-01
    2017   18.052000  1.2680E-01
    2018   18.055250  1.2569E-01
    2019   18.058500  1.2462E-01
    2020   18.061750  1.2358E-01
    2021   18.065000  1.2256E-01
    2022   18.068250  1.2155E-01
    2023   18.071500  1.2055E-01
    2024   18.074750  1.1954E-01
    2025   18.078000  1.1851E-01
    2026   18.081250  1.1746E-01
    2027   18.084500  1.1638E-01
    2028   18.087750  1.1526E-01
    2029   18.091000  1.1410E-01
    2030   18.094250  1.1288E-01
    2031   18.097500  1.1160E-01
    2032   18.100750  1.1026E-01
    2033   18.104000  1.0886E-01
    2034   18.107250  1.0738E-01
    2035   18.110500  1.0583E-01
    2036   18.113750  1.0420E-01
    2037   18.117000  1.0250E-01
    2038   18.120250  1.0072E-01
    2039   18.123500  9.8872E-02
    2040   18.126750  9.6946E-02
    2041   18.130000  9.4948E-02
    2042   18.133250  9.2882E-02
    2043   18.136500  9.0751E-02
    2044   18.139750  8.8559E-02
    2045   18.143000  8.6312E-02
    2046   18.146250  8.4014E-02
    2047   18.149500  8.1672E-02
    2048   18.152750  7.9291E-02
    2049   18.156000  7.6878E-02
    2050   18.159250  7.4441E-02
    2051   18.162500  7.1985E-02
    2052   18.165750  6.9518E-02
    2053   18.169000  6.7046E-02
    2054   18.172250  6.4579E-02
    2055   18.175500  6.2121E-02
    2056   18.178750  5.9681E-02
    2057   18.182000  5.7265E-02
    2058   18.185250  5.4879E-02
    2059   18.188500  5.2531E-02
    2060   18.191750  5.0226E-02
    2061   18.195000  4.7970E-02
    2062   18.198250  4.5769E-02
    2063   18.201500  4.3628E-02
    2064   18.204750  4.1551E-02
    2065   18.208000  3.9544E-02
    2066   18.211250  3.7611E-02
    2067   18.214500  3.5754E-02
    2068   18.217750  3.3979E-02
    2069   18.221000  3.2288E-02
    2070   18.224250  3.0685E-02
    2071   18.227500  2.9171E-02
    2072   18.230750  2.7749E-02
    2073   18.234000  2.6421E-02
    2074   18.237250  2.5190E-02
    2075   18.240500  2.4056E-02
    2076   18.243750  2.3022E-02
    2077   18.247000  2.2089E-02
    2078   18.250250  2.1257E-02
    2079   18.253500  2.0529E-02
    2080   18.256750  1.9904E-02
    2081   18.260000  1.9384E-02
    2082   18.263250  1.8970E-02
    2083   18.266500  1.8661E-02
    2084   18.269750  1.8459E-02
    2085   18.273000  1.8364E-02
    2086   18.276250  1.8376E-02
    2087   18.279500  1.8496E-02
    2088   18.282750  1.8724E-02
    2089   18.286000  1.9059E-02
    2090   18.289250  1.9501E-02
    2091   18.292500  2.0051E-02
    2092   18.295750  2.0707E-02
    2093   18.299000  2.1469E-02
    2094   18.302250  2.2336E-02
    2095   18.305500  2.3306E-02
    2096   18.308750  2.4379E-02
    2097   18.312000  2.5552E-02
    2098   18.315250  2.6824E-02
    2099   18.318500  2.8193E-02
    2100   18.321750  2.9655E-02
    2101   18.325000  3.1208E-02
    2102   18.328250  3.2848E-02
    2103   18.331500  3.4572E-02
    2104   18.334750  3.6376E-02
    2105   18.338000  3.8256E-02
    2106   18.341250  4.0207E-02
    2107   18.344500  4.2224E-02
    2108   18.347750  4.4302E-02
    2109   18.351000  4.6436E-02
    2110   18.354250  4.8619E-02
    2111   18.357500  5.0847E-02
    2112   18.360750  5.3113E-02
    2113   18.364000  5.5411E-02
    2114   18.367250  5.7735E-02
    2115   18.370500  6.0079E-02
    2116   18.373750  6.2436E-02
    2117   18.377000  6.4801E-02
    2118   18.380250  6.7168E-02
    2119   18.383500  6.9531E-02
    2120   18.386750  7.1885E-02
    2121   18.390000  7.4224E-02
    2122   18.393250  7.6544E-02
    2123   18.396500  7.8840E-02
    2124   18.399750  8.1108E-02
    2125   18.403000  8.3344E-02
    2126   18.406250  8.5545E-02
    2127   18.409500  8.7708E-02
    2128   18.412750  8.9831E-02
    2129   18.416000  9.1912E-02
    2130   18.419250  9.3950E-02
    2131   18.422500  9.5944E-02
    2132   18.425750  9.7892E-02
    2133   18.429000  9.9796E-02
    2134   18.432250  1.0165E-01
    2135   18.435500  1.0347E-01
    2136   18.438750  1.0524E-01
    2137   18.442000  1.0697E-01
    2138   18.445250  1.0866E-01
    2139   18.448500  1.1030E-01
    2140   18.451750  1.1191E-01
    2141   18.455000  1.1348E-01
    2142   18.458250  1.1501E-01
    2143   18.461500  1.1651E-01
    2144   18.464750  1.1797E-01
    2145   18.468000  1.1940E-01
    2146   18.471250  1.2079E-01
    2147   18.474500  1.2215E-01
    2148   18.477750  1.2347E-01
    2149   18.481000  1.2475E-01
    2150   18.484250  1.2600E-01
    2151   18.487500  1.2720E-01
    2152   18.490750  1.2835E-01
    2153   18.494000  1.2946E-01
    2154   18.497250  1.3052E-01
    2155   18.500500  1.3153E-01
    2156   18.503750  1.3247E-01
    2157   18.507000  1.3335E-01
    2158   18.510250  1.3416E-01
    2159   18.513500  1.3490E-01
    2160   18.516750  1.3555E-01
    2161   18.520000  1.3612E-01
    2162   18.523250  1.3660E-01
    2163   18.526500  1.3698E-01
    2164   18.529750  1.3727E-01
    2165   18.533000  1.3744E-01
    2166   18.536250  1.3751E-01
    2167   18.539500  1.3746E-01
    2168   18.542750  1.3730E-01
    2169   18.546000  1.3702E-01
    2170   18.549250  1.3662E-01
    2171   18.552500  1.3610E-01
    2172   18.555750  1.3545E-01
    2173   18.559000  1.3469E-01
    2174   18.562250  1.3381E-01
    2175   18.565500  1.3282E-01
    2176   18.568750  1.3171E-01
    2177   18.572000  1.3050E-01
    2178   18.575250  1.2920E-01
    2179   18.578500  1.2780E-01
    2180   18.581750  1.2632E-01
    2181   18.585000  1.2476E-01
    2182   18.588250  1.2314E-01
    2183   18.591500  1.2147E-01
    2184   18.594750  1.1976E-01
    2185   18.598000  1.1802E-01
    2186   18.601250  1.1626E-01
    2187   18.604500  1.1450E-01
    2188   18.607750  1.1275E-01
    2189   18.611000  1.1103E-01
    2190   18.614250  1.0934E-01
    2191   18.617500  1.0771E-01
    2192   18.620750  1.0614E-01
    2193   18.624000  1.0466E-01
    2194   18.627250  1.0327E-01
    2195   18.630500  1.0199E-01
    2196   18.633750  1.0084E-01
    2197   18.637000  9.9809E-02
    2198   18.640250  9.8928E-02
    2199   18.643500  9.8202E-02
    2200   18.646750  9.7640E-02
    2201   18.650000  9.7253E-02
    2202   18.653250  9.7048E-02
    2203   18.656500  9.7031E-02
    2204   18.659750  9.7210E-02
    2205   18.663000  9.7588E-02
    2206   18.666250  9.8168E-02
    2207   18.669500  9.8955E-02
    2208   18.672750  9.9949E-02
    2209   18.676000  1.0115E-01
    2210   18.679250  1.0256E-01
    2211   18.682500  1.0417E-01
    2212   18.685750  1.0598E-01
    2213   18.689000  1.0798E-01
    2214   18.692250  1.1018E-01
    2215   18.695500  1.1256E-01
    2216   18.698750  1.1512E-01
    2217   18.702000  1.1785E-01
    2218   18.705250  1.2073E-01
    2219   18.708500  1.2376E-01
    2220   18.711750  1.2693E-01
    2221   18.715000  1.3022E-01
    2222   18.718250  1.3362E-01
    2223   18.721500  1.3712E-01
    2224   18.724750  1.4071E-01
    2225   18.728000  1.4436E-01
    2226   18.731250  1.4807E-01
    2227   18.734500  1.5182E-01
    2228   18.737750  1.5559E-01
    2229   18.741000  1.5937E-01
    2230   18.744250  1.6313E-01
    2231   18.747500  1.6687E-01
    2232   18.750750  1.7057E-01
    2233   18.754000  1.7421E-01
    2234   18.757250  1.7778E-01
    2235   18.760500  1.8125E-01
    2236   18.763750  1.8462E-01
    2237   18.767000  1.8787E-01
    2238   18.770250  1.9097E-01
    2239   18.773500  1.9393E-01
    2240   18.776750  1.9671E-01
    2241   18.780000  1.9932E-01
    2242   18.783250  2.0173E-01
    2243   18.786500  2.0393E-01
    2244   18.789750  2.0592E-01
    2245   18.793000  2.0768E-01
    2246   18.796250  2.0921E-01
    2247   18.799500  2.1049E-01
    2248   18.802750  2.1151E-01
    2249   18.806000  2.1227E-01
    2250   18.809250  2.1277E-01
    2251   18.812500  2.1300E-01
    2252   18.815750  2.1296E-01
    2253   18.819000  2.1264E-01
    2254   18.822250  2.1205E-01
    2255   18.825500  2.1118E-01
    2256   18.828750  2.1004E-01
    2257   18.832000  2.0863E-01
    2258   18.835250  2.0695E-01
    2259   18.838500  2.0501E-01
    2260   18.841750  2.0282E-01
    2261   18.845000  2.0037E-01
    2262   18.848250  1.9769E-01
    2263   18.851500  1.9478E-01
    2264   18.854750  1.9165E-01
    2265   18.858000  1.8832E-01
    2266   18.861250  1.8478E-01
    2267   18.864500  1.8107E-01
    2268   18.867750  1.7718E-01
    2269   18.871000  1.7313E-01
    2270   18.874250  1.6894E-01
    2271   18.877500  1.6463E-01
    2272   18.880750  1.6020E-01
    2273   18.884000  1.5567E-01
    2274   18.887250  1.5106E-01
    2275   18.890500  1.4637E-01
    2276   18.893750  1.4164E-01
    2277   18.897000  1.3687E-01
    2278   18.900250  1.3207E-01
    2279   18.903500  1.2726E-01
    2280   18.906750  1.2246E-01
    2281   18.910000  1.1767E-01
    2282   18.913250  1.1291E-01
    2283   18.916500  1.0820E-01
    2284   18.919750  1.0354E-01
    2285   18.923000  9.8942E-02
    2286   18.926250  9.4422E-02
    2287   18.929500  8.9989E-02
    2288   18.932750  8.5650E-02
    2289   18.936000  8.1413E-02
    2290   18.939250  7.7287E-02
    2291   18.942500  7.3279E-02
    2292   18.945750  6.9393E-02
    2293   18.949000  6.5635E-02
    2294   18.952250  6.2011E-02
    2295   18.955500  5.8523E-02
    2296   18.958750  5.5175E-02
    2297   18.962000  5.1969E-02
    2298   18.965250  4.8907E-02
    2299   18.968500  4.5991E-02
    2300   18.971750  4.3220E-02
    2301   18.975000  4.0595E-02
    2302   18.978250  3.8115E-02
    2303   18.981500  3.5779E-02
    2304   18.984750  3.3586E-02
    2305   18.988000  3.1534E-02
    2306   18.991250  2.9621E-02
    2307   18.994500  2.7843E-02
    2308   18.997750  2.6198E-02
    2309   19.001000  2.4683E-02
    2310   19.004250  2.3294E-02
    2311   19.007500  2.2027E-02
    2312   19.010750  2.0878E-02
    2313   19.014000  1.9844E-02
    2314   19.017250  1.8919E-02
    2315   19.020500  1.8099E-02
    2316   19.023750  1.7381E-02
    2317   19.027000  1.6758E-02
    2318   19.030250  1.6226E-02
    2319   19.033500  1.5780E-02
    2320   19.036750  1.5416E-02
    2321   19.040000  1.5128E-02
    2322   19.043250  1.4911E-02
    2323   19.046500  1.4761E-02
    2324   19.049750  1.4672E-02
    2325   19.053000  1.4639E-02
    2326   19.056250  1.4657E-02
    2327   19.059500  1.4722E-02
    2328   19.062750  1.4829E-02
    2329   19.066000  1.4972E-02
    2330   19.069250  1.5146E-02
    2331   19.072500  1.5348E-02
    2332   19.075750  1.5572E-02
    2333   19.079000  1.5814E-02
    2334   19.082250  1.6070E-02
    2335   19.085500  1.6335E-02
    2336   19.088750  1.6605E-02
    2337   19.092000  1.6875E-02
    2338   19.095250  1.7144E-02
    2339   19.098500  1.7406E-02
    2340   19.101750  1.7658E-02
    2341   19.105000  1.7897E-02
    2342   19.108250  1.8119E-02
    2343   19.111500  1.8323E-02
    2344   19.114750  1.8505E-02
    2345   19.118000  1.8664E-02
    2346   19.121250  1.8796E-02
    2347   19.124500  1.8901E-02
    2348   19.127750  1.8976E-02
    2349   19.131000  1.9021E-02
    2350   19.134250  1.9033E-02
    2351   19.137500  1.9013E-02
    2352   19.140750  1.8961E-02
    2353   19.144000  1.8874E-02
    2354   19.147250  1.8755E-02
    2355   19.150500  1.8602E-02
    2356   19.153750  1.8417E-02
    2357   19.157000  1.8200E-02
    2358   19.160250  1.7952E-02
    2359   19.163500  1.7674E-02
    2360   19.166750  1.7368E-02
    2361   19.170000  1.7035E-02
    2362   19.173250  1.6676E-02
    2363   19.176500  1.6294E-02
    2364   19.179750  1.5890E-02
    2365   19.183000  1.5466E-02
    2366   19.186250  1.5025E-02
    2367   19.189500  1.4568E-02
    2368   19.192750  1.4098E-02
    2369   19.196000  1.3617E-02
    2370   19.199250  1.3127E-02
    2371   19.202500  1.2630E-02
    2372   19.205750  1.2128E-02
    2373   19.209000  1.1625E-02
    2374   19.212250  1.1120E-02
    2375   19.215500  1.0618E-02
    2376   19.218750  1.0119E-02
    2377   19.222000  9.6251E-03
    2378   19.225250  9.1385E-03
    2379   19.228500  8.6605E-03
    2380   19.231750  8.1927E-03
    2381   19.235000  7.7366E-03
    2382   19.238250  7.2932E-03
    2383   19.241500  6.8639E-03
    2384   19.244750  6.4496E-03
    2385   19.248000  6.0513E-03
    2386   19.251250  5.6699E-03
    2387   19.254500  5.3059E-03
    2388   19.257750  4.9602E-03
    2389   19.261000  4.6331E-03
    2390   19.264250  4.3251E-03
    2391   19.267500  4.0367E-03
    2392   19.270750  3.7680E-03
    2393   19.274000  3.5195E-03
    2394   19.277250  3.2913E-03
    2395   19.280500  3.0835E-03
    2396   19.283750  2.8963E-03
    2397   19.287000  2.7298E-03
    2398   19.290250  2.5842E-03
    2399   19.293500  2.4595E-03
    2400   19.296750  2.3559E-03
    2401   19.300000  2.2734E-03
    2402   19.303250  2.2122E-03
    2403   19.306500  2.1726E-03
    2404   19.309750  2.1545E-03
    2405   19.313000  2.1584E-03
    2406   19.316250  2.1843E-03
    2407   19.319500  2.2326E-03
    2408   19.322750  2.3037E-03
    2409   19.326000  2.3977E-03
    2410   19.329250  2.5151E-03
    2411   19.332500  2.6562E-03
    2412   19.335750  2.8215E-03
    2413   19.339000  3.0112E-03
    2414   19.342250  3.2259E-03
    2415   19.345500  3.4658E-03
    2416   19.348750  3.7312E-03
    2417   19.352000  4.0227E-03
    2418   19.355250  4.3402E-03
    2419   19.358500  4.6842E-03
    2420   19.361750  5.0547E-03
    2421   19.365000  5.4518E-03
    2422   19.368250  5.8754E-03
    2423   19.371500  6.3254E-03
    2424   19.374750  6.8016E-03
    2425   19.378000  7.3034E-03
    2426   19.381250  7.8303E-03
    2427   19.384500  8.3816E-03
    2428   19.387750  8.9565E-03
    2429   19.391000  9.5538E-03
    2430   19.394250  1.0172E-02
    2431   19.397500  1.0811E-02
    2432   19.400750  1.1467E-02
    2433   19.404000  1.2140E-02
    2434   19.407250  1.2827E-02
    2435   19.410500  1.3527E-02
    2436   19.413750  1.4236E-02
    2437   19.417000  1.4952E-02
    2438   19.420250  1.5674E-02
    2439   19.423500  1.6397E-02
    2440   19.426750  1.7118E-02
    2441   19.430000  1.7836E-02
    2442   19.433250  1.8547E-02
    2443   19.436500  1.9247E-02
    2444   19.439750  1.9933E-02
    2445   19.443000  2.0602E-02
    2446   19.446250  2.1251E-02
    2447   19.449500  2.1876E-02
    2448   19.452750  2.2475E-02
    2449   19.456000  2.3044E-02
    2450   19.459250  2.3581E-02
    2451   19.462500  2.4082E-02
    2452   19.465750  2.4545E-02
    2453   19.469000  2.4968E-02
    2454   19.472250  2.5348E-02
    2455   19.475500  2.5684E-02
    2456   19.478750  2.5974E-02
    2457   19.482000  2.6216E-02
    2458   19.485250  2.6409E-02
    2459   19.488500  2.6553E-02
    2460   19.491750  2.6648E-02
    2461   19.495000  2.6692E-02
    2462   19.498250  2.6686E-02
    2463   19.501500  2.6631E-02
    2464   19.504750  2.6528E-02
    2465   19.508000  2.6376E-02
    2466   19.511250  2.6179E-02
    2467   19.514500  2.5937E-02
    2468   19.517750  2.5653E-02
    2469   19.521000  2.5328E-02
    2470   19.524250  2.4965E-02
    2471   19.527500  2.4566E-02
    2472   19.530750  2.4134E-02
    2473   19.534000  2.3672E-02
    2474   19.537250  2.3183E-02
    2475   19.540500  2.2669E-02
    2476   19.543750  2.2134E-02
    2477   19.547000  2.1580E-02
    2478   19.550250  2.1012E-02
    2479   19.553500  2.0430E-02
    2480   19.556750  1.9840E-02
    2481   19.560000  1.9242E-02
    2482   19.563250  1.8641E-02
    2483   19.566500  1.8038E-02
    2484   19.569750  1.7436E-02
    2485   19.573000  1.6838E-02
    2486   19.576250  1.6244E-02
    2487   19.579500  1.5658E-02
    2488   19.582750  1.5081E-02
    2489   19.586000  1.4515E-02
    2490   19.589250  1.3960E-02
    2491   19.592500  1.3419E-02
    2492   19.595750  1.2891E-02
    2493   19.599000  1.2378E-02
    2494   19.602250  1.1880E-02
    2495   19.605500  1.1398E-02
    2496   19.608750  1.0932E-02
    2497   19.612000  1.0482E-02
    2498   19.615250  1.0049E-02
    2499   19.618500  9.6308E-03
    2500   19.621750  9.2288E-03
    2501   19.625000  8.8421E-03
    2502   19.628250  8.4706E-03
    2503   19.631500  8.1135E-03
    2504   19.634750  7.7705E-03
    2505   19.638000  7.4410E-03
    2506   19.641250  7.1244E-03
    2507   19.644500  6.8200E-03
    2508   19.647750  6.5273E-03
    2509   19.651000  6.2458E-03
    2510   19.654250  5.9747E-03
    2511   19.657500  5.7136E-03
    2512   19.660750  5.4619E-03
    2513   19.664000  5.2191E-03
    2514   19.667250  4.9848E-03
    2515   19.670500  4.7584E-03
    2516   19.673750  4.5397E-03
    2517   19.677000  4.3282E-03
    2518   19.680250  4.1236E-03
    2519   19.683500  3.9258E-03
    2520   19.686750  3.7343E-03
    2521   19.690000  3.5491E-03
    2522   19.693250  3.3700E-03
    2523   19.696500  3.1967E-03
    2524   19.699750  3.0293E-03
    2525   19.703000  2.8676E-03
    2526   19.706250  2.7115E-03
    2527   19.709500  2.5610E-03
    2528   19.712750  2.4160E-03
    2529   19.716000  2.2765E-03
    2530   19.719250  2.1425E-03
    2531   19.722500  2.0139E-03
    2532   19.725750  1.8907E-03
    2533   19.729000  1.7729E-03
    2534   19.732250  1.6604E-03
    2535   19.735500  1.5532E-03
    2536   19.738750  1.4513E-03
    2537   19.742000  1.3545E-03
    2538   19.745250  1.2629E-03
    2539   19.748500  1.1763E-03
    2540   19.751750  1.0947E-03
    2541   19.755000  1.0179E-03
    2542   19.758250  9.4601E-04
    2543   19.761500  8.7879E-04
    2544   19.764750  8.1616E-04
    2545   19.768000  7.5804E-04
    2546   19.771250  7.0431E-04
    2547   19.774500  6.5488E-04
    2548   19.777750  6.0966E-04
    2549   19.781000  5.6856E-04
    2550   19.784250  5.3150E-04
    2551   19.787500  4.9843E-04
    2552   19.790750  4.6929E-04
    2553   19.794000  4.4406E-04
    2554   19.797250  4.2273E-04
    2555   19.800500  4.0532E-04
    2556   19.803750  3.9187E-04
    2557   19.807000  3.8245E-04
    2558   19.810250  3.7719E-04
    2559   19.813500  3.7623E-04
    2560   19.816750  3.7975E-04
    2561   19.820000  3.8800E-04
    2562   19.823250  4.0125E-04
    2563   19.826500  4.1985E-04
    2564   19.829750  4.4417E-04
    2565   19.833000  4.7468E-04
    2566   19.836250  5.1187E-04
    2567   19.839500  5.5633E-04
    2568   19.842750  6.0871E-04
    2569   19.846000  6.6972E-04
    2570   19.849250  7.4017E-04
    2571   19.852500  8.2092E-04
    2572   19.855750  9.1296E-04
    2573   19.859000  1.0173E-03
    2574   19.862250  1.1351E-03
    2575   19.865500  1.2676E-03
    2576   19.868750  1.4162E-03
    2577   19.872000  1.5821E-03
    2578   19.875250  1.7670E-03
    2579   19.878500  1.9725E-03
    2580   19.881750  2.2002E-03
    2581   19.885000  2.4521E-03
    2582   19.888250  2.7299E-03
    2583   19.891500  3.0357E-03
    2584   19.894750  3.3716E-03
    2585   19.898000  3.7398E-03
    2586   19.901250  4.1424E-03
    2587   19.904500  4.5820E-03
    2588   19.907750  5.0607E-03
    2589   19.911000  5.5812E-03
    2590   19.914250  6.1459E-03
    2591   19.917500  6.7574E-03
    2592   19.920750  7.4182E-03
    2593   19.924000  8.1309E-03
    2594   19.927250  8.8982E-03
    2595   19.930500  9.7226E-03
    2596   19.933750  1.0607E-02
    2597   19.937000  1.1553E-02
    2598   19.940250  1.2563E-02
    2599   19.943500  1.3641E-02
    2600   19.946750  1.4787E-02
    2601   19.950000  1.6005E-02
    2602   19.953250  1.7295E-02
    2603   19.956500  1.8661E-02
    2604   19.959750  2.0102E-02
    2605   19.963000  2.1622E-02
    2606   19.966250  2.3219E-02
    2607   19.969500  2.4897E-02
    2608   19.972750  2.6654E-02
    2609   19.976000  2.8492E-02
    2610   19.979250  3.0410E-02
    2611   19.982500  3.2407E-02
    2612   19.985750  3.4483E-02
    2613   19.989000  3.6637E-02
    2614   19.992250  3.8866E-02
    2615   19.995500  4.1169E-02
    2616   19.998750  4.3544E-02
    2617   20.002000  4.5987E-02
    2618   20.005250  4.8496E-02
    2619   20.008500  5.1066E-02
    2620   20.011750  5.3694E-02
    2621   20.015000  5.6374E-02
    2622   20.018250  5.9102E-02
    2623   20.021500  6.1873E-02
    2624   20.024750  6.4680E-02
    2625   20.028000  6.7518E-02
    2626   20.031250  7.0380E-02
    2627   20.034500  7.3259E-02
    2628   20.037750  7.6147E-02
    2629   20.041000  7.9039E-02
    2630   20.044250  8.1924E-02
    2631   20.047500  8.4797E-02
    2632   20.050750  8.7648E-02
    2633   20.054000  9.0469E-02
    2634   20.057250  9.3251E-02
    2635   20.060500  9.5987E-02
    2636   20.063750  9.8667E-02
    2637   20.067000  1.0128E-01
    2638   20.070250  1.0383E-01
    2639   20.073500  1.0629E-01
    2640   20.076750  1.0866E-01
    2641   20.080000  1.1094E-01
    2642   20.083250  1.1311E-01
    2643   20.086500  1.1517E-01
    2644   20.089750  1.1710E-01
    2645   20.093000  1.1891E-01
    2646   20.096250  1.2058E-01
    2647   20.099500  1.2212E-01
    2648   20.102750  1.2350E-01
    2649   20.106000  1.2474E-01
    2650   20.109250  1.2582E-01
    2651   20.112500  1.2673E-01
    2652   20.115750  1.2748E-01
    2653   20.119000  1.2807E-01
    2654   20.122250  1.2848E-01
    2655   20.125500  1.2872E-01
    2656   20.128750  1.2879E-01
    2657   20.132000  1.2868E-01
    2658   20.135250  1.2840E-01
    2659   20.138500  1.2794E-01
    2660   20.141750  1.2732E-01
    2661   20.145000  1.2652E-01
    2662   20.148250  1.2555E-01
    2663   20.151500  1.2443E-01
    2664   20.154750  1.2314E-01
    2665   20.158000  1.2170E-01
    2666   20.161250  1.2010E-01
    2667   20.164500  1.1837E-01
    2668   20.167750  1.1649E-01
    2669   20.171000  1.1449E-01
    2670   20.174250  1.1236E-01
    2671   20.177500  1.1011E-01
    2672   20.180750  1.0776E-01
    2673   20.184000  1.0530E-01
    2674   20.187250  1.0276E-01
    2675   20.190500  1.0013E-01
    2676   20.193750  9.7434E-02
    2677   20.197000  9.4670E-02
    2678   20.200250  9.1853E-02
    2679   20.203500  8.8990E-02
    2680   20.206750  8.6092E-02
    2681   20.210000  8.3167E-02
    2682   20.213250  8.0226E-02
    2683   20.216500  7.7277E-02
    2684   20.219750  7.4329E-02
    2685   20.223000  7.1390E-02
    2686   20.226250  6.8470E-02
    2687   20.229500  6.5576E-02
    2688   20.232750  6.2716E-02
    2689   20.236000  5.9898E-02
    2690   20.239250  5.7128E-02
    2691   20.242500  5.4414E-02
    2692   20.245750  5.1761E-02
    2693   20.249000  4.9175E-02
    2694   20.252250  4.6662E-02
    2695   20.255500  4.4226E-02
    2696   20.258750  4.1872E-02
    2697   20.262000  3.9603E-02
    2698   20.265250  3.7423E-02
    2699   20.268500  3.5336E-02
    2700   20.271750  3.3342E-02
    2701   20.275000  3.1445E-02
    2702   20.278250  2.9647E-02
    2703   20.281500  2.7947E-02
    2704   20.284750  2.6348E-02
    2705   20.288000  2.4849E-02
    2706   20.291250  2.3451E-02
    2707   20.294500  2.2154E-02
    2708   20.297750  2.0956E-02
    2709   20.301000  1.9857E-02
    2710   20.304250  1.8856E-02
    2711   20.307500  1.7951E-02
    2712   20.310750  1.7142E-02
    2713   20.314000  1.6425E-02
    2714   20.317250  1.5799E-02
    2715   20.320500  1.5262E-02
    2716   20.323750  1.4811E-02
    2717   20.327000  1.4444E-02
    2718   20.330250  1.4159E-02
    2719   20.333500  1.3952E-02
    2720   20.336750  1.3820E-02
    2721   20.340000  1.3762E-02
    2722   20.343250  1.3773E-02
    2723   20.346500  1.3850E-02
    2724   20.349750  1.3991E-02
    2725   20.353000  1.4193E-02
    2726   20.356250  1.4450E-02
    2727   20.359500  1.4762E-02
    2728   20.362750  1.5123E-02
    2729   20.366000  1.5531E-02
    2730   20.369250  1.5982E-02
    2731   20.372500  1.6472E-02
    2732   20.375750  1.6998E-02
    2733   20.379000  1.7555E-02
    2734   20.382250  1.8141E-02
    2735   20.385500  1.8751E-02
    2736   20.388750  1.9382E-02
    2737   20.392000  2.0029E-02
    2738   20.395250  2.0689E-02
    2739   20.398500  2.1358E-02
    2740   20.401750  2.2032E-02
    2741   20.405000  2.2707E-02
    2742   20.408250  2.3379E-02
    2743   20.411500  2.4044E-02
    2744   20.414750  2.4699E-02
    2745   20.418000  2.5339E-02
    2746   20.421250  2.5962E-02
    2747   20.424500  2.6562E-02
    2748   20.427750  2.7138E-02
    2749   20.431000  2.7685E-02
    2750   20.434250  2.8201E-02
    2751   20.437500  2.8682E-02
    2752   20.440750  2.9125E-02
    2753   20.444000  2.9528E-02
    2754   20.447250  2.9888E-02
    2755   20.450500  3.0204E-02
    2756   20.453750  3.0472E-02
    2757   20.457000  3.0691E-02
    2758   20.460250  3.0860E-02
    2759   20.463500  3.0978E-02
    2760   20.466750  3.1043E-02
    2761   20.470000  3.1055E-02
    2762   20.473250  3.1014E-02
    2763   20.476500  3.0920E-02
    2764   20.479750  3.0772E-02
    2765   20.483000  3.0572E-02
    2766   20.486250  3.0321E-02
    2767   20.489500  3.0018E-02
    2768   20.492750  2.9667E-02
    2769   20.496000  2.9268E-02
    2770   20.499250  2.8824E-02
    2771   20.502500  2.8336E-02
    2772   20.505750  2.7806E-02
    2773   20.509000  2.7239E-02
    2774   20.512250  2.6635E-02
    2775   20.515500  2.5998E-02
    2776   20.518750  2.5331E-02
    2777   20.522000  2.4636E-02
    2778   20.525250  2.3918E-02
    2779   20.528500  2.3179E-02
    2780   20.531750  2.2422E-02
    2781   20.535000  2.1651E-02
    2782   20.538250  2.0869E-02
    2783   20.541500  2.0078E-02
    2784   20.544750  1.9283E-02
    2785   20.548000  1.8486E-02
    2786   20.551250  1.7689E-02
    2787   20.554500  1.6896E-02
    2788   20.557750  1.6110E-02
    2789   20.561000  1.5333E-02
    2790   20.564250  1.4566E-02
    2791   20.567500  1.3814E-02
    2792   20.570750  1.3077E-02
    2793   20.574000  1.2357E-02
    2794   20.577250  1.1656E-02
    2795   20.580500  1.0976E-02
    2796   20.583750  1.0318E-02
    2797   20.587000  9.6827E-03
    2798   20.590250  9.0716E-03
    2799   20.593500  8.4853E-03
    2800   20.596750  7.9245E-03
    2801   20.600000  7.3896E-03
    2802   20.603250  6.8811E-03
    2803   20.606500  6.3990E-03
    2804   20.609750  5.9436E-03
    2805   20.613000  5.5147E-03
    2806   20.616250  5.1123E-03
    2807   20.619500  4.7360E-03
    2808   20.622750  4.3857E-03
    2809   20.626000  4.0609E-03
    2810   20.629250  3.7612E-03
    2811   20.632500  3.4860E-03
    2812   20.635750  3.2351E-03
    2813   20.639000  3.0077E-03
    2814   20.642250  2.8034E-03
    2815   20.645500  2.6216E-03
    2816   20.648750  2.4618E-03
    2817   20.652000  2.3236E-03
    2818   20.655250  2.2064E-03
    2819   20.658500  2.1097E-03
    2820   20.661750  2.0333E-03
    2821   20.665000  1.9767E-03
    2822   20.668250  1.9396E-03
    2823   20.671500  1.9218E-03
    2824   20.674750  1.9231E-03
    2825   20.678000  1.9434E-03
    2826   20.681250  1.9826E-03
    2827   20.684500  2.0407E-03
    2828   20.687750  2.1177E-03
    2829   20.691000  2.2137E-03
    2830   20.694250  2.3290E-03
    2831   20.697500  2.4637E-03
    2832   20.700750  2.6181E-03
    2833   20.704000  2.7925E-03
    2834   20.707250  2.9873E-03
    2835   20.710500  3.2028E-03
    2836   20.713750  3.4395E-03
    2837   20.717000  3.6977E-03
    2838   20.720250  3.9778E-03
    2839   20.723500  4.2804E-03
    2840   20.726750  4.6056E-03
    2841   20.730000  4.9541E-03
    2842   20.733250  5.3259E-03
    2843   20.736500  5.7215E-03
    2844   20.739750  6.1411E-03
    2845   20.743000  6.5848E-03
    2846   20.746250  7.0527E-03
    2847   20.749500  7.5447E-03
    2848   20.752750  8.0608E-03
    2849   20.756000  8.6007E-03
    2850   20.759250  9.1640E-03
    2851   20.762500  9.7502E-03
    2852   20.765750  1.0359E-02
    2853   20.769000  1.0989E-02
    2854   20.772250  1.1639E-02
    2855   20.775500  1.2309E-02
    2856   20.778750  1.2998E-02
    2857   20.782000  1.3703E-02
    2858   20.785250  1.4423E-02
    2859   20.788500  1.5156E-02
    2860   20.791750  1.5902E-02
    2861   20.795000  1.6656E-02
    2862   20.798250  1.7418E-02
    2863   20.801500  1.8185E-02
    2864   20.804750  1.8954E-02
    2865   20.808000  1.9723E-02
    2866   20.811250  2.0490E-02
    2867   20.814500  2.1250E-02
    2868   20.817750  2.2002E-02
    2869   20.821000  2.2743E-02
    2870   20.824250  2.3469E-02
    2871   20.827500  2.4178E-02
    2872   20.830750  2.4867E-02
    2873   20.834000  2.5532E-02
    2874   20.837250  2.6172E-02
    2875   20.840500  2.6782E-02
    2876   20.843750  2.7360E-02
    2877   20.847000  2.7904E-02
    2878   20.850250  2.8411E-02
    2879   20.853500  2.8879E-02
    2880   20.856750  2.9304E-02
    2881   20.860000  2.9687E-02
    2882   20.863250  3.0023E-02
    2883   20.866500  3.0313E-02
    2884   20.869750  3.0554E-02
    2885   20.873000  3.0745E-02
    2886   20.876250  3.0886E-02
    2887   20.879500  3.0975E-02
    2888   20.882750  3.1012E-02
    2889   20.886000  3.0997E-02
    2890   20.889250  3.0930E-02
    2891   20.892500  3.0811E-02
    2892   20.895750  3.0642E-02
    2893   20.899000  3.0422E-02
    2894   20.902250  3.0153E-02
    2895   20.905500  2.9836E-02
    2896   20.908750  2.9473E-02
    2897   20.912000  2.9065E-02
    2898   20.915250  2.8614E-02
    2899   20.918500  2.8124E-02
    2900   20.921750  2.7594E-02
    2901   20.925000  2.7030E-02
    2902   20.928250  2.6431E-02
    2903   20.931500  2.5803E-02
    2904   20.934750  2.5147E-02
    2905   20.938000  2.4465E-02
    2906   20.941250  2.3762E-02
    2907   20.944500  2.3040E-02
    2908   20.947750  2.2301E-02
    2909   20.951000  2.1549E-02
    2910   20.954250  2.0787E-02
    2911   20.957500  2.0018E-02
    2912   20.960750  1.9244E-02
    2913   20.964000  1.8467E-02
    2914   20.967250  1.7692E-02
    2915   20.970500  1.6920E-02
    2916   20.973750  1.6153E-02
    2917   20.977000  1.5394E-02
    2918   20.980250  1.4645E-02
    2919   20.983500  1.3909E-02
    2920   20.986750  1.3186E-02
    2921   20.990000  1.2479E-02
    2922   20.993250  1.1788E-02
    2923   20.996500  1.1117E-02
    2924   20.999750  1.0465E-02
