       1   11.500000  9.9233E-01
       2   11.503250  9.9150E-01
       3   11.506500  9.9145E-01
       4   11.509750  9.9141E-01
       5   11.513000  9.9136E-01
       6   11.516250  9.9131E-01
       7   11.519500  9.9126E-01
       8   11.522750  9.9120E-01
       9   11.526000  9.9115E-01
      10   11.529250  9.9109E-01
      11   11.532500  9.9103E-01
      12   11.535750  9.9096E-01
      13   11.539000  9.9090E-01
      14   11.542250  9.9083E-01
      15   11.545500  9.9075E-01
      16   11.548750  9.9068E-01
      17   11.552000  9.9059E-01
      18   11.555250  9.9051E-01
      19   11.558500  9.9042E-01
      20   11.561750  9.9032E-01
      21   11.565000  9.9022E-01
      22   11.568250  9.9011E-01
      23   11.571500  9.8999E-01
      24   11.574750  9.8987E-01
      25   11.578000  9.8974E-01
      26   11.581250  9.8961E-01
      27   11.584500  9.8946E-01
      28   11.587750  9.8931E-01
      29   11.591000  9.8915E-01
      30   11.594250  9.8898E-01
      31   11.597500  9.8880E-01
      32   11.600750  9.8861E-01
      33   11.604000  9.8841E-01
      34   11.607250  9.8820E-01
      35   11.610500  9.8798E-01
      36   11.613750  9.8775E-01
      37   11.617000  9.8752E-01
      38   11.620250  9.8727E-01
      39   11.623500  9.8702E-01
      40   11.626750  9.8675E-01
      41   11.630000  9.8648E-01
      42   11.633250  9.8620E-01
      43   11.636500  9.8592E-01
      44   11.639750  9.8563E-01
      45   11.643000  9.8533E-01
      46   11.646250  9.8503E-01
      47   11.649500  9.8472E-01
      48   11.652750  9.8442E-01
      49   11.656000  9.8411E-01
      50   11.659250  9.8380E-01
      51   11.662500  9.8350E-01
      52   11.665750  9.8320E-01
      53   11.669000  9.8290E-01
      54   11.672250  9.8260E-01
      55   11.675500  9.8232E-01
      56   11.678750  9.8204E-01
      57   11.682000  9.8177E-01
      58   11.685250  9.8151E-01
      59   11.688500  9.8127E-01
      60   11.691750  9.8103E-01
      61   11.695000  9.8082E-01
      62   11.698250  9.8062E-01
      63   11.701500  9.8043E-01
      64   11.704750  9.8026E-01
      65   11.708000  9.8011E-01
      66   11.711250  9.7998E-01
      67   11.714500  9.7987E-01
      68   11.717750  9.7978E-01
      69   11.721000  9.7971E-01
      70   11.724250  9.7966E-01
      71   11.727500  9.7964E-01
      72   11.730750  9.7963E-01
      73   11.734000  9.7964E-01
      74   11.737250  9.7967E-01
      75   11.740500  9.7973E-01
      76   11.743750  9.7980E-01
      77   11.747000  9.7989E-01
      78   11.750250  9.7999E-01
      79   11.753500  9.8012E-01
      80   11.756750  9.8025E-01
      81   11.760000  9.8041E-01
      82   11.763250  9.8057E-01
      83   11.766500  9.8075E-01
      84   11.769750  9.8093E-01
      85   11.773000  9.8113E-01
      86   11.776250  9.8133E-01
      87   11.779500  9.8154E-01
      88   11.782750  9.8176E-01
      89   11.786000  9.8197E-01
      90   11.789250  9.8219E-01
      91   11.792500  9.8241E-01
      92   11.795750  9.8263E-01
      93   11.799000  9.8285E-01
      94   11.802250  9.8306E-01
      95   11.805500  9.8327E-01
      96   11.808750  9.8348E-01
      97   11.812000  9.8368E-01
      98   11.815250  9.8387E-01
      99   11.818500  9.8406E-01
     100   11.821750  9.8424E-01
     101   11.825000  9.8441E-01
     102   11.828250  9.8457E-01
     103   11.831500  9.8472E-01
     104   11.834750  9.8486E-01
     105   11.838000  9.8500E-01
     106   11.841250  9.8512E-01
     107   11.844500  9.8523E-01
     108   11.847750  9.8534E-01
     109   11.851000  9.8544E-01
     110   11.854250  9.8553E-01
     111   11.857500  9.8561E-01
     112   11.860750  9.8568E-01
     113   11.864000  9.8575E-01
     114   11.867250  9.8581E-01
     115   11.870500  9.8586E-01
     116   11.873750  9.8590E-01
     117   11.877000  9.8595E-01
     118   11.880250  9.8598E-01
     119   11.883500  9.8601E-01
     120   11.886750  9.8604E-01
     121   11.890000  9.8607E-01
     122   11.893250  9.8609E-01
     123   11.896500  9.8611E-01
     124   11.899750  9.8612E-01
     125   11.903000  9.8614E-01
     126   11.906250  9.8615E-01
     127   11.909500  9.8616E-01
     128   11.912750  9.8617E-01
     129   11.916000  9.8618E-01
     130   11.919250  9.8619E-01
     131   11.922500  9.8620E-01
     132   11.925750  9.8621E-01
     133   11.929000  9.8621E-01
     134   11.932250  9.8622E-01
     135   11.935500  9.8622E-01
     136   11.938750  9.8622E-01
     137   11.942000  9.8622E-01
     138   11.945250  9.8622E-01
     139   11.948500  9.8622E-01
     140   11.951750  9.8622E-01
     141   11.955000  9.8621E-01
     142   11.958250  9.8620E-01
     143   11.961500  9.8618E-01
     144   11.964750  9.8617E-01
     145   11.968000  9.8615E-01
     146   11.971250  9.8612E-01
     147   11.974500  9.8610E-01
     148   11.977750  9.8606E-01
     149   11.981000  9.8603E-01
     150   11.984250  9.8599E-01
     151   11.987500  9.8594E-01
     152   11.990750  9.8590E-01
     153   11.994000  9.8584E-01
     154   11.997250  9.8578E-01
     155   12.000500  9.8572E-01
     156   12.003750  9.8566E-01
     157   12.007000  9.8559E-01
     158   12.010250  9.8551E-01
     159   12.013500  9.8543E-01
     160   12.016750  9.8535E-01
     161   12.020000  9.8527E-01
     162   12.023250  9.8519E-01
     163   12.026500  9.8510E-01
     164   12.029750  9.8501E-01
     165   12.033000  9.8492E-01
     166   12.036250  9.8483E-01
     167   12.039500  9.8474E-01
     168   12.042750  9.8465E-01
     169   12.046000  9.8456E-01
     170   12.049250  9.8447E-01
     171   12.052500  9.8438E-01
     172   12.055750  9.8429E-01
     173   12.059000  9.8421E-01
     174   12.062250  9.8413E-01
     175   12.065500  9.8406E-01
     176   12.068750  9.8398E-01
     177   12.072000  9.8392E-01
     178   12.075250  9.8385E-01
     179   12.078500  9.8379E-01
     180   12.081750  9.8373E-01
     181   12.085000  9.8368E-01
     182   12.088250  9.8364E-01
     183   12.091500  9.8359E-01
     184   12.094750  9.8356E-01
     185   12.098000  9.8352E-01
     186   12.101250  9.8349E-01
     187   12.104500  9.8347E-01
     188   12.107750  9.8345E-01
     189   12.111000  9.8343E-01
     190   12.114250  9.8341E-01
     191   12.117500  9.8340E-01
     192   12.120750  9.8338E-01
     193   12.124000  9.8337E-01
     194   12.127250  9.8336E-01
     195   12.130500  9.8335E-01
     196   12.133750  9.8334E-01
     197   12.137000  9.8333E-01
     198   12.140250  9.8332E-01
     199   12.143500  9.8331E-01
     200   12.146750  9.8329E-01
     201   12.150000  9.8327E-01
     202   12.153250  9.8325E-01
     203   12.156500  9.8322E-01
     204   12.159750  9.8319E-01
     205   12.163000  9.8315E-01
     206   12.166250  9.8311E-01
     207   12.169500  9.8306E-01
     208   12.172750  9.8301E-01
     209   12.176000  9.8295E-01
     210   12.179250  9.8288E-01
     211   12.182500  9.8281E-01
     212   12.185750  9.8273E-01
     213   12.189000  9.8265E-01
     214   12.192250  9.8255E-01
     215   12.195500  9.8245E-01
     216   12.198750  9.8235E-01
     217   12.202000  9.8224E-01
     218   12.205250  9.8212E-01
     219   12.208500  9.8199E-01
     220   12.211750  9.8186E-01
     221   12.215000  9.8173E-01
     222   12.218250  9.8159E-01
     223   12.221500  9.8144E-01
     224   12.224750  9.8129E-01
     225   12.228000  9.8114E-01
     226   12.231250  9.8098E-01
     227   12.234500  9.8082E-01
     228   12.237750  9.8065E-01
     229   12.241000  9.8049E-01
     230   12.244250  9.8032E-01
     231   12.247500  9.8015E-01
     232   12.250750  9.7997E-01
     233   12.254000  9.7980E-01
     234   12.257250  9.7963E-01
     235   12.260500  9.7945E-01
     236   12.263750  9.7928E-01
     237   12.267000  9.7910E-01
     238   12.270250  9.7893E-01
     239   12.273500  9.7875E-01
     240   12.276750  9.7858E-01
     241   12.280000  9.7840E-01
     242   12.283250  9.7823E-01
     243   12.286500  9.7806E-01
     244   12.289750  9.7788E-01
     245   12.293000  9.7771E-01
     246   12.296250  9.7754E-01
     247   12.299500  9.7737E-01
     248   12.302750  9.7720E-01
     249   12.306000  9.7703E-01
     250   12.309250  9.7686E-01
     251   12.312500  9.7669E-01
     252   12.315750  9.7652E-01
     253   12.319000  9.7634E-01
     254   12.322250  9.7617E-01
     255   12.325500  9.7599E-01
     256   12.328750  9.7582E-01
     257   12.332000  9.7564E-01
     258   12.335250  9.7545E-01
     259   12.338500  9.7527E-01
     260   12.341750  9.7508E-01
     261   12.345000  9.7489E-01
     262   12.348250  9.7469E-01
     263   12.351500  9.7449E-01
     264   12.354750  9.7428E-01
     265   12.358000  9.7407E-01
     266   12.361250  9.7385E-01
     267   12.364500  9.7362E-01
     268   12.367750  9.7338E-01
     269   12.371000  9.7314E-01
     270   12.374250  9.7289E-01
     271   12.377500  9.7263E-01
     272   12.380750  9.7236E-01
     273   12.384000  9.7208E-01
     274   12.387250  9.7179E-01
     275   12.390500  9.7149E-01
     276   12.393750  9.7118E-01
     277   12.397000  9.7086E-01
     278   12.400250  9.7052E-01
     279   12.403500  9.7017E-01
     280   12.406750  9.6981E-01
     281   12.410000  9.6944E-01
     282   12.413250  9.6905E-01
     283   12.416500  9.6865E-01
     284   12.419750  9.6823E-01
     285   12.423000  9.6780E-01
     286   12.426250  9.6735E-01
     287   12.429500  9.6689E-01
     288   12.432750  9.6642E-01
     289   12.436000  9.6593E-01
     290   12.439250  9.6543E-01
     291   12.442500  9.6492E-01
     292   12.445750  9.6439E-01
     293   12.449000  9.6385E-01
     294   12.452250  9.6330E-01
     295   12.455500  9.6273E-01
     296   12.458750  9.6216E-01
     297   12.462000  9.6158E-01
     298   12.465250  9.6098E-01
     299   12.468500  9.6039E-01
     300   12.471750  9.5978E-01
     301   12.475000  9.5917E-01
     302   12.478250  9.5855E-01
     303   12.481500  9.5794E-01
     304   12.484750  9.5732E-01
     305   12.488000  9.5670E-01
     306   12.491250  9.5608E-01
     307   12.494500  9.5546E-01
     308   12.497750  9.5485E-01
     309   12.501000  9.5425E-01
     310   12.504250  9.5365E-01
     311   12.507500  9.5306E-01
     312   12.510750  9.5248E-01
     313   12.514000  9.5191E-01
     314   12.517250  9.5135E-01
     315   12.520500  9.5081E-01
     316   12.523750  9.5028E-01
     317   12.527000  9.4977E-01
     318   12.530250  9.4928E-01
     319   12.533500  9.4880E-01
     320   12.536750  9.4835E-01
     321   12.540000  9.4792E-01
     322   12.543250  9.4750E-01
     323   12.546500  9.4711E-01
     324   12.549750  9.4675E-01
     325   12.553000  9.4640E-01
     326   12.556250  9.4609E-01
     327   12.559500  9.4579E-01
     328   12.562750  9.4552E-01
     329   12.566000  9.4528E-01
     330   12.569250  9.4506E-01
     331   12.572500  9.4486E-01
     332   12.575750  9.4469E-01
     333   12.579000  9.4455E-01
     334   12.582250  9.4443E-01
     335   12.585500  9.4433E-01
     336   12.588750  9.4426E-01
     337   12.592000  9.4420E-01
     338   12.595250  9.4417E-01
     339   12.598500  9.4416E-01
     340   12.601750  9.4417E-01
     341   12.605000  9.4420E-01
     342   12.608250  9.4424E-01
     343   12.611500  9.4430E-01
     344   12.614750  9.4437E-01
     345   12.618000  9.4446E-01
     346   12.621250  9.4456E-01
     347   12.624500  9.4466E-01
     348   12.627750  9.4478E-01
     349   12.631000  9.4490E-01
     350   12.634250  9.4502E-01
     351   12.637500  9.4515E-01
     352   12.640750  9.4527E-01
     353   12.644000  9.4540E-01
     354   12.647250  9.4552E-01
     355   12.650500  9.4564E-01
     356   12.653750  9.4576E-01
     357   12.657000  9.4586E-01
     358   12.660250  9.4596E-01
     359   12.663500  9.4605E-01
     360   12.666750  9.4613E-01
     361   12.670000  9.4619E-01
     362   12.673250  9.4625E-01
     363   12.676500  9.4629E-01
     364   12.679750  9.4631E-01
     365   12.683000  9.4633E-01
     366   12.686250  9.4633E-01
     367   12.689500  9.4631E-01
     368   12.692750  9.4628E-01
     369   12.696000  9.4624E-01
     370   12.699250  9.4619E-01
     371   12.702500  9.4612E-01
     372   12.705750  9.4605E-01
     373   12.709000  9.4596E-01
     374   12.712250  9.4586E-01
     375   12.715500  9.4576E-01
     376   12.718750  9.4564E-01
     377   12.722000  9.4553E-01
     378   12.725250  9.4541E-01
     379   12.728500  9.4528E-01
     380   12.731750  9.4515E-01
     381   12.735000  9.4502E-01
     382   12.738250  9.4490E-01
     383   12.741500  9.4477E-01
     384   12.744750  9.4465E-01
     385   12.748000  9.4453E-01
     386   12.751250  9.4441E-01
     387   12.754500  9.4430E-01
     388   12.757750  9.4419E-01
     389   12.761000  9.4409E-01
     390   12.764250  9.4400E-01
     391   12.767500  9.4391E-01
     392   12.770750  9.4383E-01
     393   12.774000  9.4376E-01
     394   12.777250  9.4369E-01
     395   12.780500  9.4363E-01
     396   12.783750  9.4357E-01
     397   12.787000  9.4352E-01
     398   12.790250  9.4347E-01
     399   12.793500  9.4343E-01
     400   12.796750  9.4339E-01
     401   12.800000  9.4336E-01
     402   12.803250  9.4332E-01
     403   12.806500  9.4329E-01
     404   12.809750  9.4326E-01
     405   12.813000  9.4323E-01
     406   12.816250  9.4320E-01
     407   12.819500  9.4316E-01
     408   12.822750  9.4313E-01
     409   12.826000  9.4309E-01
     410   12.829250  9.4305E-01
     411   12.832500  9.4301E-01
     412   12.835750  9.4296E-01
     413   12.839000  9.4291E-01
     414   12.842250  9.4286E-01
     415   12.845500  9.4280E-01
     416   12.848750  9.4273E-01
     417   12.852000  9.4266E-01
     418   12.855250  9.4259E-01
     419   12.858500  9.4251E-01
     420   12.861750  9.4242E-01
     421   12.865000  9.4233E-01
     422   12.868250  9.4224E-01
     423   12.871500  9.4213E-01
     424   12.874750  9.4202E-01
     425   12.878000  9.4191E-01
     426   12.881250  9.4178E-01
     427   12.884500  9.4165E-01
     428   12.887750  9.4152E-01
     429   12.891000  9.4137E-01
     430   12.894250  9.4122E-01
     431   12.897500  9.4106E-01
     432   12.900750  9.4089E-01
     433   12.904000  9.4072E-01
     434   12.907250  9.4053E-01
     435   12.910500  9.4034E-01
     436   12.913750  9.4013E-01
     437   12.917000  9.3992E-01
     438   12.920250  9.3970E-01
     439   12.923500  9.3946E-01
     440   12.926750  9.3922E-01
     441   12.930000  9.3896E-01
     442   12.933250  9.3869E-01
     443   12.936500  9.3841E-01
     444   12.939750  9.3812E-01
     445   12.943000  9.3782E-01
     446   12.946250  9.3751E-01
     447   12.949500  9.3719E-01
     448   12.952750  9.3686E-01
     449   12.956000  9.3652E-01
     450   12.959250  9.3616E-01
     451   12.962500  9.3580E-01
     452   12.965750  9.3543E-01
     453   12.969000  9.3505E-01
     454   12.972250  9.3467E-01
     455   12.975500  9.3427E-01
     456   12.978750  9.3387E-01
     457   12.982000  9.3346E-01
     458   12.985250  9.3305E-01
     459   12.988500  9.3263E-01
     460   12.991750  9.3221E-01
     461   12.995000  9.3179E-01
     462   12.998250  9.3136E-01
     463   13.001500  9.3093E-01
     464   13.004750  9.3050E-01
     465   13.008000  9.3006E-01
     466   13.011250  9.2963E-01
     467   13.014500  9.2919E-01
     468   13.017750  9.2875E-01
     469   13.021000  9.2831E-01
     470   13.024250  9.2787E-01
     471   13.027500  9.2742E-01
     472   13.030750  9.2698E-01
     473   13.034000  9.2653E-01
     474   13.037250  9.2607E-01
     475   13.040500  9.2562E-01
     476   13.043750  9.2516E-01
     477   13.047000  9.2469E-01
     478   13.050250  9.2422E-01
     479   13.053500  9.2374E-01
     480   13.056750  9.2324E-01
     481   13.060000  9.2274E-01
     482   13.063250  9.2223E-01
     483   13.066500  9.2170E-01
     484   13.069750  9.2115E-01
     485   13.073000  9.2059E-01
     486   13.076250  9.2000E-01
     487   13.079500  9.1940E-01
     488   13.082750  9.1877E-01
     489   13.086000  9.1811E-01
     490   13.089250  9.1742E-01
     491   13.092500  9.1671E-01
     492   13.095750  9.1596E-01
     493   13.099000  9.1517E-01
     494   13.102250  9.1435E-01
     495   13.105500  9.1348E-01
     496   13.108750  9.1257E-01
     497   13.112000  9.1162E-01
     498   13.115250  9.1062E-01
     499   13.118500  9.0956E-01
     500   13.121750  9.0846E-01
     501   13.125000  9.0730E-01
     502   13.128250  9.0609E-01
     503   13.131500  9.0482E-01
     504   13.134750  9.0349E-01
     505   13.138000  9.0210E-01
     506   13.141250  9.0064E-01
     507   13.144500  8.9913E-01
     508   13.147750  8.9755E-01
     509   13.151000  8.9590E-01
     510   13.154250  8.9419E-01
     511   13.157500  8.9242E-01
     512   13.160750  8.9058E-01
     513   13.164000  8.8867E-01
     514   13.167250  8.8670E-01
     515   13.170500  8.8466E-01
     516   13.173750  8.8256E-01
     517   13.177000  8.8040E-01
     518   13.180250  8.7818E-01
     519   13.183500  8.7590E-01
     520   13.186750  8.7356E-01
     521   13.190000  8.7117E-01
     522   13.193250  8.6872E-01
     523   13.196500  8.6622E-01
     524   13.199750  8.6367E-01
     525   13.203000  8.6107E-01
     526   13.206250  8.5842E-01
     527   13.209500  8.5574E-01
     528   13.212750  8.5301E-01
     529   13.216000  8.5024E-01
     530   13.219250  8.4744E-01
     531   13.222500  8.4461E-01
     532   13.225750  8.4174E-01
     533   13.229000  8.3885E-01
     534   13.232250  8.3593E-01
     535   13.235500  8.3299E-01
     536   13.238750  8.3002E-01
     537   13.242000  8.2703E-01
     538   13.245250  8.2403E-01
     539   13.248500  8.2100E-01
     540   13.251750  8.1797E-01
     541   13.255000  8.1491E-01
     542   13.258250  8.1184E-01
     543   13.261500  8.0876E-01
     544   13.264750  8.0567E-01
     545   13.268000  8.0256E-01
     546   13.271250  7.9944E-01
     547   13.274500  7.9631E-01
     548   13.277750  7.9316E-01
     549   13.281000  7.9000E-01
     550   13.284250  7.8682E-01
     551   13.287500  7.8362E-01
     552   13.290750  7.8041E-01
     553   13.294000  7.7717E-01
     554   13.297250  7.7392E-01
     555   13.300500  7.7064E-01
     556   13.303750  7.6733E-01
     557   13.307000  7.6399E-01
     558   13.310250  7.6063E-01
     559   13.313500  7.5723E-01
     560   13.316750  7.5379E-01
     561   13.320000  7.5031E-01
     562   13.323250  7.4679E-01
     563   13.326500  7.4322E-01
     564   13.329750  7.3960E-01
     565   13.333000  7.3594E-01
     566   13.336250  7.3222E-01
     567   13.339500  7.2844E-01
     568   13.342750  7.2461E-01
     569   13.346000  7.2071E-01
     570   13.349250  7.1675E-01
     571   13.352500  7.1273E-01
     572   13.355750  7.0864E-01
     573   13.359000  7.0448E-01
     574   13.362250  7.0026E-01
     575   13.365500  6.9597E-01
     576   13.368750  6.9161E-01
     577   13.372000  6.8719E-01
     578   13.375250  6.8270E-01
     579   13.378500  6.7815E-01
     580   13.381750  6.7354E-01
     581   13.385000  6.6888E-01
     582   13.388250  6.6416E-01
     583   13.391500  6.5940E-01
     584   13.394750  6.5459E-01
     585   13.398000  6.4974E-01
     586   13.401250  6.4486E-01
     587   13.404500  6.3995E-01
     588   13.407750  6.3503E-01
     589   13.411000  6.3009E-01
     590   13.414250  6.2515E-01
     591   13.417500  6.2022E-01
     592   13.420750  6.1530E-01
     593   13.424000  6.1040E-01
     594   13.427250  6.0553E-01
     595   13.430500  6.0071E-01
     596   13.433750  5.9593E-01
     597   13.437000  5.9121E-01
     598   13.440250  5.8656E-01
     599   13.443500  5.8199E-01
     600   13.446750  5.7750E-01
     601   13.450000  5.7310E-01
     602   13.453250  5.6881E-01
     603   13.456500  5.6462E-01
     604   13.459750  5.6055E-01
     605   13.463000  5.5661E-01
     606   13.466250  5.5278E-01
     607   13.469500  5.4909E-01
     608   13.472750  5.4554E-01
     609   13.476000  5.4212E-01
     610   13.479250  5.3885E-01
     611   13.482500  5.3571E-01
     612   13.485750  5.3272E-01
     613   13.489000  5.2987E-01
     614   13.492250  5.2717E-01
     615   13.495500  5.2460E-01
     616   13.498750  5.2217E-01
     617   13.502000  5.1987E-01
     618   13.505250  5.1770E-01
     619   13.508500  5.1565E-01
     620   13.511750  5.1371E-01
     621   13.515000  5.1189E-01
     622   13.518250  5.1017E-01
     623   13.521500  5.0855E-01
     624   13.524750  5.0701E-01
     625   13.528000  5.0555E-01
     626   13.531250  5.0417E-01
     627   13.534500  5.0284E-01
     628   13.537750  5.0157E-01
     629   13.541000  5.0035E-01
     630   13.544250  4.9916E-01
     631   13.547500  4.9800E-01
     632   13.550750  4.9686E-01
     633   13.554000  4.9574E-01
     634   13.557250  4.9462E-01
     635   13.560500  4.9351E-01
     636   13.563750  4.9239E-01
     637   13.567000  4.9126E-01
     638   13.570250  4.9011E-01
     639   13.573500  4.8894E-01
     640   13.576750  4.8775E-01
     641   13.580000  4.8654E-01
     642   13.583250  4.8529E-01
     643   13.586500  4.8402E-01
     644   13.589750  4.8273E-01
     645   13.593000  4.8140E-01
     646   13.596250  4.8005E-01
     647   13.599500  4.7867E-01
     648   13.602750  4.7727E-01
     649   13.606000  4.7586E-01
     650   13.609250  4.7442E-01
     651   13.612500  4.7298E-01
     652   13.615750  4.7153E-01
     653   13.619000  4.7008E-01
     654   13.622250  4.6864E-01
     655   13.625500  4.6721E-01
     656   13.628750  4.6579E-01
     657   13.632000  4.6440E-01
     658   13.635250  4.6303E-01
     659   13.638500  4.6170E-01
     660   13.641750  4.6041E-01
     661   13.645000  4.5917E-01
     662   13.648250  4.5798E-01
     663   13.651500  4.5685E-01
     664   13.654750  4.5578E-01
     665   13.658000  4.5477E-01
     666   13.661250  4.5384E-01
     667   13.664500  4.5298E-01
     668   13.667750  4.5219E-01
     669   13.671000  4.5148E-01
     670   13.674250  4.5084E-01
     671   13.677500  4.5028E-01
     672   13.680750  4.4980E-01
     673   13.684000  4.4938E-01
     674   13.687250  4.4904E-01
     675   13.690500  4.4876E-01
     676   13.693750  4.4853E-01
     677   13.697000  4.4836E-01
     678   13.700250  4.4824E-01
     679   13.703500  4.4815E-01
     680   13.706750  4.4809E-01
     681   13.710000  4.4805E-01
     682   13.713250  4.4801E-01
     683   13.716500  4.4797E-01
     684   13.719750  4.4790E-01
     685   13.723000  4.4781E-01
     686   13.726250  4.4767E-01
     687   13.729500  4.4747E-01
     688   13.732750  4.4720E-01
     689   13.736000  4.4684E-01
     690   13.739250  4.4638E-01
     691   13.742500  4.4580E-01
     692   13.745750  4.4509E-01
     693   13.749000  4.4424E-01
     694   13.752250  4.4322E-01
     695   13.755500  4.4204E-01
     696   13.758750  4.4067E-01
     697   13.762000  4.3911E-01
     698   13.765250  4.3735E-01
     699   13.768500  4.3538E-01
     700   13.771750  4.3318E-01
     701   13.775000  4.3076E-01
     702   13.778250  4.2812E-01
     703   13.781500  4.2524E-01
     704   13.784750  4.2213E-01
     705   13.788000  4.1879E-01
     706   13.791250  4.1522E-01
     707   13.794500  4.1143E-01
     708   13.797750  4.0742E-01
     709   13.801000  4.0320E-01
     710   13.804250  3.9878E-01
     711   13.807500  3.9417E-01
     712   13.810750  3.8939E-01
     713   13.814000  3.8445E-01
     714   13.817250  3.7937E-01
     715   13.820500  3.7416E-01
     716   13.823750  3.6884E-01
     717   13.827000  3.6344E-01
     718   13.830250  3.5798E-01
     719   13.833500  3.5247E-01
     720   13.836750  3.4694E-01
     721   13.840000  3.4141E-01
     722   13.843250  3.3591E-01
     723   13.846500  3.3045E-01
     724   13.849750  3.2506E-01
     725   13.853000  3.1976E-01
     726   13.856250  3.1457E-01
     727   13.859500  3.0951E-01
     728   13.862750  3.0461E-01
     729   13.866000  2.9987E-01
     730   13.869250  2.9532E-01
     731   13.872500  2.9096E-01
     732   13.875750  2.8682E-01
     733   13.879000  2.8291E-01
     734   13.882250  2.7922E-01
     735   13.885500  2.7578E-01
     736   13.888750  2.7259E-01
     737   13.892000  2.6964E-01
     738   13.895250  2.6695E-01
     739   13.898500  2.6451E-01
     740   13.901750  2.6231E-01
     741   13.905000  2.6036E-01
     742   13.908250  2.5865E-01
     743   13.911500  2.5716E-01
     744   13.914750  2.5590E-01
     745   13.918000  2.5484E-01
     746   13.921250  2.5398E-01
     747   13.924500  2.5330E-01
     748   13.927750  2.5279E-01
     749   13.931000  2.5242E-01
     750   13.934250  2.5219E-01
     751   13.937500  2.5208E-01
     752   13.940750  2.5207E-01
     753   13.944000  2.5213E-01
     754   13.947250  2.5226E-01
     755   13.950500  2.5243E-01
     756   13.953750  2.5263E-01
     757   13.957000  2.5284E-01
     758   13.960250  2.5304E-01
     759   13.963500  2.5322E-01
     760   13.966750  2.5336E-01
     761   13.970000  2.5345E-01
     762   13.973250  2.5347E-01
     763   13.976500  2.5341E-01
     764   13.979750  2.5325E-01
     765   13.983000  2.5300E-01
     766   13.986250  2.5264E-01
     767   13.989500  2.5215E-01
     768   13.992750  2.5155E-01
     769   13.996000  2.5080E-01
     770   13.999250  2.4992E-01
     771   14.002500  2.4891E-01
     772   14.005750  2.4774E-01
     773   14.009000  2.4643E-01
     774   14.012250  2.4498E-01
     775   14.015500  2.4338E-01
     776   14.018750  2.4163E-01
     777   14.022000  2.3975E-01
     778   14.025250  2.3772E-01
     779   14.028500  2.3555E-01
     780   14.031750  2.3325E-01
     781   14.035000  2.3082E-01
     782   14.038250  2.2827E-01
     783   14.041500  2.2560E-01
     784   14.044750  2.2281E-01
     785   14.048000  2.1992E-01
     786   14.051250  2.1692E-01
     787   14.054500  2.1383E-01
     788   14.057750  2.1065E-01
     789   14.061000  2.0738E-01
     790   14.064250  2.0404E-01
     791   14.067500  2.0063E-01
     792   14.070750  1.9715E-01
     793   14.074000  1.9362E-01
     794   14.077250  1.9003E-01
     795   14.080500  1.8640E-01
     796   14.083750  1.8273E-01
     797   14.087000  1.7902E-01
     798   14.090250  1.7529E-01
     799   14.093500  1.7153E-01
     800   14.096750  1.6776E-01
     801   14.100000  1.6398E-01
     802   14.103250  1.6019E-01
     803   14.106500  1.5640E-01
     804   14.109750  1.5261E-01
     805   14.113000  1.4883E-01
     806   14.116250  1.4506E-01
     807   14.119500  1.4131E-01
     808   14.122750  1.3758E-01
     809   14.126000  1.3387E-01
     810   14.129250  1.3018E-01
     811   14.132500  1.2653E-01
     812   14.135750  1.2291E-01
     813   14.139000  1.1933E-01
     814   14.142250  1.1578E-01
     815   14.145500  1.1228E-01
     816   14.148750  1.0882E-01
     817   14.152000  1.0541E-01
     818   14.155250  1.0205E-01
     819   14.158500  9.8737E-02
     820   14.161750  9.5478E-02
     821   14.165000  9.2273E-02
     822   14.168250  8.9124E-02
     823   14.171500  8.6032E-02
     824   14.174750  8.2999E-02
     825   14.178000  8.0026E-02
     826   14.181250  7.7114E-02
     827   14.184500  7.4264E-02
     828   14.187750  7.1477E-02
     829   14.191000  6.8754E-02
     830   14.194250  6.6095E-02
     831   14.197500  6.3500E-02
     832   14.200750  6.0971E-02
     833   14.204000  5.8507E-02
     834   14.207250  5.6109E-02
     835   14.210500  5.3777E-02
     836   14.213750  5.1510E-02
     837   14.217000  4.9309E-02
     838   14.220250  4.7174E-02
     839   14.223500  4.5104E-02
     840   14.226750  4.3099E-02
     841   14.230000  4.1158E-02
     842   14.233250  3.9282E-02
     843   14.236500  3.7468E-02
     844   14.239750  3.5717E-02
     845   14.243000  3.4028E-02
     846   14.246250  3.2400E-02
     847   14.249500  3.0831E-02
     848   14.252750  2.9322E-02
     849   14.256000  2.7871E-02
     850   14.259250  2.6476E-02
     851   14.262500  2.5137E-02
     852   14.265750  2.3853E-02
     853   14.269000  2.2622E-02
     854   14.272250  2.1442E-02
     855   14.275500  2.0313E-02
     856   14.278750  1.9233E-02
     857   14.282000  1.8201E-02
     858   14.285250  1.7216E-02
     859   14.288500  1.6275E-02
     860   14.291750  1.5377E-02
     861   14.295000  1.4522E-02
     862   14.298250  1.3707E-02
     863   14.301500  1.2932E-02
     864   14.304750  1.2194E-02
     865   14.308000  1.1493E-02
     866   14.311250  1.0826E-02
     867   14.314500  1.0193E-02
     868   14.317750  9.5924E-03
     869   14.321000  9.0225E-03
     870   14.324250  8.4822E-03
     871   14.327500  7.9701E-03
     872   14.330750  7.4851E-03
     873   14.334000  7.0260E-03
     874   14.337250  6.5916E-03
     875   14.340500  6.1807E-03
     876   14.343750  5.7923E-03
     877   14.347000  5.4253E-03
     878   14.350250  5.0787E-03
     879   14.353500  4.7516E-03
     880   14.356750  4.4429E-03
     881   14.360000  4.1517E-03
     882   14.363250  3.8773E-03
     883   14.366500  3.6188E-03
     884   14.369750  3.3753E-03
     885   14.373000  3.1462E-03
     886   14.376250  2.9306E-03
     887   14.379500  2.7279E-03
     888   14.382750  2.5374E-03
     889   14.386000  2.3586E-03
     890   14.389250  2.1907E-03
     891   14.392500  2.0332E-03
     892   14.395750  1.8856E-03
     893   14.399000  1.7473E-03
     894   14.402250  1.6178E-03
     895   14.405500  1.4967E-03
     896   14.408750  1.3835E-03
     897   14.412000  1.2777E-03
     898   14.415250  1.1790E-03
     899   14.418500  1.0869E-03
     900   14.421750  1.0011E-03
     901   14.425000  9.2120E-04
     902   14.428250  8.4687E-04
     903   14.431500  7.7779E-04
     904   14.434750  7.1364E-04
     905   14.438000  6.5412E-04
     906   14.441250  5.9896E-04
     907   14.444500  5.4789E-04
     908   14.447750  5.0064E-04
     909   14.451000  4.5699E-04
     910   14.454250  4.1669E-04
     911   14.457500  3.7954E-04
     912   14.460750  3.4532E-04
     913   14.464000  3.1383E-04
     914   14.467250  2.8489E-04
     915   14.470500  2.5833E-04
     916   14.473750  2.3397E-04
     917   14.477000  2.1167E-04
     918   14.480250  1.9127E-04
     919   14.483500  1.7262E-04
     920   14.486750  1.5561E-04
     921   14.490000  1.4011E-04
     922   14.493250  1.2600E-04
     923   14.496500  1.1317E-04
     924   14.499750  1.0152E-04
     925   14.503000  9.0956E-05
     926   14.506250  8.1390E-05
     927   14.509500  7.2737E-05
     928   14.512750  6.4922E-05
     929   14.516000  5.7872E-05
     930   14.519250  5.1521E-05
     931   14.522500  4.5807E-05
     932   14.525750  4.0674E-05
     933   14.529000  3.6068E-05
     934   14.532250  3.1941E-05
     935   14.535500  2.8249E-05
     936   14.538750  2.4949E-05
     937   14.542000  2.2006E-05
     938   14.545250  1.9383E-05
     939   14.548500  1.7049E-05
     940   14.551750  1.4976E-05
     941   14.555000  1.3136E-05
     942   14.558250  1.1507E-05
     943   14.561500  1.0065E-05
     944   14.564750  8.7915E-06
     945   14.568000  7.6682E-06
     946   14.571250  6.6789E-06
     947   14.574500  5.8088E-06
     948   14.577750  5.0448E-06
     949   14.581000  4.3748E-06
     950   14.584250  3.7883E-06
     951   14.587500  3.2755E-06
     952   14.590750  2.8280E-06
     953   14.594000  2.4379E-06
     954   14.597250  2.0985E-06
     955   14.600500  1.8037E-06
     956   14.603750  1.5479E-06
     957   14.607000  1.3263E-06
     958   14.610250  1.1347E-06
     959   14.613500  9.6932E-07
     960   14.616750  8.2674E-07
     961   14.620000  7.0403E-07
     962   14.623250  5.9859E-07
     963   14.626500  5.0814E-07
     964   14.629750  4.3067E-07
     965   14.633000  3.6442E-07
     966   14.636250  3.0788E-07
     967   14.639500  2.5968E-07
     968   14.642750  2.1868E-07
     969   14.646000  1.8385E-07
     970   14.649250  1.5431E-07
     971   14.652500  1.2931E-07
     972   14.655750  1.0818E-07
     973   14.659000  9.0347E-08
     974   14.662250  7.5330E-08
     975   14.665500  6.2704E-08
     976   14.668750  5.2105E-08
     977   14.672000  4.3225E-08
     978   14.675250  3.5797E-08
     979   14.678500  2.9594E-08
     980   14.681750  2.4425E-08
     981   14.685000  2.0123E-08
     982   14.688250  1.6550E-08
     983   14.691500  1.3588E-08
     984   14.694750  1.1136E-08
     985   14.698000  9.1109E-09
     986   14.701250  7.4407E-09
     987   14.704500  6.0659E-09
     988   14.707750  4.9363E-09
     989   14.711000  4.0099E-09
     990   14.714250  3.2515E-09
     991   14.717500  2.6317E-09
     992   14.720750  2.1262E-09
     993   14.724000  1.7147E-09
     994   14.727250  1.3803E-09
     995   14.730500  1.1091E-09
     996   14.733750  8.8953E-10
     997   14.737000  7.1211E-10
     998   14.740250  5.6902E-10
     999   14.743500  4.5384E-10
    1000   14.746750  3.6129E-10
    1001   14.750000  2.8708E-10
    1002   14.753250  2.2768E-10
    1003   14.756500  1.8022E-10
    1004   14.759750  1.4239E-10
    1005   14.763000  1.1229E-10
    1006   14.766250  8.8386E-11
    1007   14.769500  6.9437E-11
    1008   14.772750  5.4445E-11
    1009   14.776000  4.2609E-11
    1010   14.779250  3.3280E-11
    1011   14.782500  2.5942E-11
    1012   14.785750  2.0183E-11
    1013   14.789000  1.5668E-11
    1014   14.792250  1.2138E-11
    1015   14.795500  9.3877E-12
    1016   14.798750  7.2478E-12
    1017   14.802000  5.5847E-12
    1018   14.805250  4.2947E-12
    1019   14.808500  3.2962E-12
    1020   14.811750  2.5247E-12
    1021   14.815000  1.9299E-12
    1022   14.818250  1.4724E-12
    1023   14.821500  1.1192E-12
    1024   14.824750  8.4769E-13
    1025   14.828000  6.4193E-13
    1026   14.831250  4.8599E-13
    1027   14.834500  3.6719E-13
    1028   14.837750  2.7687E-13
    1029   14.841000  2.0834E-13
    1030   14.844250  1.5645E-13
    1031   14.847500  1.1720E-13
    1032   14.850750  8.7620E-14
    1033   14.854000  6.4887E-14
    1034   14.857250  4.7412E-14
    1035   14.860500  3.4833E-14
    1036   14.863750  2.5859E-14
    1037   14.867000  1.9169E-14
    1038   14.870250  1.4179E-14
    1039   14.873500  1.0466E-14
    1040   14.876750  7.7094E-15
    1041   14.880000  5.6665E-15
    1042   14.883250  4.1511E-15
    1043   14.886500  2.9294E-15
    1044   14.889750  1.9148E-15
    1045   14.893000  1.2830E-15
    1046   14.896250  9.3748E-16
    1047   14.899500  6.8348E-16
    1048   14.902750  4.9720E-16
    1049   14.906000  3.6089E-16
    1050   14.909250  2.6137E-16
    1051   14.912500  1.8887E-16
    1052   14.915750  1.3618E-16
    1053   14.919000  9.7974E-17
    1054   14.922250  3.8083E-17
    1055   14.925500  0.0000E+00
    1056   14.928750  0.0000E+00
    1057   14.932000  0.0000E+00
    1058   14.935250  0.0000E+00
    1059   14.938500  0.0000E+00
    1060   14.941750  0.0000E+00
    1061   14.945000  0.0000E+00
    1062   14.948250  0.0000E+00
    1063   14.951500  0.0000E+00
    1064   14.954750  0.0000E+00
    1065   14.958000  0.0000E+00
    1066   14.961250  0.0000E+00
    1067   14.964500  0.0000E+00
    1068   14.967750  0.0000E+00
    1069   14.971000  0.0000E+00
    1070   14.974250  0.0000E+00
    1071   14.977500  0.0000E+00
    1072   14.980750  0.0000E+00
    1073   14.984000  0.0000E+00
    1074   14.987250  0.0000E+00
    1075   14.990500  0.0000E+00
    1076   14.993750  0.0000E+00
    1077   14.997000  0.0000E+00
    1078   15.000250  0.0000E+00
    1079   15.003500  0.0000E+00
    1080   15.006750  0.0000E+00
    1081   15.010000  2.4893E-30
    1082   15.013250  9.9317E-18
    1083   15.016500  2.5551E-17
    1084   15.019750  3.5516E-17
    1085   15.023000  4.9257E-17
    1086   15.026250  6.8163E-17
    1087   15.029500  9.4118E-17
    1088   15.032750  1.2967E-16
    1089   15.036000  1.7825E-16
    1090   15.039250  2.4449E-16
    1091   15.042500  3.3460E-16
    1092   15.045750  4.5691E-16
    1093   15.049000  6.3093E-16
    1094   15.052250  8.6792E-16
    1095   15.055500  1.1781E-15
    1096   15.058750  1.5955E-15
    1097   15.062000  2.1561E-15
    1098   15.065250  2.9072E-15
    1099   15.068500  3.9114E-15
    1100   15.071750  5.2509E-15
    1101   15.075000  7.0336E-15
    1102   15.078250  9.4009E-15
    1103   15.081500  1.2537E-14
    1104   15.084750  1.6683E-14
    1105   15.088000  2.2197E-14
    1106   15.091250  2.9636E-14
    1107   15.094500  3.9416E-14
    1108   15.097750  5.2051E-14
    1109   15.101000  6.8569E-14
    1110   15.104250  9.0134E-14
    1111   15.107500  1.1823E-13
    1112   15.110750  1.5474E-13
    1113   15.114000  2.0211E-13
    1114   15.117250  2.6340E-13
    1115   15.120500  3.4255E-13
    1116   15.123750  4.4465E-13
    1117   15.127000  5.7657E-13
    1118   15.130250  7.4590E-13
    1119   15.133500  9.6206E-13
    1120   15.136750  1.2382E-12
    1121   15.140000  1.5903E-12
    1122   15.143250  2.0383E-12
    1123   15.146500  2.6070E-12
    1124   15.149750  3.3274E-12
    1125   15.153000  4.2384E-12
    1126   15.156250  5.3876E-12
    1127   15.159500  6.8341E-12
    1128   15.162750  8.6520E-12
    1129   15.166000  1.0931E-11
    1130   15.169250  1.3782E-11
    1131   15.172500  1.7341E-11
    1132   15.175750  2.1775E-11
    1133   15.179000  2.7288E-11
    1134   15.182250  3.4129E-11
    1135   15.185500  4.2600E-11
    1136   15.188750  5.3068E-11
    1137   15.192000  6.5981E-11
    1138   15.195250  8.1874E-11
    1139   15.198500  1.0140E-10
    1140   15.201750  1.2534E-10
    1141   15.205000  1.5464E-10
    1142   15.208250  1.9043E-10
    1143   15.211500  2.3405E-10
    1144   15.214750  2.8713E-10
    1145   15.218000  3.5159E-10
    1146   15.221250  4.2974E-10
    1147   15.224500  5.2430E-10
    1148   15.227750  6.3852E-10
    1149   15.231000  7.7622E-10
    1150   15.234250  9.4195E-10
    1151   15.237500  1.1411E-09
    1152   15.240750  1.3799E-09
    1153   15.244000  1.6658E-09
    1154   15.247250  2.0076E-09
    1155   15.250500  2.4154E-09
    1156   15.253750  2.9013E-09
    1157   15.257000  3.4792E-09
    1158   15.260250  4.1654E-09
    1159   15.263500  4.9792E-09
    1160   15.266750  5.9425E-09
    1161   15.270000  7.0812E-09
    1162   15.273250  8.4252E-09
    1163   15.276500  1.0009E-08
    1164   15.279750  1.1873E-08
    1165   15.283000  1.4064E-08
    1166   15.286250  1.6635E-08
    1167   15.289500  1.9648E-08
    1168   15.292750  2.3174E-08
    1169   15.296000  2.7295E-08
    1170   15.299250  3.2106E-08
    1171   15.302500  3.7713E-08
    1172   15.305750  4.4242E-08
    1173   15.309000  5.1833E-08
    1174   15.312250  6.0649E-08
    1175   15.315500  7.0874E-08
    1176   15.318750  8.2719E-08
    1177   15.322000  9.6425E-08
    1178   15.325250  1.1226E-07
    1179   15.328500  1.3055E-07
    1180   15.331750  1.5162E-07
    1181   15.335000  1.7590E-07
    1182   15.338250  2.0382E-07
    1183   15.341500  2.3589E-07
    1184   15.344750  2.7270E-07
    1185   15.348000  3.1488E-07
    1186   15.351250  3.6318E-07
    1187   15.354500  4.1840E-07
    1188   15.357750  4.8147E-07
    1189   15.361000  5.5341E-07
    1190   15.364250  6.3539E-07
    1191   15.367500  7.2868E-07
    1192   15.370750  8.3471E-07
    1193   15.374000  9.5509E-07
    1194   15.377250  1.0916E-06
    1195   15.380500  1.2462E-06
    1196   15.383750  1.4210E-06
    1197   15.387000  1.6185E-06
    1198   15.390250  1.8414E-06
    1199   15.393500  2.0925E-06
    1200   15.396750  2.3751E-06
    1201   15.400000  2.6927E-06
    1202   15.403250  3.0493E-06
    1203   15.406500  3.4490E-06
    1204   15.409750  3.8965E-06
    1205   15.413000  4.3969E-06
    1206   15.416250  4.9558E-06
    1207   15.419500  5.5790E-06
    1208   15.422750  6.2732E-06
    1209   15.426000  7.0453E-06
    1210   15.429250  7.9032E-06
    1211   15.432500  8.8549E-06
    1212   15.435750  9.9096E-06
    1213   15.439000  1.1077E-05
    1214   15.442250  1.2367E-05
    1215   15.445500  1.3791E-05
    1216   15.448750  1.5361E-05
    1217   15.452000  1.7090E-05
    1218   15.455250  1.8991E-05
    1219   15.458500  2.1080E-05
    1220   15.461750  2.3372E-05
    1221   15.465000  2.5885E-05
    1222   15.468250  2.8635E-05
    1223   15.471500  3.1643E-05
    1224   15.474750  3.4929E-05
    1225   15.478000  3.8515E-05
    1226   15.481250  4.2424E-05
    1227   15.484500  4.6683E-05
    1228   15.487750  5.1316E-05
    1229   15.491000  5.6353E-05
    1230   15.494250  6.1825E-05
    1231   15.497500  6.7764E-05
    1232   15.500750  7.4203E-05
    1233   15.504000  8.1182E-05
    1234   15.507250  8.8738E-05
    1235   15.510500  9.6914E-05
    1236   15.513750  1.0576E-04
    1237   15.517000  1.1531E-04
    1238   15.520250  1.2563E-04
    1239   15.523500  1.3676E-04
    1240   15.526750  1.4878E-04
    1241   15.530000  1.6173E-04
    1242   15.533250  1.7569E-04
    1243   15.536500  1.9072E-04
    1244   15.539750  2.0691E-04
    1245   15.543000  2.2433E-04
    1246   15.546250  2.4306E-04
    1247   15.549500  2.6320E-04
    1248   15.552750  2.8484E-04
    1249   15.556000  3.0809E-04
    1250   15.559250  3.3304E-04
    1251   15.562500  3.5983E-04
    1252   15.565750  3.8855E-04
    1253   15.569000  4.1935E-04
    1254   15.572250  4.5235E-04
    1255   15.575500  4.8769E-04
    1256   15.578750  5.2553E-04
    1257   15.582000  5.6600E-04
    1258   15.585250  6.0927E-04
    1259   15.588500  6.5551E-04
    1260   15.591750  7.0489E-04
    1261   15.595000  7.5759E-04
    1262   15.598250  8.1379E-04
    1263   15.601500  8.7368E-04
    1264   15.604750  9.3747E-04
    1265   15.608000  1.0053E-03
    1266   15.611250  1.0775E-03
    1267   15.614500  1.1542E-03
    1268   15.617750  1.2356E-03
    1269   15.621000  1.3220E-03
    1270   15.624250  1.4136E-03
    1271   15.627500  1.5105E-03
    1272   15.630750  1.6132E-03
    1273   15.634000  1.7216E-03
    1274   15.637250  1.8362E-03
    1275   15.640500  1.9572E-03
    1276   15.643750  2.0848E-03
    1277   15.647000  2.2192E-03
    1278   15.650250  2.3607E-03
    1279   15.653500  2.5096E-03
    1280   15.656750  2.6662E-03
    1281   15.660000  2.8306E-03
    1282   15.663250  3.0031E-03
    1283   15.666500  3.1841E-03
    1284   15.669750  3.3738E-03
    1285   15.673000  3.5724E-03
    1286   15.676250  3.7804E-03
    1287   15.679500  3.9979E-03
    1288   15.682750  4.2253E-03
    1289   15.686000  4.4630E-03
    1290   15.689250  4.7112E-03
    1291   15.692500  4.9704E-03
    1292   15.695750  5.2408E-03
    1293   15.699000  5.5230E-03
    1294   15.702250  5.8172E-03
    1295   15.705500  6.1240E-03
    1296   15.708750  6.4438E-03
    1297   15.712000  6.7770E-03
    1298   15.715250  7.1243E-03
    1299   15.718500  7.4861E-03
    1300   15.721750  7.8630E-03
    1301   15.725000  8.2556E-03
    1302   15.728250  8.6645E-03
    1303   15.731500  9.0905E-03
    1304   15.734750  9.5342E-03
    1305   15.738000  9.9964E-03
    1306   15.741250  1.0478E-02
    1307   15.744500  1.0979E-02
    1308   15.747750  1.1502E-02
    1309   15.751000  1.2046E-02
    1310   15.754250  1.2612E-02
    1311   15.757500  1.3203E-02
    1312   15.760750  1.3818E-02
    1313   15.764000  1.4458E-02
    1314   15.767250  1.5125E-02
    1315   15.770500  1.5820E-02
    1316   15.773750  1.6543E-02
    1317   15.777000  1.7296E-02
    1318   15.780250  1.8080E-02
    1319   15.783500  1.8895E-02
    1320   15.786750  1.9744E-02
    1321   15.790000  2.0626E-02
    1322   15.793250  2.1544E-02
    1323   15.796500  2.2498E-02
    1324   15.799750  2.3489E-02
    1325   15.803000  2.4519E-02
    1326   15.806250  2.5588E-02
    1327   15.809500  2.6697E-02
    1328   15.812750  2.7847E-02
    1329   15.816000  2.9040E-02
    1330   15.819250  3.0276E-02
    1331   15.822500  3.1557E-02
    1332   15.825750  3.2882E-02
    1333   15.829000  3.4253E-02
    1334   15.832250  3.5671E-02
    1335   15.835500  3.7137E-02
    1336   15.838750  3.8650E-02
    1337   15.842000  4.0213E-02
    1338   15.845250  4.1826E-02
    1339   15.848500  4.3488E-02
    1340   15.851750  4.5202E-02
    1341   15.855000  4.6967E-02
    1342   15.858250  4.8785E-02
    1343   15.861500  5.0655E-02
    1344   15.864750  5.2579E-02
    1345   15.868000  5.4557E-02
    1346   15.871250  5.6589E-02
    1347   15.874500  5.8677E-02
    1348   15.877750  6.0820E-02
    1349   15.881000  6.3020E-02
    1350   15.884250  6.5276E-02
    1351   15.887500  6.7589E-02
    1352   15.890750  6.9961E-02
    1353   15.894000  7.2391E-02
    1354   15.897250  7.4880E-02
    1355   15.900500  7.7429E-02
    1356   15.903750  8.0038E-02
    1357   15.907000  8.2708E-02
    1358   15.910250  8.5439E-02
    1359   15.913500  8.8232E-02
    1360   15.916750  9.1087E-02
    1361   15.920000  9.4004E-02
    1362   15.923250  9.6984E-02
    1363   15.926500  1.0003E-01
    1364   15.929750  1.0313E-01
    1365   15.933000  1.0630E-01
    1366   15.936250  1.0953E-01
    1367   15.939500  1.1283E-01
    1368   15.942750  1.1618E-01
    1369   15.946000  1.1960E-01
    1370   15.949250  1.2307E-01
    1371   15.952500  1.2661E-01
    1372   15.955750  1.3020E-01
    1373   15.959000  1.3384E-01
    1374   15.962250  1.3754E-01
    1375   15.965500  1.4129E-01
    1376   15.968750  1.4508E-01
    1377   15.972000  1.4891E-01
    1378   15.975250  1.5279E-01
    1379   15.978500  1.5670E-01
    1380   15.981750  1.6064E-01
    1381   15.985000  1.6460E-01
    1382   15.988250  1.6858E-01
    1383   15.991500  1.7258E-01
    1384   15.994750  1.7658E-01
    1385   15.998000  1.8057E-01
    1386   16.001250  1.8456E-01
    1387   16.004500  1.8853E-01
    1388   16.007750  1.9247E-01
    1389   16.011000  1.9638E-01
    1390   16.014250  2.0024E-01
    1391   16.017500  2.0404E-01
    1392   16.020750  2.0778E-01
    1393   16.024000  2.1145E-01
    1394   16.027250  2.1503E-01
    1395   16.030500  2.1851E-01
    1396   16.033750  2.2188E-01
    1397   16.037000  2.2514E-01
    1398   16.040250  2.2826E-01
    1399   16.043500  2.3125E-01
    1400   16.046750  2.3409E-01
    1401   16.050000  2.3677E-01
    1402   16.053250  2.3928E-01
    1403   16.056500  2.4160E-01
    1404   16.059750  2.4375E-01
    1405   16.063000  2.4569E-01
    1406   16.066250  2.4744E-01
    1407   16.069500  2.4897E-01
    1408   16.072750  2.5029E-01
    1409   16.076000  2.5140E-01
    1410   16.079250  2.5228E-01
    1411   16.082500  2.5293E-01
    1412   16.085750  2.5336E-01
    1413   16.089000  2.5357E-01
    1414   16.092250  2.5355E-01
    1415   16.095500  2.5332E-01
    1416   16.098750  2.5286E-01
    1417   16.102000  2.5220E-01
    1418   16.105250  2.5134E-01
    1419   16.108500  2.5028E-01
    1420   16.111750  2.4903E-01
    1421   16.115000  2.4762E-01
    1422   16.118250  2.4605E-01
    1423   16.121500  2.4433E-01
    1424   16.124750  2.4248E-01
    1425   16.128000  2.4052E-01
    1426   16.131250  2.3847E-01
    1427   16.134500  2.3634E-01
    1428   16.137750  2.3416E-01
    1429   16.141000  2.3193E-01
    1430   16.144250  2.2970E-01
    1431   16.147500  2.2747E-01
    1432   16.150750  2.2526E-01
    1433   16.154000  2.2311E-01
    1434   16.157250  2.2102E-01
    1435   16.160500  2.1903E-01
    1436   16.163750  2.1715E-01
    1437   16.167000  2.1540E-01
    1438   16.170250  2.1381E-01
    1439   16.173500  2.1238E-01
    1440   16.176750  2.1115E-01
    1441   16.180000  2.1012E-01
    1442   16.183250  2.0931E-01
    1443   16.186500  2.0873E-01
    1444   16.189750  2.0840E-01
    1445   16.193000  2.0832E-01
    1446   16.196250  2.0851E-01
    1447   16.199500  2.0897E-01
    1448   16.202750  2.0971E-01
    1449   16.206000  2.1072E-01
    1450   16.209250  2.1202E-01
    1451   16.212500  2.1359E-01
    1452   16.215750  2.1544E-01
    1453   16.219000  2.1757E-01
    1454   16.222250  2.1997E-01
    1455   16.225500  2.2262E-01
    1456   16.228750  2.2553E-01
    1457   16.232000  2.2867E-01
    1458   16.235250  2.3205E-01
    1459   16.238500  2.3564E-01
    1460   16.241750  2.3944E-01
    1461   16.245000  2.4342E-01
    1462   16.248250  2.4758E-01
    1463   16.251500  2.5189E-01
    1464   16.254750  2.5634E-01
    1465   16.258000  2.6092E-01
    1466   16.261250  2.6561E-01
    1467   16.264500  2.7038E-01
    1468   16.267750  2.7523E-01
    1469   16.271000  2.8013E-01
    1470   16.274250  2.8508E-01
    1471   16.277500  2.9005E-01
    1472   16.280750  2.9503E-01
    1473   16.284000  3.0001E-01
    1474   16.287250  3.0497E-01
    1475   16.290500  3.0990E-01
    1476   16.293750  3.1479E-01
    1477   16.297000  3.1962E-01
    1478   16.300250  3.2440E-01
    1479   16.303500  3.2910E-01
    1480   16.306750  3.3373E-01
    1481   16.310000  3.3827E-01
    1482   16.313250  3.4271E-01
    1483   16.316500  3.4706E-01
    1484   16.319750  3.5130E-01
    1485   16.323000  3.5544E-01
    1486   16.326250  3.5947E-01
    1487   16.329500  3.6339E-01
    1488   16.332750  3.6720E-01
    1489   16.336000  3.7089E-01
    1490   16.339250  3.7447E-01
    1491   16.342500  3.7793E-01
    1492   16.345750  3.8129E-01
    1493   16.349000  3.8453E-01
    1494   16.352250  3.8766E-01
    1495   16.355500  3.9068E-01
    1496   16.358750  3.9360E-01
    1497   16.362000  3.9642E-01
    1498   16.365250  3.9913E-01
    1499   16.368500  4.0175E-01
    1500   16.371750  4.0427E-01
    1501   16.375000  4.0670E-01
    1502   16.378250  4.0904E-01
    1503   16.381500  4.1130E-01
    1504   16.384750  4.1348E-01
    1505   16.388000  4.1557E-01
    1506   16.391250  4.1759E-01
    1507   16.394500  4.1954E-01
    1508   16.397750  4.2142E-01
    1509   16.401000  4.2323E-01
    1510   16.404250  4.2499E-01
    1511   16.407500  4.2668E-01
    1512   16.410750  4.2831E-01
    1513   16.414000  4.2989E-01
    1514   16.417250  4.3143E-01
    1515   16.420500  4.3291E-01
    1516   16.423750  4.3435E-01
    1517   16.427000  4.3575E-01
    1518   16.430250  4.3711E-01
    1519   16.433500  4.3844E-01
    1520   16.436750  4.3973E-01
    1521   16.440000  4.4100E-01
    1522   16.443250  4.4223E-01
    1523   16.446500  4.4345E-01
    1524   16.449750  4.4464E-01
    1525   16.453000  4.4581E-01
    1526   16.456250  4.4696E-01
    1527   16.459500  4.4810E-01
    1528   16.462750  4.4923E-01
    1529   16.466000  4.5035E-01
    1530   16.469250  4.5146E-01
    1531   16.472500  4.5256E-01
    1532   16.475750  4.5366E-01
    1533   16.479000  4.5476E-01
    1534   16.482250  4.5586E-01
    1535   16.485500  4.5697E-01
    1536   16.488750  4.5807E-01
    1537   16.492000  4.5918E-01
    1538   16.495250  4.6029E-01
    1539   16.498500  4.6142E-01
    1540   16.501750  4.6255E-01
    1541   16.505000  4.6368E-01
    1542   16.508250  4.6483E-01
    1543   16.511500  4.6598E-01
    1544   16.514750  4.6715E-01
    1545   16.518000  4.6832E-01
    1546   16.521250  4.6950E-01
    1547   16.524500  4.7070E-01
    1548   16.527750  4.7189E-01
    1549   16.531000  4.7310E-01
    1550   16.534250  4.7431E-01
    1551   16.537500  4.7552E-01
    1552   16.540750  4.7674E-01
    1553   16.544000  4.7795E-01
    1554   16.547250  4.7917E-01
    1555   16.550500  4.8038E-01
    1556   16.553750  4.8158E-01
    1557   16.557000  4.8278E-01
    1558   16.560250  4.8396E-01
    1559   16.563500  4.8513E-01
    1560   16.566750  4.8629E-01
    1561   16.570000  4.8742E-01
    1562   16.573250  4.8854E-01
    1563   16.576500  4.8962E-01
    1564   16.579750  4.9068E-01
    1565   16.583000  4.9170E-01
    1566   16.586250  4.9269E-01
    1567   16.589500  4.9365E-01
    1568   16.592750  4.9455E-01
    1569   16.596000  4.9542E-01
    1570   16.599250  4.9624E-01
    1571   16.602500  4.9700E-01
    1572   16.605750  4.9772E-01
    1573   16.609000  4.9837E-01
    1574   16.612250  4.9897E-01
    1575   16.615500  4.9951E-01
    1576   16.618750  4.9998E-01
    1577   16.622000  5.0040E-01
    1578   16.625250  5.0074E-01
    1579   16.628500  5.0102E-01
    1580   16.631750  5.0123E-01
    1581   16.635000  5.0137E-01
    1582   16.638250  5.0144E-01
    1583   16.641500  5.0144E-01
    1584   16.644750  5.0137E-01
    1585   16.648000  5.0124E-01
    1586   16.651250  5.0104E-01
    1587   16.654500  5.0077E-01
    1588   16.657750  5.0043E-01
    1589   16.661000  5.0004E-01
    1590   16.664250  4.9958E-01
    1591   16.667500  4.9907E-01
    1592   16.670750  4.9851E-01
    1593   16.674000  4.9790E-01
    1594   16.677250  4.9724E-01
    1595   16.680500  4.9654E-01
    1596   16.683750  4.9580E-01
    1597   16.687000  4.9503E-01
    1598   16.690250  4.9424E-01
    1599   16.693500  4.9342E-01
    1600   16.696750  4.9259E-01
    1601   16.700000  4.9175E-01
    1602   16.703250  4.9091E-01
    1603   16.706500  4.9007E-01
    1604   16.709750  4.8923E-01
    1605   16.713000  4.8841E-01
    1606   16.716250  4.8761E-01
    1607   16.719500  4.8683E-01
    1608   16.722750  4.8608E-01
    1609   16.726000  4.8537E-01
    1610   16.729250  4.8469E-01
    1611   16.732500  4.8406E-01
    1612   16.735750  4.8348E-01
    1613   16.739000  4.8294E-01
    1614   16.742250  4.8246E-01
    1615   16.745500  4.8203E-01
    1616   16.748750  4.8166E-01
    1617   16.752000  4.8134E-01
    1618   16.755250  4.8108E-01
    1619   16.758500  4.8088E-01
    1620   16.761750  4.8074E-01
    1621   16.765000  4.8065E-01
    1622   16.768250  4.8062E-01
    1623   16.771500  4.8063E-01
    1624   16.774750  4.8070E-01
    1625   16.778000  4.8081E-01
    1626   16.781250  4.8095E-01
    1627   16.784500  4.8114E-01
    1628   16.787750  4.8136E-01
    1629   16.791000  4.8161E-01
    1630   16.794250  4.8188E-01
    1631   16.797500  4.8217E-01
    1632   16.800750  4.8247E-01
    1633   16.804000  4.8278E-01
    1634   16.807250  4.8311E-01
    1635   16.810500  4.8343E-01
    1636   16.813750  4.8376E-01
    1637   16.817000  4.8408E-01
    1638   16.820250  4.8439E-01
    1639   16.823500  4.8471E-01
    1640   16.826750  4.8501E-01
    1641   16.830000  4.8531E-01
    1642   16.833250  4.8560E-01
    1643   16.836500  4.8589E-01
    1644   16.839750  4.8617E-01
    1645   16.843000  4.8645E-01
    1646   16.846250  4.8675E-01
    1647   16.849500  4.8705E-01
    1648   16.852750  4.8736E-01
    1649   16.856000  4.8770E-01
    1650   16.859250  4.8807E-01
    1651   16.862500  4.8847E-01
    1652   16.865750  4.8892E-01
    1653   16.869000  4.8942E-01
    1654   16.872250  4.8998E-01
    1655   16.875500  4.9062E-01
    1656   16.878750  4.9134E-01
    1657   16.882000  4.9215E-01
    1658   16.885250  4.9306E-01
    1659   16.888500  4.9407E-01
    1660   16.891750  4.9521E-01
    1661   16.895000  4.9648E-01
    1662   16.898250  4.9788E-01
    1663   16.901500  4.9943E-01
    1664   16.904750  5.0114E-01
    1665   16.908000  5.0300E-01
    1666   16.911250  5.0502E-01
    1667   16.914500  5.0722E-01
    1668   16.917750  5.0959E-01
    1669   16.921000  5.1213E-01
    1670   16.924250  5.1486E-01
    1671   16.927500  5.1776E-01
    1672   16.930750  5.2085E-01
    1673   16.934000  5.2411E-01
    1674   16.937250  5.2755E-01
    1675   16.940500  5.3116E-01
    1676   16.943750  5.3494E-01
    1677   16.947000  5.3888E-01
    1678   16.950250  5.4298E-01
    1679   16.953500  5.4722E-01
    1680   16.956750  5.5160E-01
    1681   16.960000  5.5611E-01
    1682   16.963250  5.6073E-01
    1683   16.966500  5.6546E-01
    1684   16.969750  5.7029E-01
    1685   16.973000  5.7519E-01
    1686   16.976250  5.8016E-01
    1687   16.979500  5.8519E-01
    1688   16.982750  5.9025E-01
    1689   16.986000  5.9534E-01
    1690   16.989250  6.0045E-01
    1691   16.992500  6.0554E-01
    1692   16.995750  6.1062E-01
    1693   16.999000  6.1567E-01
    1694   17.002250  6.2068E-01
    1695   17.005500  6.2562E-01
    1696   17.008750  6.3049E-01
    1697   17.012000  6.3527E-01
    1698   17.015250  6.3996E-01
    1699   17.018500  6.4454E-01
    1700   17.021750  6.4900E-01
    1701   17.025000  6.5333E-01
    1702   17.028250  6.5752E-01
    1703   17.031500  6.6157E-01
    1704   17.034750  6.6546E-01
    1705   17.038000  6.6919E-01
    1706   17.041250  6.7275E-01
    1707   17.044500  6.7614E-01
    1708   17.047750  6.7936E-01
    1709   17.051000  6.8239E-01
    1710   17.054250  6.8525E-01
    1711   17.057500  6.8791E-01
    1712   17.060750  6.9040E-01
    1713   17.064000  6.9269E-01
    1714   17.067250  6.9480E-01
    1715   17.070500  6.9673E-01
    1716   17.073750  6.9847E-01
    1717   17.077000  7.0002E-01
    1718   17.080250  7.0140E-01
    1719   17.083500  7.0260E-01
    1720   17.086750  7.0362E-01
    1721   17.090000  7.0447E-01
    1722   17.093250  7.0515E-01
    1723   17.096500  7.0567E-01
    1724   17.099750  7.0603E-01
    1725   17.103000  7.0623E-01
    1726   17.106250  7.0629E-01
    1727   17.109500  7.0620E-01
    1728   17.112750  7.0597E-01
    1729   17.116000  7.0562E-01
    1730   17.119250  7.0513E-01
    1731   17.122500  7.0454E-01
    1732   17.125750  7.0383E-01
    1733   17.129000  7.0302E-01
    1734   17.132250  7.0212E-01
    1735   17.135500  7.0113E-01
    1736   17.138750  7.0008E-01
    1737   17.142000  6.9896E-01
    1738   17.145250  6.9779E-01
    1739   17.148500  6.9657E-01
    1740   17.151750  6.9533E-01
    1741   17.155000  6.9406E-01
    1742   17.158250  6.9280E-01
    1743   17.161500  6.9153E-01
    1744   17.164750  6.9029E-01
    1745   17.168000  6.8907E-01
    1746   17.171250  6.8790E-01
    1747   17.174500  6.8678E-01
    1748   17.177750  6.8572E-01
    1749   17.181000  6.8474E-01
    1750   17.184250  6.8385E-01
    1751   17.187500  6.8306E-01
    1752   17.190750  6.8238E-01
    1753   17.194000  6.8180E-01
    1754   17.197250  6.8136E-01
    1755   17.200500  6.8103E-01
    1756   17.203750  6.8085E-01
    1757   17.207000  6.8080E-01
    1758   17.210250  6.8089E-01
    1759   17.213500  6.8112E-01
    1760   17.216750  6.8149E-01
    1761   17.220000  6.8200E-01
    1762   17.223250  6.8265E-01
    1763   17.226500  6.8343E-01
    1764   17.229750  6.8434E-01
    1765   17.233000  6.8537E-01
    1766   17.236250  6.8651E-01
    1767   17.239500  6.8776E-01
    1768   17.242750  6.8910E-01
    1769   17.246000  6.9053E-01
    1770   17.249250  6.9204E-01
    1771   17.252500  6.9361E-01
    1772   17.255750  6.9524E-01
    1773   17.259000  6.9691E-01
    1774   17.262250  6.9861E-01
    1775   17.265500  7.0034E-01
    1776   17.268750  7.0208E-01
    1777   17.272000  7.0383E-01
    1778   17.275250  7.0556E-01
    1779   17.278500  7.0729E-01
    1780   17.281750  7.0900E-01
    1781   17.285000  7.1068E-01
    1782   17.288250  7.1234E-01
    1783   17.291500  7.1397E-01
    1784   17.294750  7.1556E-01
    1785   17.298000  7.1711E-01
    1786   17.301250  7.1864E-01
    1787   17.304500  7.2013E-01
    1788   17.307750  7.2160E-01
    1789   17.311000  7.2304E-01
    1790   17.314250  7.2445E-01
    1791   17.317500  7.2586E-01
    1792   17.320750  7.2725E-01
    1793   17.324000  7.2865E-01
    1794   17.327250  7.3005E-01
    1795   17.330500  7.3146E-01
    1796   17.333750  7.3289E-01
    1797   17.337000  7.3435E-01
    1798   17.340250  7.3584E-01
    1799   17.343500  7.3737E-01
    1800   17.346750  7.3894E-01
    1801   17.350000  7.4056E-01
    1802   17.353250  7.4224E-01
    1803   17.356500  7.4397E-01
    1804   17.359750  7.4575E-01
    1805   17.363000  7.4760E-01
    1806   17.366250  7.4949E-01
    1807   17.369500  7.5144E-01
    1808   17.372750  7.5343E-01
    1809   17.376000  7.5547E-01
    1810   17.379250  7.5754E-01
    1811   17.382500  7.5964E-01
    1812   17.385750  7.6175E-01
    1813   17.389000  7.6387E-01
    1814   17.392250  7.6598E-01
    1815   17.395500  7.6807E-01
    1816   17.398750  7.7013E-01
    1817   17.402000  7.7213E-01
    1818   17.405250  7.7408E-01
    1819   17.408500  7.7594E-01
    1820   17.411750  7.7771E-01
    1821   17.415000  7.7936E-01
    1822   17.418250  7.8088E-01
    1823   17.421500  7.8226E-01
    1824   17.424750  7.8348E-01
    1825   17.428000  7.8452E-01
    1826   17.431250  7.8537E-01
    1827   17.434500  7.8601E-01
    1828   17.437750  7.8644E-01
    1829   17.441000  7.8664E-01
    1830   17.444250  7.8661E-01
    1831   17.447500  7.8632E-01
    1832   17.450750  7.8578E-01
    1833   17.454000  7.8498E-01
    1834   17.457250  7.8392E-01
    1835   17.460500  7.8259E-01
    1836   17.463750  7.8100E-01
    1837   17.467000  7.7914E-01
    1838   17.470250  7.7701E-01
    1839   17.473500  7.7463E-01
    1840   17.476750  7.7199E-01
    1841   17.480000  7.6911E-01
    1842   17.483250  7.6600E-01
    1843   17.486500  7.6266E-01
    1844   17.489750  7.5911E-01
    1845   17.493000  7.5536E-01
    1846   17.496250  7.5144E-01
    1847   17.499500  7.4735E-01
    1848   17.502750  7.4312E-01
    1849   17.506000  7.3876E-01
    1850   17.509250  7.3429E-01
    1851   17.512500  7.2975E-01
    1852   17.515750  7.2513E-01
    1853   17.519000  7.2048E-01
    1854   17.522250  7.1582E-01
    1855   17.525500  7.1115E-01
    1856   17.528750  7.0652E-01
    1857   17.532000  7.0194E-01
    1858   17.535250  6.9744E-01
    1859   17.538500  6.9304E-01
    1860   17.541750  6.8876E-01
    1861   17.545000  6.8462E-01
    1862   17.548250  6.8065E-01
    1863   17.551500  6.7687E-01
    1864   17.554750  6.7329E-01
    1865   17.558000  6.6994E-01
    1866   17.561250  6.6683E-01
    1867   17.564500  6.6398E-01
    1868   17.567750  6.6140E-01
    1869   17.571000  6.5910E-01
    1870   17.574250  6.5711E-01
    1871   17.577500  6.5542E-01
    1872   17.580750  6.5405E-01
    1873   17.584000  6.5300E-01
    1874   17.587250  6.5228E-01
    1875   17.590500  6.5189E-01
    1876   17.593750  6.5183E-01
    1877   17.597000  6.5210E-01
    1878   17.600250  6.5269E-01
    1879   17.603500  6.5361E-01
    1880   17.606750  6.5485E-01
    1881   17.610000  6.5640E-01
    1882   17.613250  6.5824E-01
    1883   17.616500  6.6038E-01
    1884   17.619750  6.6279E-01
    1885   17.623000  6.6546E-01
    1886   17.626250  6.6838E-01
    1887   17.629500  6.7153E-01
    1888   17.632750  6.7490E-01
    1889   17.636000  6.7846E-01
    1890   17.639250  6.8220E-01
    1891   17.642500  6.8611E-01
    1892   17.645750  6.9015E-01
    1893   17.649000  6.9432E-01
    1894   17.652250  6.9859E-01
    1895   17.655500  7.0294E-01
    1896   17.658750  7.0736E-01
    1897   17.662000  7.1184E-01
    1898   17.665250  7.1634E-01
    1899   17.668500  7.2087E-01
    1900   17.671750  7.2539E-01
    1901   17.675000  7.2990E-01
    1902   17.678250  7.3439E-01
    1903   17.681500  7.3885E-01
    1904   17.684750  7.4326E-01
    1905   17.688000  7.4761E-01
    1906   17.691250  7.5190E-01
    1907   17.694500  7.5613E-01
    1908   17.697750  7.6028E-01
    1909   17.701000  7.6436E-01
    1910   17.704250  7.6836E-01
    1911   17.707500  7.7228E-01
    1912   17.710750  7.7613E-01
    1913   17.714000  7.7990E-01
    1914   17.717250  7.8359E-01
    1915   17.720500  7.8722E-01
    1916   17.723750  7.9078E-01
    1917   17.727000  7.9428E-01
    1918   17.730250  7.9773E-01
    1919   17.733500  8.0113E-01
    1920   17.736750  8.0448E-01
    1921   17.740000  8.0779E-01
    1922   17.743250  8.1107E-01
    1923   17.746500  8.1433E-01
    1924   17.749750  8.1756E-01
    1925   17.753000  8.2078E-01
    1926   17.756250  8.2398E-01
    1927   17.759500  8.2717E-01
    1928   17.762750  8.3035E-01
    1929   17.766000  8.3354E-01
    1930   17.769250  8.3671E-01
    1931   17.772500  8.3989E-01
    1932   17.775750  8.4306E-01
    1933   17.779000  8.4623E-01
    1934   17.782250  8.4939E-01
    1935   17.785500  8.5255E-01
    1936   17.788750  8.5569E-01
    1937   17.792000  8.5882E-01
    1938   17.795250  8.6192E-01
    1939   17.798500  8.6500E-01
    1940   17.801750  8.6804E-01
    1941   17.805000  8.7105E-01
    1942   17.808250  8.7401E-01
    1943   17.811500  8.7692E-01
    1944   17.814750  8.7976E-01
    1945   17.818000  8.8254E-01
    1946   17.821250  8.8524E-01
    1947   17.824500  8.8786E-01
    1948   17.827750  8.9039E-01
    1949   17.831000  8.9282E-01
    1950   17.834250  8.9515E-01
    1951   17.837500  8.9736E-01
    1952   17.840750  8.9945E-01
    1953   17.844000  9.0143E-01
    1954   17.847250  9.0327E-01
    1955   17.850500  9.0497E-01
    1956   17.853750  9.0654E-01
    1957   17.857000  9.0796E-01
    1958   17.860250  9.0923E-01
    1959   17.863500  9.1036E-01
    1960   17.866750  9.1133E-01
    1961   17.870000  9.1214E-01
    1962   17.873250  9.1280E-01
    1963   17.876500  9.1330E-01
    1964   17.879750  9.1364E-01
    1965   17.883000  9.1382E-01
    1966   17.886250  9.1385E-01
    1967   17.889500  9.1372E-01
    1968   17.892750  9.1343E-01
    1969   17.896000  9.1299E-01
    1970   17.899250  9.1240E-01
    1971   17.902500  9.1166E-01
    1972   17.905750  9.1078E-01
    1973   17.909000  9.0976E-01
    1974   17.912250  9.0861E-01
    1975   17.915500  9.0732E-01
    1976   17.918750  9.0591E-01
    1977   17.922000  9.0438E-01
    1978   17.925250  9.0273E-01
    1979   17.928500  9.0098E-01
    1980   17.931750  8.9914E-01
    1981   17.935000  8.9720E-01
    1982   17.938250  8.9517E-01
    1983   17.941500  8.9308E-01
    1984   17.944750  8.9091E-01
    1985   17.948000  8.8870E-01
    1986   17.951250  8.8643E-01
    1987   17.954500  8.8413E-01
    1988   17.957750  8.8180E-01
    1989   17.961000  8.7945E-01
    1990   17.964250  8.7709E-01
    1991   17.967500  8.7474E-01
    1992   17.970750  8.7241E-01
    1993   17.974000  8.7010E-01
    1994   17.977250  8.6782E-01
    1995   17.980500  8.6559E-01
    1996   17.983750  8.6341E-01
    1997   17.987000  8.6130E-01
    1998   17.990250  8.5926E-01
    1999   17.993500  8.5730E-01
    2000   17.996750  8.5543E-01
    2001   18.000000  8.5365E-01
    2002   18.003250  8.5198E-01
    2003   18.006500  8.5041E-01
    2004   18.009750  8.4895E-01
    2005   18.013000  8.4760E-01
    2006   18.016250  8.4637E-01
    2007   18.019500  8.4525E-01
    2008   18.022750  8.4425E-01
    2009   18.026000  8.4336E-01
    2010   18.029250  8.4259E-01
    2011   18.032500  8.4192E-01
    2012   18.035750  8.4135E-01
    2013   18.039000  8.4088E-01
    2014   18.042250  8.4050E-01
    2015   18.045500  8.4021E-01
    2016   18.048750  8.3998E-01
    2017   18.052000  8.3982E-01
    2018   18.055250  8.3970E-01
    2019   18.058500  8.3963E-01
    2020   18.061750  8.3959E-01
    2021   18.065000  8.3956E-01
    2022   18.068250  8.3954E-01
    2023   18.071500  8.3951E-01
    2024   18.074750  8.3946E-01
    2025   18.078000  8.3937E-01
    2026   18.081250  8.3924E-01
    2027   18.084500  8.3905E-01
    2028   18.087750  8.3879E-01
    2029   18.091000  8.3845E-01
    2030   18.094250  8.3801E-01
    2031   18.097500  8.3747E-01
    2032   18.100750  8.3682E-01
    2033   18.104000  8.3605E-01
    2034   18.107250  8.3515E-01
    2035   18.110500  8.3411E-01
    2036   18.113750  8.3293E-01
    2037   18.117000  8.3161E-01
    2038   18.120250  8.3014E-01
    2039   18.123500  8.2851E-01
    2040   18.126750  8.2672E-01
    2041   18.130000  8.2478E-01
    2042   18.133250  8.2268E-01
    2043   18.136500  8.2042E-01
    2044   18.139750  8.1800E-01
    2045   18.143000  8.1542E-01
    2046   18.146250  8.1269E-01
    2047   18.149500  8.0980E-01
    2048   18.152750  8.0677E-01
    2049   18.156000  8.0358E-01
    2050   18.159250  8.0025E-01
    2051   18.162500  7.9678E-01
    2052   18.165750  7.9317E-01
    2053   18.169000  7.8943E-01
    2054   18.172250  7.8556E-01
    2055   18.175500  7.8156E-01
    2056   18.178750  7.7745E-01
    2057   18.182000  7.7322E-01
    2058   18.185250  7.6888E-01
    2059   18.188500  7.6443E-01
    2060   18.191750  7.5989E-01
    2061   18.195000  7.5525E-01
    2062   18.198250  7.5053E-01
    2063   18.201500  7.4573E-01
    2064   18.204750  7.4085E-01
    2065   18.208000  7.3591E-01
    2066   18.211250  7.3092E-01
    2067   18.214500  7.2587E-01
    2068   18.217750  7.2080E-01
    2069   18.221000  7.1569E-01
    2070   18.224250  7.1057E-01
    2071   18.227500  7.0545E-01
    2072   18.230750  7.0035E-01
    2073   18.234000  6.9526E-01
    2074   18.237250  6.9022E-01
    2075   18.240500  6.8524E-01
    2076   18.243750  6.8033E-01
    2077   18.247000  6.7551E-01
    2078   18.250250  6.7080E-01
    2079   18.253500  6.6622E-01
    2080   18.256750  6.6179E-01
    2081   18.260000  6.5752E-01
    2082   18.263250  6.5345E-01
    2083   18.266500  6.4958E-01
    2084   18.269750  6.4595E-01
    2085   18.273000  6.4256E-01
    2086   18.276250  6.3944E-01
    2087   18.279500  6.3661E-01
    2088   18.282750  6.3408E-01
    2089   18.286000  6.3188E-01
    2090   18.289250  6.3002E-01
    2091   18.292500  6.2851E-01
    2092   18.295750  6.2736E-01
    2093   18.299000  6.2660E-01
    2094   18.302250  6.2622E-01
    2095   18.305500  6.2624E-01
    2096   18.308750  6.2666E-01
    2097   18.312000  6.2748E-01
    2098   18.315250  6.2871E-01
    2099   18.318500  6.3034E-01
    2100   18.321750  6.3237E-01
    2101   18.325000  6.3480E-01
    2102   18.328250  6.3760E-01
    2103   18.331500  6.4078E-01
    2104   18.334750  6.4432E-01
    2105   18.338000  6.4821E-01
    2106   18.341250  6.5242E-01
    2107   18.344500  6.5694E-01
    2108   18.347750  6.6174E-01
    2109   18.351000  6.6680E-01
    2110   18.354250  6.7210E-01
    2111   18.357500  6.7762E-01
    2112   18.360750  6.8332E-01
    2113   18.364000  6.8917E-01
    2114   18.367250  6.9516E-01
    2115   18.370500  7.0125E-01
    2116   18.373750  7.0742E-01
    2117   18.377000  7.1363E-01
    2118   18.380250  7.1987E-01
    2119   18.383500  7.2610E-01
    2120   18.386750  7.3230E-01
    2121   18.390000  7.3844E-01
    2122   18.393250  7.4450E-01
    2123   18.396500  7.5047E-01
    2124   18.399750  7.5632E-01
    2125   18.403000  7.6204E-01
    2126   18.406250  7.6760E-01
    2127   18.409500  7.7300E-01
    2128   18.412750  7.7822E-01
    2129   18.416000  7.8325E-01
    2130   18.419250  7.8809E-01
    2131   18.422500  7.9272E-01
    2132   18.425750  7.9716E-01
    2133   18.429000  8.0138E-01
    2134   18.432250  8.0540E-01
    2135   18.435500  8.0921E-01
    2136   18.438750  8.1282E-01
    2137   18.442000  8.1623E-01
    2138   18.445250  8.1944E-01
    2139   18.448500  8.2247E-01
    2140   18.451750  8.2531E-01
    2141   18.455000  8.2798E-01
    2142   18.458250  8.3047E-01
    2143   18.461500  8.3281E-01
    2144   18.464750  8.3500E-01
    2145   18.468000  8.3704E-01
    2146   18.471250  8.3894E-01
    2147   18.474500  8.4072E-01
    2148   18.477750  8.4237E-01
    2149   18.481000  8.4391E-01
    2150   18.484250  8.4533E-01
    2151   18.487500  8.4665E-01
    2152   18.490750  8.4786E-01
    2153   18.494000  8.4897E-01
    2154   18.497250  8.4998E-01
    2155   18.500500  8.5090E-01
    2156   18.503750  8.5171E-01
    2157   18.507000  8.5243E-01
    2158   18.510250  8.5305E-01
    2159   18.513500  8.5357E-01
    2160   18.516750  8.5398E-01
    2161   18.520000  8.5429E-01
    2162   18.523250  8.5448E-01
    2163   18.526500  8.5457E-01
    2164   18.529750  8.5453E-01
    2165   18.533000  8.5438E-01
    2166   18.536250  8.5411E-01
    2167   18.539500  8.5371E-01
    2168   18.542750  8.5319E-01
    2169   18.546000  8.5254E-01
    2170   18.549250  8.5176E-01
    2171   18.552500  8.5086E-01
    2172   18.555750  8.4983E-01
    2173   18.559000  8.4869E-01
    2174   18.562250  8.4742E-01
    2175   18.565500  8.4605E-01
    2176   18.568750  8.4457E-01
    2177   18.572000  8.4300E-01
    2178   18.575250  8.4134E-01
    2179   18.578500  8.3960E-01
    2180   18.581750  8.3780E-01
    2181   18.585000  8.3595E-01
    2182   18.588250  8.3406E-01
    2183   18.591500  8.3215E-01
    2184   18.594750  8.3023E-01
    2185   18.598000  8.2832E-01
    2186   18.601250  8.2644E-01
    2187   18.604500  8.2460E-01
    2188   18.607750  8.2283E-01
    2189   18.611000  8.2113E-01
    2190   18.614250  8.1953E-01
    2191   18.617500  8.1804E-01
    2192   18.620750  8.1668E-01
    2193   18.624000  8.1547E-01
    2194   18.627250  8.1442E-01
    2195   18.630500  8.1354E-01
    2196   18.633750  8.1285E-01
    2197   18.637000  8.1236E-01
    2198   18.640250  8.1207E-01
    2199   18.643500  8.1200E-01
    2200   18.646750  8.1215E-01
    2201   18.650000  8.1254E-01
    2202   18.653250  8.1315E-01
    2203   18.656500  8.1400E-01
    2204   18.659750  8.1508E-01
    2205   18.663000  8.1639E-01
    2206   18.666250  8.1793E-01
    2207   18.669500  8.1970E-01
    2208   18.672750  8.2168E-01
    2209   18.676000  8.2387E-01
    2210   18.679250  8.2626E-01
    2211   18.682500  8.2883E-01
    2212   18.685750  8.3159E-01
    2213   18.689000  8.3451E-01
    2214   18.692250  8.3757E-01
    2215   18.695500  8.4078E-01
    2216   18.698750  8.4410E-01
    2217   18.702000  8.4753E-01
    2218   18.705250  8.5105E-01
    2219   18.708500  8.5464E-01
    2220   18.711750  8.5828E-01
    2221   18.715000  8.6197E-01
    2222   18.718250  8.6569E-01
    2223   18.721500  8.6941E-01
    2224   18.724750  8.7313E-01
    2225   18.728000  8.7683E-01
    2226   18.731250  8.8050E-01
    2227   18.734500  8.8412E-01
    2228   18.737750  8.8769E-01
    2229   18.741000  8.9118E-01
    2230   18.744250  8.9459E-01
    2231   18.747500  8.9791E-01
    2232   18.750750  9.0114E-01
    2233   18.754000  9.0425E-01
    2234   18.757250  9.0724E-01
    2235   18.760500  9.1011E-01
    2236   18.763750  9.1285E-01
    2237   18.767000  9.1546E-01
    2238   18.770250  9.1792E-01
    2239   18.773500  9.2024E-01
    2240   18.776750  9.2241E-01
    2241   18.780000  9.2443E-01
    2242   18.783250  9.2629E-01
    2243   18.786500  9.2799E-01
    2244   18.789750  9.2954E-01
    2245   18.793000  9.3091E-01
    2246   18.796250  9.3213E-01
    2247   18.799500  9.3318E-01
    2248   18.802750  9.3405E-01
    2249   18.806000  9.3476E-01
    2250   18.809250  9.3530E-01
    2251   18.812500  9.3565E-01
    2252   18.815750  9.3583E-01
    2253   18.819000  9.3583E-01
    2254   18.822250  9.3565E-01
    2255   18.825500  9.3528E-01
    2256   18.828750  9.3473E-01
    2257   18.832000  9.3398E-01
    2258   18.835250  9.3303E-01
    2259   18.838500  9.3189E-01
    2260   18.841750  9.3054E-01
    2261   18.845000  9.2899E-01
    2262   18.848250  9.2722E-01
    2263   18.851500  9.2524E-01
    2264   18.854750  9.2304E-01
    2265   18.858000  9.2062E-01
    2266   18.861250  9.1797E-01
    2267   18.864500  9.1510E-01
    2268   18.867750  9.1199E-01
    2269   18.871000  9.0864E-01
    2270   18.874250  9.0506E-01
    2271   18.877500  9.0124E-01
    2272   18.880750  8.9718E-01
    2273   18.884000  8.9288E-01
    2274   18.887250  8.8834E-01
    2275   18.890500  8.8357E-01
    2276   18.893750  8.7856E-01
    2277   18.897000  8.7333E-01
    2278   18.900250  8.6787E-01
    2279   18.903500  8.6220E-01
    2280   18.906750  8.5633E-01
    2281   18.910000  8.5025E-01
    2282   18.913250  8.4400E-01
    2283   18.916500  8.3757E-01
    2284   18.919750  8.3099E-01
    2285   18.923000  8.2426E-01
    2286   18.926250  8.1742E-01
    2287   18.929500  8.1048E-01
    2288   18.932750  8.0347E-01
    2289   18.936000  7.9639E-01
    2290   18.939250  7.8929E-01
    2291   18.942500  7.8218E-01
    2292   18.945750  7.7510E-01
    2293   18.949000  7.6807E-01
    2294   18.952250  7.6111E-01
    2295   18.955500  7.5427E-01
    2296   18.958750  7.4756E-01
    2297   18.962000  7.4102E-01
    2298   18.965250  7.3468E-01
    2299   18.968500  7.2857E-01
    2300   18.971750  7.2272E-01
    2301   18.975000  7.1715E-01
    2302   18.978250  7.1190E-01
    2303   18.981500  7.0698E-01
    2304   18.984750  7.0243E-01
    2305   18.988000  6.9827E-01
    2306   18.991250  6.9451E-01
    2307   18.994500  6.9119E-01
    2308   18.997750  6.8830E-01
    2309   19.001000  6.8587E-01
    2310   19.004250  6.8390E-01
    2311   19.007500  6.8241E-01
    2312   19.010750  6.8140E-01
    2313   19.014000  6.8087E-01
    2314   19.017250  6.8082E-01
    2315   19.020500  6.8125E-01
    2316   19.023750  6.8214E-01
    2317   19.027000  6.8349E-01
    2318   19.030250  6.8528E-01
    2319   19.033500  6.8749E-01
    2320   19.036750  6.9011E-01
    2321   19.040000  6.9312E-01
    2322   19.043250  6.9648E-01
    2323   19.046500  7.0017E-01
    2324   19.049750  7.0415E-01
    2325   19.053000  7.0841E-01
    2326   19.056250  7.1290E-01
    2327   19.059500  7.1758E-01
    2328   19.062750  7.2243E-01
    2329   19.066000  7.2740E-01
    2330   19.069250  7.3246E-01
    2331   19.072500  7.3756E-01
    2332   19.075750  7.4267E-01
    2333   19.079000  7.4775E-01
    2334   19.082250  7.5275E-01
    2335   19.085500  7.5765E-01
    2336   19.088750  7.6240E-01
    2337   19.092000  7.6697E-01
    2338   19.095250  7.7131E-01
    2339   19.098500  7.7541E-01
    2340   19.101750  7.7922E-01
    2341   19.105000  7.8271E-01
    2342   19.108250  7.8586E-01
    2343   19.111500  7.8863E-01
    2344   19.114750  7.9101E-01
    2345   19.118000  7.9297E-01
    2346   19.121250  7.9448E-01
    2347   19.124500  7.9555E-01
    2348   19.127750  7.9613E-01
    2349   19.131000  7.9624E-01
    2350   19.134250  7.9585E-01
    2351   19.137500  7.9495E-01
    2352   19.140750  7.9355E-01
    2353   19.144000  7.9164E-01
    2354   19.147250  7.8922E-01
    2355   19.150500  7.8629E-01
    2356   19.153750  7.8285E-01
    2357   19.157000  7.7893E-01
    2358   19.160250  7.7452E-01
    2359   19.163500  7.6963E-01
    2360   19.166750  7.6429E-01
    2361   19.170000  7.5850E-01
    2362   19.173250  7.5229E-01
    2363   19.176500  7.4567E-01
    2364   19.179750  7.3867E-01
    2365   19.183000  7.3131E-01
    2366   19.186250  7.2361E-01
    2367   19.189500  7.1561E-01
    2368   19.192750  7.0732E-01
    2369   19.196000  6.9878E-01
    2370   19.199250  6.9002E-01
    2371   19.202500  6.8106E-01
    2372   19.205750  6.7193E-01
    2373   19.209000  6.6268E-01
    2374   19.212250  6.5332E-01
    2375   19.215500  6.4389E-01
    2376   19.218750  6.3442E-01
    2377   19.222000  6.2495E-01
    2378   19.225250  6.1550E-01
    2379   19.228500  6.0611E-01
    2380   19.231750  5.9680E-01
    2381   19.235000  5.8762E-01
    2382   19.238250  5.7858E-01
    2383   19.241500  5.6972E-01
    2384   19.244750  5.6106E-01
    2385   19.248000  5.5265E-01
    2386   19.251250  5.4449E-01
    2387   19.254500  5.3663E-01
    2388   19.257750  5.2908E-01
    2389   19.261000  5.2187E-01
    2390   19.264250  5.1502E-01
    2391   19.267500  5.0856E-01
    2392   19.270750  5.0251E-01
    2393   19.274000  4.9689E-01
    2394   19.277250  4.9171E-01
    2395   19.280500  4.8701E-01
    2396   19.283750  4.8278E-01
    2397   19.287000  4.7906E-01
    2398   19.290250  4.7584E-01
    2399   19.293500  4.7316E-01
    2400   19.296750  4.7101E-01
    2401   19.300000  4.6940E-01
    2402   19.303250  4.6835E-01
    2403   19.306500  4.6786E-01
    2404   19.309750  4.6793E-01
    2405   19.313000  4.6857E-01
    2406   19.316250  4.6977E-01
    2407   19.319500  4.7154E-01
    2408   19.322750  4.7387E-01
    2409   19.326000  4.7675E-01
    2410   19.329250  4.8018E-01
    2411   19.332500  4.8415E-01
    2412   19.335750  4.8865E-01
    2413   19.339000  4.9366E-01
    2414   19.342250  4.9916E-01
    2415   19.345500  5.0515E-01
    2416   19.348750  5.1159E-01
    2417   19.352000  5.1847E-01
    2418   19.355250  5.2575E-01
    2419   19.358500  5.3343E-01
    2420   19.361750  5.4147E-01
    2421   19.365000  5.4983E-01
    2422   19.368250  5.5850E-01
    2423   19.371500  5.6744E-01
    2424   19.374750  5.7662E-01
    2425   19.378000  5.8600E-01
    2426   19.381250  5.9556E-01
    2427   19.384500  6.0525E-01
    2428   19.387750  6.1504E-01
    2429   19.391000  6.2491E-01
    2430   19.394250  6.3481E-01
    2431   19.397500  6.4471E-01
    2432   19.400750  6.5458E-01
    2433   19.404000  6.6438E-01
    2434   19.407250  6.7409E-01
    2435   19.410500  6.8367E-01
    2436   19.413750  6.9309E-01
    2437   19.417000  7.0233E-01
    2438   19.420250  7.1135E-01
    2439   19.423500  7.2014E-01
    2440   19.426750  7.2867E-01
    2441   19.430000  7.3691E-01
    2442   19.433250  7.4486E-01
    2443   19.436500  7.5248E-01
    2444   19.439750  7.5976E-01
    2445   19.443000  7.6670E-01
    2446   19.446250  7.7328E-01
    2447   19.449500  7.7948E-01
    2448   19.452750  7.8531E-01
    2449   19.456000  7.9075E-01
    2450   19.459250  7.9581E-01
    2451   19.462500  8.0047E-01
    2452   19.465750  8.0475E-01
    2453   19.469000  8.0864E-01
    2454   19.472250  8.1214E-01
    2455   19.475500  8.1527E-01
    2456   19.478750  8.1803E-01
    2457   19.482000  8.2043E-01
    2458   19.485250  8.2247E-01
    2459   19.488500  8.2418E-01
    2460   19.491750  8.2555E-01
    2461   19.495000  8.2661E-01
    2462   19.498250  8.2736E-01
    2463   19.501500  8.2783E-01
    2464   19.504750  8.2802E-01
    2465   19.508000  8.2795E-01
    2466   19.511250  8.2764E-01
    2467   19.514500  8.2710E-01
    2468   19.517750  8.2635E-01
    2469   19.521000  8.2541E-01
    2470   19.524250  8.2428E-01
    2471   19.527500  8.2298E-01
    2472   19.530750  8.2153E-01
    2473   19.534000  8.1993E-01
    2474   19.537250  8.1821E-01
    2475   19.540500  8.1636E-01
    2476   19.543750  8.1441E-01
    2477   19.547000  8.1236E-01
    2478   19.550250  8.1021E-01
    2479   19.553500  8.0798E-01
    2480   19.556750  8.0566E-01
    2481   19.560000  8.0327E-01
    2482   19.563250  8.0080E-01
    2483   19.566500  7.9825E-01
    2484   19.569750  7.9563E-01
    2485   19.573000  7.9293E-01
    2486   19.576250  7.9016E-01
    2487   19.579500  7.8730E-01
    2488   19.582750  7.8436E-01
    2489   19.586000  7.8132E-01
    2490   19.589250  7.7819E-01
    2491   19.592500  7.7495E-01
    2492   19.595750  7.7160E-01
    2493   19.599000  7.6813E-01
    2494   19.602250  7.6455E-01
    2495   19.605500  7.6083E-01
    2496   19.608750  7.5698E-01
    2497   19.612000  7.5298E-01
    2498   19.615250  7.4885E-01
    2499   19.618500  7.4456E-01
    2500   19.621750  7.4013E-01
    2501   19.625000  7.3555E-01
    2502   19.628250  7.3082E-01
    2503   19.631500  7.2595E-01
    2504   19.634750  7.2093E-01
    2505   19.638000  7.1578E-01
    2506   19.641250  7.1051E-01
    2507   19.644500  7.0512E-01
    2508   19.647750  6.9963E-01
    2509   19.651000  6.9405E-01
    2510   19.654250  6.8839E-01
    2511   19.657500  6.8268E-01
    2512   19.660750  6.7694E-01
    2513   19.664000  6.7118E-01
    2514   19.667250  6.6543E-01
    2515   19.670500  6.5971E-01
    2516   19.673750  6.5405E-01
    2517   19.677000  6.4846E-01
    2518   19.680250  6.4298E-01
    2519   19.683500  6.3763E-01
    2520   19.686750  6.3244E-01
    2521   19.690000  6.2743E-01
    2522   19.693250  6.2262E-01
    2523   19.696500  6.1804E-01
    2524   19.699750  6.1371E-01
    2525   19.703000  6.0965E-01
    2526   19.706250  6.0587E-01
    2527   19.709500  6.0239E-01
    2528   19.712750  5.9923E-01
    2529   19.716000  5.9639E-01
    2530   19.719250  5.9389E-01
    2531   19.722500  5.9173E-01
    2532   19.725750  5.8991E-01
    2533   19.729000  5.8842E-01
    2534   19.732250  5.8728E-01
    2535   19.735500  5.8646E-01
    2536   19.738750  5.8596E-01
    2537   19.742000  5.8576E-01
    2538   19.745250  5.8586E-01
    2539   19.748500  5.8623E-01
    2540   19.751750  5.8685E-01
    2541   19.755000  5.8770E-01
    2542   19.758250  5.8875E-01
    2543   19.761500  5.8997E-01
    2544   19.764750  5.9135E-01
    2545   19.768000  5.9284E-01
    2546   19.771250  5.9443E-01
    2547   19.774500  5.9607E-01
    2548   19.777750  5.9775E-01
    2549   19.781000  5.9942E-01
    2550   19.784250  6.0107E-01
    2551   19.787500  6.0265E-01
    2552   19.790750  6.0416E-01
    2553   19.794000  6.0555E-01
    2554   19.797250  6.0682E-01
    2555   19.800500  6.0793E-01
    2556   19.803750  6.0887E-01
    2557   19.807000  6.0962E-01
    2558   19.810250  6.1017E-01
    2559   19.813500  6.1052E-01
    2560   19.816750  6.1065E-01
    2561   19.820000  6.1056E-01
    2562   19.823250  6.1025E-01
    2563   19.826500  6.0972E-01
    2564   19.829750  6.0899E-01
    2565   19.833000  6.0805E-01
    2566   19.836250  6.0693E-01
    2567   19.839500  6.0564E-01
    2568   19.842750  6.0420E-01
    2569   19.846000  6.0263E-01
    2570   19.849250  6.0096E-01
    2571   19.852500  5.9920E-01
    2572   19.855750  5.9739E-01
    2573   19.859000  5.9556E-01
    2574   19.862250  5.9374E-01
    2575   19.865500  5.9196E-01
    2576   19.868750  5.9025E-01
    2577   19.872000  5.8865E-01
    2578   19.875250  5.8719E-01
    2579   19.878500  5.8590E-01
    2580   19.881750  5.8481E-01
    2581   19.885000  5.8396E-01
    2582   19.888250  5.8337E-01
    2583   19.891500  5.8307E-01
    2584   19.894750  5.8309E-01
    2585   19.898000  5.8345E-01
    2586   19.901250  5.8417E-01
    2587   19.904500  5.8528E-01
    2588   19.907750  5.8678E-01
    2589   19.911000  5.8869E-01
    2590   19.914250  5.9102E-01
    2591   19.917500  5.9378E-01
    2592   19.920750  5.9697E-01
    2593   19.924000  6.0059E-01
    2594   19.927250  6.0464E-01
    2595   19.930500  6.0912E-01
    2596   19.933750  6.1401E-01
    2597   19.937000  6.1931E-01
    2598   19.940250  6.2501E-01
    2599   19.943500  6.3107E-01
    2600   19.946750  6.3750E-01
    2601   19.950000  6.4426E-01
    2602   19.953250  6.5133E-01
    2603   19.956500  6.5870E-01
    2604   19.959750  6.6633E-01
    2605   19.963000  6.7419E-01
    2606   19.966250  6.8227E-01
    2607   19.969500  6.9052E-01
    2608   19.972750  6.9892E-01
    2609   19.976000  7.0745E-01
    2610   19.979250  7.1607E-01
    2611   19.982500  7.2476E-01
    2612   19.985750  7.3348E-01
    2613   19.989000  7.4220E-01
    2614   19.992250  7.5091E-01
    2615   19.995500  7.5957E-01
    2616   19.998750  7.6817E-01
    2617   20.002000  7.7667E-01
    2618   20.005250  7.8505E-01
    2619   20.008500  7.9330E-01
    2620   20.011750  8.0140E-01
    2621   20.015000  8.0932E-01
    2622   20.018250  8.1705E-01
    2623   20.021500  8.2458E-01
    2624   20.024750  8.3190E-01
    2625   20.028000  8.3899E-01
    2626   20.031250  8.4585E-01
    2627   20.034500  8.5246E-01
    2628   20.037750  8.5882E-01
    2629   20.041000  8.6493E-01
    2630   20.044250  8.7078E-01
    2631   20.047500  8.7637E-01
    2632   20.050750  8.8169E-01
    2633   20.054000  8.8676E-01
    2634   20.057250  8.9156E-01
    2635   20.060500  8.9610E-01
    2636   20.063750  9.0038E-01
    2637   20.067000  9.0440E-01
    2638   20.070250  9.0817E-01
    2639   20.073500  9.1169E-01
    2640   20.076750  9.1496E-01
    2641   20.080000  9.1799E-01
    2642   20.083250  9.2078E-01
    2643   20.086500  9.2334E-01
    2644   20.089750  9.2567E-01
    2645   20.093000  9.2777E-01
    2646   20.096250  9.2965E-01
    2647   20.099500  9.3132E-01
    2648   20.102750  9.3277E-01
    2649   20.106000  9.3401E-01
    2650   20.109250  9.3504E-01
    2651   20.112500  9.3587E-01
    2652   20.115750  9.3650E-01
    2653   20.119000  9.3693E-01
    2654   20.122250  9.3716E-01
    2655   20.125500  9.3719E-01
    2656   20.128750  9.3702E-01
    2657   20.132000  9.3666E-01
    2658   20.135250  9.3610E-01
    2659   20.138500  9.3534E-01
    2660   20.141750  9.3439E-01
    2661   20.145000  9.3323E-01
    2662   20.148250  9.3188E-01
    2663   20.151500  9.3032E-01
    2664   20.154750  9.2856E-01
    2665   20.158000  9.2660E-01
    2666   20.161250  9.2442E-01
    2667   20.164500  9.2204E-01
    2668   20.167750  9.1944E-01
    2669   20.171000  9.1663E-01
    2670   20.174250  9.1360E-01
    2671   20.177500  9.1036E-01
    2672   20.180750  9.0690E-01
    2673   20.184000  9.0322E-01
    2674   20.187250  8.9932E-01
    2675   20.190500  8.9520E-01
    2676   20.193750  8.9087E-01
    2677   20.197000  8.8632E-01
    2678   20.200250  8.8155E-01
    2679   20.203500  8.7658E-01
    2680   20.206750  8.7141E-01
    2681   20.210000  8.6604E-01
    2682   20.213250  8.6047E-01
    2683   20.216500  8.5473E-01
    2684   20.219750  8.4882E-01
    2685   20.223000  8.4275E-01
    2686   20.226250  8.3653E-01
    2687   20.229500  8.3018E-01
    2688   20.232750  8.2371E-01
    2689   20.236000  8.1714E-01
    2690   20.239250  8.1050E-01
    2691   20.242500  8.0379E-01
    2692   20.245750  7.9705E-01
    2693   20.249000  7.9029E-01
    2694   20.252250  7.8354E-01
    2695   20.255500  7.7683E-01
    2696   20.258750  7.7017E-01
    2697   20.262000  7.6360E-01
    2698   20.265250  7.5715E-01
    2699   20.268500  7.5083E-01
    2700   20.271750  7.4469E-01
    2701   20.275000  7.3875E-01
    2702   20.278250  7.3303E-01
    2703   20.281500  7.2757E-01
    2704   20.284750  7.2239E-01
    2705   20.288000  7.1751E-01
    2706   20.291250  7.1297E-01
    2707   20.294500  7.0879E-01
    2708   20.297750  7.0498E-01
    2709   20.301000  7.0158E-01
    2710   20.304250  6.9859E-01
    2711   20.307500  6.9603E-01
    2712   20.310750  6.9392E-01
    2713   20.314000  6.9227E-01
    2714   20.317250  6.9109E-01
    2715   20.320500  6.9039E-01
    2716   20.323750  6.9016E-01
    2717   20.327000  6.9041E-01
    2718   20.330250  6.9113E-01
    2719   20.333500  6.9233E-01
    2720   20.336750  6.9399E-01
    2721   20.340000  6.9610E-01
    2722   20.343250  6.9865E-01
    2723   20.346500  7.0162E-01
    2724   20.349750  7.0499E-01
    2725   20.353000  7.0875E-01
    2726   20.356250  7.1286E-01
    2727   20.359500  7.1731E-01
    2728   20.362750  7.2206E-01
    2729   20.366000  7.2710E-01
    2730   20.369250  7.3238E-01
    2731   20.372500  7.3788E-01
    2732   20.375750  7.4356E-01
    2733   20.379000  7.4940E-01
    2734   20.382250  7.5536E-01
    2735   20.385500  7.6141E-01
    2736   20.388750  7.6752E-01
    2737   20.392000  7.7365E-01
    2738   20.395250  7.7977E-01
    2739   20.398500  7.8585E-01
    2740   20.401750  7.9185E-01
    2741   20.405000  7.9777E-01
    2742   20.408250  8.0355E-01
    2743   20.411500  8.0917E-01
    2744   20.414750  8.1462E-01
    2745   20.418000  8.1986E-01
    2746   20.421250  8.2488E-01
    2747   20.424500  8.2964E-01
    2748   20.427750  8.3414E-01
    2749   20.431000  8.3834E-01
    2750   20.434250  8.4225E-01
    2751   20.437500  8.4583E-01
    2752   20.440750  8.4908E-01
    2753   20.444000  8.5199E-01
    2754   20.447250  8.5454E-01
    2755   20.450500  8.5673E-01
    2756   20.453750  8.5854E-01
    2757   20.457000  8.5997E-01
    2758   20.460250  8.6101E-01
    2759   20.463500  8.6167E-01
    2760   20.466750  8.6193E-01
    2761   20.470000  8.6179E-01
    2762   20.473250  8.6126E-01
    2763   20.476500  8.6033E-01
    2764   20.479750  8.5900E-01
    2765   20.483000  8.5727E-01
    2766   20.486250  8.5515E-01
    2767   20.489500  8.5264E-01
    2768   20.492750  8.4974E-01
    2769   20.496000  8.4645E-01
    2770   20.499250  8.4279E-01
    2771   20.502500  8.3875E-01
    2772   20.505750  8.3435E-01
    2773   20.509000  8.2959E-01
    2774   20.512250  8.2447E-01
    2775   20.515500  8.1901E-01
    2776   20.518750  8.1322E-01
    2777   20.522000  8.0711E-01
    2778   20.525250  8.0068E-01
    2779   20.528500  7.9395E-01
    2780   20.531750  7.8694E-01
    2781   20.535000  7.7965E-01
    2782   20.538250  7.7210E-01
    2783   20.541500  7.6431E-01
    2784   20.544750  7.5630E-01
    2785   20.548000  7.4808E-01
    2786   20.551250  7.3967E-01
    2787   20.554500  7.3109E-01
    2788   20.557750  7.2236E-01
    2789   20.561000  7.1351E-01
    2790   20.564250  7.0456E-01
    2791   20.567500  6.9553E-01
    2792   20.570750  6.8645E-01
    2793   20.574000  6.7734E-01
    2794   20.577250  6.6824E-01
    2795   20.580500  6.5917E-01
    2796   20.583750  6.5016E-01
    2797   20.587000  6.4124E-01
    2798   20.590250  6.3244E-01
    2799   20.593500  6.2379E-01
    2800   20.596750  6.1533E-01
    2801   20.600000  6.0708E-01
    2802   20.603250  5.9907E-01
    2803   20.606500  5.9134E-01
    2804   20.609750  5.8391E-01
    2805   20.613000  5.7682E-01
    2806   20.616250  5.7009E-01
    2807   20.619500  5.6376E-01
    2808   20.622750  5.5785E-01
    2809   20.626000  5.5238E-01
    2810   20.629250  5.4738E-01
    2811   20.632500  5.4288E-01
    2812   20.635750  5.3888E-01
    2813   20.639000  5.3541E-01
    2814   20.642250  5.3249E-01
    2815   20.645500  5.3013E-01
    2816   20.648750  5.2833E-01
    2817   20.652000  5.2711E-01
    2818   20.655250  5.2647E-01
    2819   20.658500  5.2641E-01
    2820   20.661750  5.2694E-01
    2821   20.665000  5.2804E-01
    2822   20.668250  5.2971E-01
    2823   20.671500  5.3194E-01
    2824   20.674750  5.3472E-01
    2825   20.678000  5.3803E-01
    2826   20.681250  5.4186E-01
    2827   20.684500  5.4619E-01
    2828   20.687750  5.5098E-01
    2829   20.691000  5.5623E-01
    2830   20.694250  5.6190E-01
    2831   20.697500  5.6796E-01
    2832   20.700750  5.7439E-01
    2833   20.704000  5.8116E-01
    2834   20.707250  5.8823E-01
    2835   20.710500  5.9558E-01
    2836   20.713750  6.0316E-01
    2837   20.717000  6.1096E-01
    2838   20.720250  6.1893E-01
    2839   20.723500  6.2705E-01
    2840   20.726750  6.3529E-01
    2841   20.730000  6.4361E-01
    2842   20.733250  6.5199E-01
    2843   20.736500  6.6039E-01
    2844   20.739750  6.6880E-01
    2845   20.743000  6.7718E-01
    2846   20.746250  6.8552E-01
    2847   20.749500  6.9379E-01
    2848   20.752750  7.0196E-01
    2849   20.756000  7.1003E-01
    2850   20.759250  7.1798E-01
    2851   20.762500  7.2578E-01
    2852   20.765750  7.3342E-01
    2853   20.769000  7.4090E-01
    2854   20.772250  7.4820E-01
    2855   20.775500  7.5530E-01
    2856   20.778750  7.6221E-01
    2857   20.782000  7.6891E-01
    2858   20.785250  7.7540E-01
    2859   20.788500  7.8167E-01
    2860   20.791750  7.8772E-01
    2861   20.795000  7.9354E-01
    2862   20.798250  7.9912E-01
    2863   20.801500  8.0447E-01
    2864   20.804750  8.0958E-01
    2865   20.808000  8.1444E-01
    2866   20.811250  8.1905E-01
    2867   20.814500  8.2341E-01
    2868   20.817750  8.2750E-01
    2869   20.821000  8.3133E-01
    2870   20.824250  8.3489E-01
    2871   20.827500  8.3817E-01
    2872   20.830750  8.4117E-01
    2873   20.834000  8.4387E-01
    2874   20.837250  8.4627E-01
    2875   20.840500  8.4835E-01
    2876   20.843750  8.5011E-01
    2877   20.847000  8.5154E-01
    2878   20.850250  8.5262E-01
    2879   20.853500  8.5334E-01
    2880   20.856750  8.5369E-01
    2881   20.860000  8.5365E-01
    2882   20.863250  8.5321E-01
    2883   20.866500  8.5236E-01
    2884   20.869750  8.5108E-01
    2885   20.873000  8.4935E-01
    2886   20.876250  8.4717E-01
    2887   20.879500  8.4451E-01
    2888   20.882750  8.4137E-01
    2889   20.886000  8.3773E-01
    2890   20.889250  8.3357E-01
    2891   20.892500  8.2889E-01
    2892   20.895750  8.2368E-01
    2893   20.899000  8.1791E-01
    2894   20.902250  8.1160E-01
    2895   20.905500  8.0472E-01
    2896   20.908750  7.9728E-01
    2897   20.912000  7.8926E-01
    2898   20.915250  7.8068E-01
    2899   20.918500  7.7152E-01
    2900   20.921750  7.6179E-01
    2901   20.925000  7.5150E-01
    2902   20.928250  7.4065E-01
    2903   20.931500  7.2925E-01
    2904   20.934750  7.1732E-01
    2905   20.938000  7.0486E-01
    2906   20.941250  6.9189E-01
    2907   20.944500  6.7843E-01
    2908   20.947750  6.6451E-01
    2909   20.951000  6.5014E-01
    2910   20.954250  6.3536E-01
    2911   20.957500  6.2018E-01
    2912   20.960750  6.0464E-01
    2913   20.964000  5.8877E-01
    2914   20.967250  5.7261E-01
    2915   20.970500  5.5619E-01
    2916   20.973750  5.3954E-01
    2917   20.977000  5.2270E-01
    2918   20.980250  5.0571E-01
    2919   20.983500  4.8861E-01
    2920   20.986750  4.7144E-01
    2921   20.990000  4.5424E-01
    2922   20.993250  4.3704E-01
    2923   20.996500  4.1989E-01
    2924   20.999750  4.0283E-01
