       1   11.900000  9.7741E-01
       2   11.903390  9.8011E-01
       3   11.906780  9.8030E-01
       4   11.910170  9.8050E-01
       5   11.913560  9.8069E-01
       6   11.916950  9.8089E-01
       7   11.920340  9.8109E-01
       8   11.923730  9.8130E-01
       9   11.927120  9.8150E-01
      10   11.930510  9.8170E-01
      11   11.933900  9.8191E-01
      12   11.937290  9.8211E-01
      13   11.940680  9.8231E-01
      14   11.944070  9.8251E-01
      15   11.947460  9.8270E-01
      16   11.950850  9.8289E-01
      17   11.954240  9.8308E-01
      18   11.957630  9.8326E-01
      19   11.961020  9.8343E-01
      20   11.964410  9.8360E-01
      21   11.967800  9.8376E-01
      22   11.971190  9.8392E-01
      23   11.974580  9.8406E-01
      24   11.977970  9.8420E-01
      25   11.981360  9.8433E-01
      26   11.984750  9.8445E-01
      27   11.988140  9.8456E-01
      28   11.991530  9.8467E-01
      29   11.994920  9.8476E-01
      30   11.998310  9.8485E-01
      31   12.001700  9.8492E-01
      32   12.005090  9.8499E-01
      33   12.008480  9.8505E-01
      34   12.011870  9.8510E-01
      35   12.015260  9.8514E-01
      36   12.018650  9.8518E-01
      37   12.022040  9.8521E-01
      38   12.025430  9.8523E-01
      39   12.028820  9.8524E-01
      40   12.032210  9.8524E-01
      41   12.035600  9.8525E-01
      42   12.038990  9.8524E-01
      43   12.042380  9.8523E-01
      44   12.045770  9.8522E-01
      45   12.049160  9.8520E-01
      46   12.052550  9.8518E-01
      47   12.055940  9.8515E-01
      48   12.059330  9.8513E-01
      49   12.062720  9.8510E-01
      50   12.066110  9.8507E-01
      51   12.069500  9.8503E-01
      52   12.072890  9.8500E-01
      53   12.076280  9.8497E-01
      54   12.079670  9.8493E-01
      55   12.083060  9.8490E-01
      56   12.086450  9.8487E-01
      57   12.089840  9.8484E-01
      58   12.093230  9.8480E-01
      59   12.096620  9.8477E-01
      60   12.100010  9.8474E-01
      61   12.103400  9.8471E-01
      62   12.106790  9.8469E-01
      63   12.110180  9.8466E-01
      64   12.113570  9.8463E-01
      65   12.116960  9.8461E-01
      66   12.120350  9.8458E-01
      67   12.123740  9.8456E-01
      68   12.127130  9.8453E-01
      69   12.130520  9.8451E-01
      70   12.133910  9.8449E-01
      71   12.137300  9.8446E-01
      72   12.140690  9.8444E-01
      73   12.144080  9.8441E-01
      74   12.147470  9.8438E-01
      75   12.150860  9.8435E-01
      76   12.154250  9.8432E-01
      77   12.157640  9.8429E-01
      78   12.161030  9.8425E-01
      79   12.164420  9.8422E-01
      80   12.167810  9.8417E-01
      81   12.171200  9.8413E-01
      82   12.174590  9.8408E-01
      83   12.177980  9.8403E-01
      84   12.181370  9.8397E-01
      85   12.184760  9.8391E-01
      86   12.188150  9.8385E-01
      87   12.191540  9.8378E-01
      88   12.194930  9.8370E-01
      89   12.198320  9.8362E-01
      90   12.201710  9.8354E-01
      91   12.205100  9.8345E-01
      92   12.208490  9.8335E-01
      93   12.211880  9.8325E-01
      94   12.215270  9.8315E-01
      95   12.218660  9.8303E-01
      96   12.222050  9.8292E-01
      97   12.225440  9.8280E-01
      98   12.228830  9.8267E-01
      99   12.232220  9.8254E-01
     100   12.235610  9.8240E-01
     101   12.239000  9.8226E-01
     102   12.242390  9.8212E-01
     103   12.245780  9.8197E-01
     104   12.249170  9.8181E-01
     105   12.252560  9.8165E-01
     106   12.255950  9.8149E-01
     107   12.259340  9.8132E-01
     108   12.262730  9.8114E-01
     109   12.266120  9.8097E-01
     110   12.269510  9.8078E-01
     111   12.272900  9.8060E-01
     112   12.276290  9.8041E-01
     113   12.279680  9.8021E-01
     114   12.283070  9.8002E-01
     115   12.286460  9.7981E-01
     116   12.289850  9.7961E-01
     117   12.293240  9.7940E-01
     118   12.296630  9.7918E-01
     119   12.300020  9.7896E-01
     120   12.303410  9.7874E-01
     121   12.306800  9.7851E-01
     122   12.310190  9.7828E-01
     123   12.313580  9.7804E-01
     124   12.316970  9.7779E-01
     125   12.320360  9.7755E-01
     126   12.323750  9.7729E-01
     127   12.327140  9.7703E-01
     128   12.330530  9.7676E-01
     129   12.333920  9.7649E-01
     130   12.337310  9.7621E-01
     131   12.340700  9.7592E-01
     132   12.344090  9.7562E-01
     133   12.347480  9.7532E-01
     134   12.350870  9.7500E-01
     135   12.354260  9.7468E-01
     136   12.357650  9.7434E-01
     137   12.361040  9.7400E-01
     138   12.364430  9.7364E-01
     139   12.367820  9.7327E-01
     140   12.371210  9.7288E-01
     141   12.374600  9.7248E-01
     142   12.377990  9.7207E-01
     143   12.381380  9.7164E-01
     144   12.384770  9.7119E-01
     145   12.388160  9.7072E-01
     146   12.391550  9.7024E-01
     147   12.394940  9.6974E-01
     148   12.398330  9.6921E-01
     149   12.401720  9.6867E-01
     150   12.405110  9.6810E-01
     151   12.408500  9.6751E-01
     152   12.411890  9.6689E-01
     153   12.415280  9.6625E-01
     154   12.418670  9.6559E-01
     155   12.422060  9.6490E-01
     156   12.425450  9.6419E-01
     157   12.428840  9.6345E-01
     158   12.432230  9.6269E-01
     159   12.435620  9.6190E-01
     160   12.439010  9.6108E-01
     161   12.442400  9.6024E-01
     162   12.445790  9.5938E-01
     163   12.449180  9.5849E-01
     164   12.452570  9.5758E-01
     165   12.455960  9.5665E-01
     166   12.459350  9.5570E-01
     167   12.462740  9.5474E-01
     168   12.466130  9.5375E-01
     169   12.469520  9.5275E-01
     170   12.472910  9.5174E-01
     171   12.476300  9.5072E-01
     172   12.479690  9.4969E-01
     173   12.483080  9.4866E-01
     174   12.486470  9.4763E-01
     175   12.489860  9.4659E-01
     176   12.493250  9.4557E-01
     177   12.496640  9.4455E-01
     178   12.500030  9.4354E-01
     179   12.503420  9.4255E-01
     180   12.506810  9.4157E-01
     181   12.510200  9.4062E-01
     182   12.513590  9.3969E-01
     183   12.516980  9.3879E-01
     184   12.520370  9.3792E-01
     185   12.523760  9.3708E-01
     186   12.527150  9.3629E-01
     187   12.530540  9.3553E-01
     188   12.533930  9.3482E-01
     189   12.537320  9.3416E-01
     190   12.540710  9.3354E-01
     191   12.544100  9.3297E-01
     192   12.547490  9.3246E-01
     193   12.550880  9.3200E-01
     194   12.554270  9.3159E-01
     195   12.557660  9.3124E-01
     196   12.561050  9.3095E-01
     197   12.564440  9.3071E-01
     198   12.567830  9.3053E-01
     199   12.571220  9.3041E-01
     200   12.574610  9.3034E-01
     201   12.578000  9.3032E-01
     202   12.581390  9.3036E-01
     203   12.584780  9.3045E-01
     204   12.588170  9.3059E-01
     205   12.591560  9.3078E-01
     206   12.594950  9.3101E-01
     207   12.598340  9.3128E-01
     208   12.601730  9.3159E-01
     209   12.605120  9.3194E-01
     210   12.608510  9.3232E-01
     211   12.611900  9.3272E-01
     212   12.615290  9.3315E-01
     213   12.618680  9.3361E-01
     214   12.622070  9.3408E-01
     215   12.625460  9.3456E-01
     216   12.628850  9.3506E-01
     217   12.632240  9.3556E-01
     218   12.635630  9.3606E-01
     219   12.639020  9.3656E-01
     220   12.642410  9.3706E-01
     221   12.645800  9.3755E-01
     222   12.649190  9.3803E-01
     223   12.652580  9.3849E-01
     224   12.655970  9.3894E-01
     225   12.659360  9.3938E-01
     226   12.662750  9.3979E-01
     227   12.666140  9.4018E-01
     228   12.669530  9.4054E-01
     229   12.672920  9.4088E-01
     230   12.676310  9.4120E-01
     231   12.679700  9.4148E-01
     232   12.683090  9.4174E-01
     233   12.686480  9.4198E-01
     234   12.689870  9.4218E-01
     235   12.693260  9.4236E-01
     236   12.696650  9.4251E-01
     237   12.700040  9.4264E-01
     238   12.703430  9.4274E-01
     239   12.706820  9.4282E-01
     240   12.710210  9.4287E-01
     241   12.713600  9.4291E-01
     242   12.716990  9.4292E-01
     243   12.720380  9.4292E-01
     244   12.723770  9.4290E-01
     245   12.727160  9.4287E-01
     246   12.730550  9.4283E-01
     247   12.733940  9.4278E-01
     248   12.737330  9.4271E-01
     249   12.740720  9.4264E-01
     250   12.744110  9.4257E-01
     251   12.747500  9.4249E-01
     252   12.750890  9.4241E-01
     253   12.754280  9.4233E-01
     254   12.757670  9.4224E-01
     255   12.761060  9.4216E-01
     256   12.764450  9.4208E-01
     257   12.767840  9.4200E-01
     258   12.771230  9.4193E-01
     259   12.774620  9.4186E-01
     260   12.778010  9.4180E-01
     261   12.781400  9.4174E-01
     262   12.784790  9.4169E-01
     263   12.788180  9.4164E-01
     264   12.791570  9.4159E-01
     265   12.794960  9.4156E-01
     266   12.798350  9.4152E-01
     267   12.801740  9.4150E-01
     268   12.805130  9.4148E-01
     269   12.808520  9.4146E-01
     270   12.811910  9.4145E-01
     271   12.815300  9.4144E-01
     272   12.818690  9.4144E-01
     273   12.822080  9.4144E-01
     274   12.825470  9.4145E-01
     275   12.828860  9.4145E-01
     276   12.832250  9.4147E-01
     277   12.835640  9.4148E-01
     278   12.839030  9.4150E-01
     279   12.842420  9.4152E-01
     280   12.845810  9.4154E-01
     281   12.849200  9.4156E-01
     282   12.852590  9.4158E-01
     283   12.855980  9.4160E-01
     284   12.859370  9.4163E-01
     285   12.862760  9.4165E-01
     286   12.866150  9.4167E-01
     287   12.869540  9.4169E-01
     288   12.872930  9.4171E-01
     289   12.876320  9.4172E-01
     290   12.879710  9.4174E-01
     291   12.883100  9.4175E-01
     292   12.886490  9.4175E-01
     293   12.889880  9.4175E-01
     294   12.893270  9.4174E-01
     295   12.896660  9.4173E-01
     296   12.900050  9.4171E-01
     297   12.903440  9.4168E-01
     298   12.906830  9.4165E-01
     299   12.910220  9.4160E-01
     300   12.913610  9.4155E-01
     301   12.917000  9.4148E-01
     302   12.920390  9.4140E-01
     303   12.923780  9.4131E-01
     304   12.927170  9.4121E-01
     305   12.930560  9.4109E-01
     306   12.933950  9.4096E-01
     307   12.937340  9.4082E-01
     308   12.940730  9.4066E-01
     309   12.944120  9.4049E-01
     310   12.947510  9.4031E-01
     311   12.950900  9.4011E-01
     312   12.954290  9.3990E-01
     313   12.957680  9.3967E-01
     314   12.961070  9.3943E-01
     315   12.964460  9.3917E-01
     316   12.967850  9.3890E-01
     317   12.971240  9.3862E-01
     318   12.974630  9.3833E-01
     319   12.978020  9.3802E-01
     320   12.981410  9.3770E-01
     321   12.984800  9.3737E-01
     322   12.988190  9.3702E-01
     323   12.991580  9.3667E-01
     324   12.994970  9.3630E-01
     325   12.998360  9.3593E-01
     326   13.001750  9.3554E-01
     327   13.005140  9.3514E-01
     328   13.008530  9.3473E-01
     329   13.011920  9.3431E-01
     330   13.015310  9.3388E-01
     331   13.018700  9.3344E-01
     332   13.022090  9.3299E-01
     333   13.025480  9.3252E-01
     334   13.028870  9.3204E-01
     335   13.032260  9.3155E-01
     336   13.035650  9.3104E-01
     337   13.039040  9.3052E-01
     338   13.042430  9.2998E-01
     339   13.045820  9.2942E-01
     340   13.049210  9.2885E-01
     341   13.052600  9.2825E-01
     342   13.055990  9.2763E-01
     343   13.059380  9.2698E-01
     344   13.062770  9.2631E-01
     345   13.066160  9.2561E-01
     346   13.069550  9.2488E-01
     347   13.072940  9.2411E-01
     348   13.076330  9.2331E-01
     349   13.079720  9.2248E-01
     350   13.083110  9.2160E-01
     351   13.086500  9.2068E-01
     352   13.089890  9.1972E-01
     353   13.093280  9.1872E-01
     354   13.096670  9.1766E-01
     355   13.100060  9.1655E-01
     356   13.103450  9.1540E-01
     357   13.106840  9.1418E-01
     358   13.110230  9.1291E-01
     359   13.113620  9.1158E-01
     360   13.117010  9.1018E-01
     361   13.120400  9.0873E-01
     362   13.123790  9.0721E-01
     363   13.127180  9.0562E-01
     364   13.130570  9.0397E-01
     365   13.133960  9.0224E-01
     366   13.137350  9.0045E-01
     367   13.140740  8.9858E-01
     368   13.144130  8.9664E-01
     369   13.147520  8.9463E-01
     370   13.150910  8.9255E-01
     371   13.154300  8.9039E-01
     372   13.157690  8.8816E-01
     373   13.161080  8.8586E-01
     374   13.164470  8.8348E-01
     375   13.167860  8.8103E-01
     376   13.171250  8.7852E-01
     377   13.174640  8.7593E-01
     378   13.178030  8.7327E-01
     379   13.181420  8.7055E-01
     380   13.184810  8.6777E-01
     381   13.188200  8.6492E-01
     382   13.191590  8.6202E-01
     383   13.194980  8.5906E-01
     384   13.198370  8.5604E-01
     385   13.201760  8.5298E-01
     386   13.205150  8.4987E-01
     387   13.208540  8.4671E-01
     388   13.211930  8.4351E-01
     389   13.215320  8.4028E-01
     390   13.218710  8.3702E-01
     391   13.222100  8.3373E-01
     392   13.225490  8.3041E-01
     393   13.228880  8.2707E-01
     394   13.232270  8.2372E-01
     395   13.235660  8.2035E-01
     396   13.239050  8.1698E-01
     397   13.242440  8.1359E-01
     398   13.245830  8.1021E-01
     399   13.249220  8.0683E-01
     400   13.252610  8.0346E-01
     401   13.256000  8.0009E-01
     402   13.259390  7.9673E-01
     403   13.262780  7.9339E-01
     404   13.266170  7.9006E-01
     405   13.269560  7.8675E-01
     406   13.272950  7.8345E-01
     407   13.276340  7.8018E-01
     408   13.279730  7.7692E-01
     409   13.283120  7.7368E-01
     410   13.286510  7.7046E-01
     411   13.289900  7.6726E-01
     412   13.293290  7.6407E-01
     413   13.296680  7.6089E-01
     414   13.300070  7.5773E-01
     415   13.303460  7.5457E-01
     416   13.306850  7.5142E-01
     417   13.310240  7.4827E-01
     418   13.313630  7.4512E-01
     419   13.317020  7.4196E-01
     420   13.320410  7.3879E-01
     421   13.323800  7.3560E-01
     422   13.327190  7.3239E-01
     423   13.330580  7.2916E-01
     424   13.333970  7.2589E-01
     425   13.337360  7.2258E-01
     426   13.340750  7.1923E-01
     427   13.344140  7.1583E-01
     428   13.347530  7.1238E-01
     429   13.350920  7.0887E-01
     430   13.354310  7.0530E-01
     431   13.357700  7.0167E-01
     432   13.361090  6.9796E-01
     433   13.364480  6.9418E-01
     434   13.367870  6.9032E-01
     435   13.371260  6.8639E-01
     436   13.374650  6.8238E-01
     437   13.378040  6.7828E-01
     438   13.381430  6.7411E-01
     439   13.384820  6.6986E-01
     440   13.388210  6.6553E-01
     441   13.391600  6.6112E-01
     442   13.394990  6.5664E-01
     443   13.398380  6.5209E-01
     444   13.401770  6.4748E-01
     445   13.405160  6.4281E-01
     446   13.408550  6.3809E-01
     447   13.411940  6.3332E-01
     448   13.415330  6.2851E-01
     449   13.418720  6.2367E-01
     450   13.422110  6.1881E-01
     451   13.425500  6.1394E-01
     452   13.428890  6.0906E-01
     453   13.432280  6.0419E-01
     454   13.435670  5.9933E-01
     455   13.439060  5.9450E-01
     456   13.442450  5.8971E-01
     457   13.445840  5.8497E-01
     458   13.449230  5.8028E-01
     459   13.452620  5.7565E-01
     460   13.456010  5.7111E-01
     461   13.459400  5.6665E-01
     462   13.462790  5.6228E-01
     463   13.466180  5.5802E-01
     464   13.469570  5.5387E-01
     465   13.472960  5.4983E-01
     466   13.476350  5.4592E-01
     467   13.479740  5.4214E-01
     468   13.483130  5.3849E-01
     469   13.486520  5.3498E-01
     470   13.489910  5.3160E-01
     471   13.493300  5.2838E-01
     472   13.496690  5.2529E-01
     473   13.500080  5.2235E-01
     474   13.503470  5.1955E-01
     475   13.506860  5.1689E-01
     476   13.510250  5.1437E-01
     477   13.513640  5.1199E-01
     478   13.517030  5.0974E-01
     479   13.520420  5.0761E-01
     480   13.523810  5.0561E-01
     481   13.527200  5.0372E-01
     482   13.530590  5.0194E-01
     483   13.533980  5.0026E-01
     484   13.537370  4.9867E-01
     485   13.540760  4.9717E-01
     486   13.544150  4.9575E-01
     487   13.547540  4.9440E-01
     488   13.550930  4.9312E-01
     489   13.554320  4.9189E-01
     490   13.557710  4.9070E-01
     491   13.561100  4.8956E-01
     492   13.564490  4.8845E-01
     493   13.567880  4.8736E-01
     494   13.571270  4.8629E-01
     495   13.574660  4.8524E-01
     496   13.578050  4.8419E-01
     497   13.581440  4.8315E-01
     498   13.584830  4.8210E-01
     499   13.588220  4.8105E-01
     500   13.591610  4.7999E-01
     501   13.595000  4.7892E-01
     502   13.598390  4.7784E-01
     503   13.601780  4.7674E-01
     504   13.605170  4.7563E-01
     505   13.608560  4.7451E-01
     506   13.611950  4.7337E-01
     507   13.615340  4.7222E-01
     508   13.618730  4.7107E-01
     509   13.622120  4.6990E-01
     510   13.625510  4.6873E-01
     511   13.628900  4.6756E-01
     512   13.632290  4.6639E-01
     513   13.635680  4.6523E-01
     514   13.639070  4.6408E-01
     515   13.642460  4.6295E-01
     516   13.645850  4.6183E-01
     517   13.649240  4.6073E-01
     518   13.652630  4.5966E-01
     519   13.656020  4.5862E-01
     520   13.659410  4.5762E-01
     521   13.662800  4.5665E-01
     522   13.666190  4.5572E-01
     523   13.669580  4.5483E-01
     524   13.672970  4.5398E-01
     525   13.676360  4.5318E-01
     526   13.679750  4.5242E-01
     527   13.683140  4.5169E-01
     528   13.686530  4.5101E-01
     529   13.689920  4.5037E-01
     530   13.693310  4.4976E-01
     531   13.696700  4.4918E-01
     532   13.700090  4.4862E-01
     533   13.703480  4.4808E-01
     534   13.706870  4.4755E-01
     535   13.710260  4.4703E-01
     536   13.713650  4.4649E-01
     537   13.717040  4.4595E-01
     538   13.720430  4.4537E-01
     539   13.723820  4.4476E-01
     540   13.727210  4.4410E-01
     541   13.730600  4.4338E-01
     542   13.733990  4.4258E-01
     543   13.737380  4.4170E-01
     544   13.740770  4.4072E-01
     545   13.744160  4.3964E-01
     546   13.747550  4.3843E-01
     547   13.750940  4.3708E-01
     548   13.754330  4.3559E-01
     549   13.757720  4.3395E-01
     550   13.761110  4.3214E-01
     551   13.764500  4.3015E-01
     552   13.767890  4.2798E-01
     553   13.771280  4.2561E-01
     554   13.774670  4.2305E-01
     555   13.778060  4.2029E-01
     556   13.781450  4.1733E-01
     557   13.784840  4.1416E-01
     558   13.788230  4.1079E-01
     559   13.791620  4.0721E-01
     560   13.795010  4.0344E-01
     561   13.798400  3.9947E-01
     562   13.801790  3.9531E-01
     563   13.805180  3.9098E-01
     564   13.808570  3.8648E-01
     565   13.811960  3.8182E-01
     566   13.815350  3.7703E-01
     567   13.818740  3.7210E-01
     568   13.822130  3.6707E-01
     569   13.825520  3.6195E-01
     570   13.828910  3.5675E-01
     571   13.832300  3.5149E-01
     572   13.835690  3.4620E-01
     573   13.839080  3.4090E-01
     574   13.842470  3.3560E-01
     575   13.845860  3.3034E-01
     576   13.849250  3.2512E-01
     577   13.852640  3.1997E-01
     578   13.856030  3.1491E-01
     579   13.859420  3.0996E-01
     580   13.862810  3.0513E-01
     581   13.866200  3.0045E-01
     582   13.869590  2.9593E-01
     583   13.872980  2.9159E-01
     584   13.876370  2.8744E-01
     585   13.879760  2.8349E-01
     586   13.883150  2.7975E-01
     587   13.886540  2.7623E-01
     588   13.889930  2.7294E-01
     589   13.893320  2.6987E-01
     590   13.896710  2.6704E-01
     591   13.900100  2.6444E-01
     592   13.903490  2.6206E-01
     593   13.906880  2.5992E-01
     594   13.910270  2.5800E-01
     595   13.913660  2.5629E-01
     596   13.917050  2.5478E-01
     597   13.920440  2.5347E-01
     598   13.923830  2.5234E-01
     599   13.927220  2.5138E-01
     600   13.930610  2.5057E-01
     601   13.934000  2.4990E-01
     602   13.937390  2.4936E-01
     603   13.940780  2.4892E-01
     604   13.944170  2.4857E-01
     605   13.947560  2.4828E-01
     606   13.950950  2.4805E-01
     607   13.954340  2.4786E-01
     608   13.957730  2.4769E-01
     609   13.961120  2.4751E-01
     610   13.964510  2.4732E-01
     611   13.967900  2.4709E-01
     612   13.971290  2.4682E-01
     613   13.974680  2.4649E-01
     614   13.978070  2.4609E-01
     615   13.981460  2.4559E-01
     616   13.984850  2.4500E-01
     617   13.988240  2.4430E-01
     618   13.991630  2.4349E-01
     619   13.995020  2.4255E-01
     620   13.998410  2.4147E-01
     621   14.001800  2.4027E-01
     622   14.005190  2.3892E-01
     623   14.008580  2.3744E-01
     624   14.011970  2.3581E-01
     625   14.015360  2.3404E-01
     626   14.018750  2.3212E-01
     627   14.022140  2.3006E-01
     628   14.025530  2.2787E-01
     629   14.028920  2.2553E-01
     630   14.032310  2.2307E-01
     631   14.035700  2.2048E-01
     632   14.039090  2.1777E-01
     633   14.042480  2.1495E-01
     634   14.045870  2.1201E-01
     635   14.049260  2.0897E-01
     636   14.052650  2.0584E-01
     637   14.056040  2.0262E-01
     638   14.059430  1.9931E-01
     639   14.062820  1.9594E-01
     640   14.066210  1.9249E-01
     641   14.069600  1.8899E-01
     642   14.072990  1.8543E-01
     643   14.076380  1.8183E-01
     644   14.079770  1.7819E-01
     645   14.083160  1.7452E-01
     646   14.086550  1.7082E-01
     647   14.089940  1.6710E-01
     648   14.093330  1.6338E-01
     649   14.096720  1.5964E-01
     650   14.100110  1.5590E-01
     651   14.103500  1.5216E-01
     652   14.106890  1.4844E-01
     653   14.110280  1.4472E-01
     654   14.113670  1.4102E-01
     655   14.117060  1.3735E-01
     656   14.120450  1.3369E-01
     657   14.123840  1.3007E-01
     658   14.127230  1.2647E-01
     659   14.130620  1.2291E-01
     660   14.134010  1.1939E-01
     661   14.137400  1.1590E-01
     662   14.140790  1.1246E-01
     663   14.144180  1.0906E-01
     664   14.147570  1.0571E-01
     665   14.150960  1.0241E-01
     666   14.154350  9.9152E-02
     667   14.157740  9.5947E-02
     668   14.161130  9.2795E-02
     669   14.164520  8.9697E-02
     670   14.167910  8.6654E-02
     671   14.171300  8.3667E-02
     672   14.174690  8.0736E-02
     673   14.178080  7.7864E-02
     674   14.181470  7.5050E-02
     675   14.184860  7.2296E-02
     676   14.188250  6.9601E-02
     677   14.191640  6.6967E-02
     678   14.195030  6.4394E-02
     679   14.198420  6.1883E-02
     680   14.201810  5.9433E-02
     681   14.205200  5.7044E-02
     682   14.208590  5.4718E-02
     683   14.211980  5.2454E-02
     684   14.215370  5.0253E-02
     685   14.218760  4.8113E-02
     686   14.222150  4.6035E-02
     687   14.225540  4.4019E-02
     688   14.228930  4.2064E-02
     689   14.232320  4.0170E-02
     690   14.235710  3.8337E-02
     691   14.239100  3.6564E-02
     692   14.242490  3.4850E-02
     693   14.245880  3.3196E-02
     694   14.249270  3.1599E-02
     695   14.252660  3.0059E-02
     696   14.256050  2.8577E-02
     697   14.259440  2.7149E-02
     698   14.262830  2.5777E-02
     699   14.266220  2.4458E-02
     700   14.269610  2.3191E-02
     701   14.273000  2.1976E-02
     702   14.276390  2.0811E-02
     703   14.279780  1.9696E-02
     704   14.283170  1.8628E-02
     705   14.286560  1.7607E-02
     706   14.289950  1.6632E-02
     707   14.293340  1.5700E-02
     708   14.296730  1.4812E-02
     709   14.300120  1.3965E-02
     710   14.303510  1.3158E-02
     711   14.306900  1.2390E-02
     712   14.310290  1.1659E-02
     713   14.313680  1.0965E-02
     714   14.317070  1.0306E-02
     715   14.320460  9.6801E-03
     716   14.323850  9.0866E-03
     717   14.327240  8.5242E-03
     718   14.330630  7.9916E-03
     719   14.334020  7.4875E-03
     720   14.337410  7.0107E-03
     721   14.340800  6.5602E-03
     722   14.344190  6.1346E-03
     723   14.347580  5.7330E-03
     724   14.350970  5.3541E-03
     725   14.354360  4.9970E-03
     726   14.357750  4.6606E-03
     727   14.361140  4.3439E-03
     728   14.364530  4.0460E-03
     729   14.367920  3.7659E-03
     730   14.371310  3.5028E-03
     731   14.374700  3.2557E-03
     732   14.378090  3.0239E-03
     733   14.381480  2.8065E-03
     734   14.384870  2.6028E-03
     735   14.388260  2.4121E-03
     736   14.391650  2.2337E-03
     737   14.395040  2.0668E-03
     738   14.398430  1.9109E-03
     739   14.401820  1.7653E-03
     740   14.405210  1.6295E-03
     741   14.408600  1.5029E-03
     742   14.411990  1.3849E-03
     743   14.415380  1.2752E-03
     744   14.418770  1.1730E-03
     745   14.422160  1.0781E-03
     746   14.425550  9.9002E-04
     747   14.428940  9.0827E-04
     748   14.432330  8.3249E-04
     749   14.435720  7.6232E-04
     750   14.439110  6.9739E-04
     751   14.442500  6.3738E-04
     752   14.445890  5.8195E-04
     753   14.449280  5.3082E-04
     754   14.452670  4.8368E-04
     755   14.456060  4.4028E-04
     756   14.459450  4.0036E-04
     757   14.462840  3.6368E-04
     758   14.466230  3.3001E-04
     759   14.469620  2.9914E-04
     760   14.473010  2.7086E-04
     761   14.476400  2.4498E-04
     762   14.479790  2.2133E-04
     763   14.483180  1.9975E-04
     764   14.486570  1.8006E-04
     765   14.489960  1.6213E-04
     766   14.493350  1.4582E-04
     767   14.496740  1.3100E-04
     768   14.500130  1.1755E-04
     769   14.503520  1.0535E-04
     770   14.506910  9.4310E-05
     771   14.510300  8.4325E-05
     772   14.513690  7.5307E-05
     773   14.517080  6.7172E-05
     774   14.520470  5.9843E-05
     775   14.523860  5.3248E-05
     776   14.527250  4.7322E-05
     777   14.530640  4.2003E-05
     778   14.534030  3.7235E-05
     779   14.537420  3.2966E-05
     780   14.540810  2.9150E-05
     781   14.544200  2.5743E-05
     782   14.547590  2.2705E-05
     783   14.550980  2.0000E-05
     784   14.554370  1.7594E-05
     785   14.557760  1.5457E-05
     786   14.561150  1.3562E-05
     787   14.564540  1.1883E-05
     788   14.567930  1.0398E-05
     789   14.571320  9.0866E-06
     790   14.574710  7.9298E-06
     791   14.578100  6.9108E-06
     792   14.581490  6.0145E-06
     793   14.584880  5.2272E-06
     794   14.588270  4.5366E-06
     795   14.591660  3.9318E-06
     796   14.595050  3.4028E-06
     797   14.598440  2.9407E-06
     798   14.601830  2.5378E-06
     799   14.605220  2.1869E-06
     800   14.608610  1.8818E-06
     801   14.612000  1.6169E-06
     802   14.615390  1.3873E-06
     803   14.618780  1.1884E-06
     804   14.622170  1.0166E-06
     805   14.625560  8.6831E-07
     806   14.628950  7.4052E-07
     807   14.632340  6.3058E-07
     808   14.635730  5.3613E-07
     809   14.639120  4.5512E-07
     810   14.642510  3.8575E-07
     811   14.645900  3.2644E-07
     812   14.649290  2.7582E-07
     813   14.652680  2.3267E-07
     814   14.656070  1.9596E-07
     815   14.659460  1.6477E-07
     816   14.662850  1.3833E-07
     817   14.666240  1.1593E-07
     818   14.669630  9.7008E-08
     819   14.673020  8.1036E-08
     820   14.676410  6.7581E-08
     821   14.679800  5.6266E-08
     822   14.683190  4.6766E-08
     823   14.686580  3.8804E-08
     824   14.689970  3.2142E-08
     825   14.693360  2.6579E-08
     826   14.696750  2.1940E-08
     827   14.700140  1.8080E-08
     828   14.703530  1.4872E-08
     829   14.706920  1.2213E-08
     830   14.710310  1.0011E-08
     831   14.713700  8.1913E-09
     832   14.717090  6.6905E-09
     833   14.720480  5.4549E-09
     834   14.723870  4.4395E-09
     835   14.727260  3.6065E-09
     836   14.730650  2.9245E-09
     837   14.734040  2.3671E-09
     838   14.737430  1.9125E-09
     839   14.740820  1.5423E-09
     840   14.744210  1.2414E-09
     841   14.747600  9.9738E-10
     842   14.750990  7.9983E-10
     843   14.754380  6.4020E-10
     844   14.757770  5.1147E-10
     845   14.761160  4.0785E-10
     846   14.764550  3.2460E-10
     847   14.767940  2.5785E-10
     848   14.771330  2.0443E-10
     849   14.774720  1.6177E-10
     850   14.778110  1.2776E-10
     851   14.781500  1.0070E-10
     852   14.784890  7.9226E-11
     853   14.788280  6.2209E-11
     854   14.791670  4.8752E-11
     855   14.795060  3.8131E-11
     856   14.798450  2.9765E-11
     857   14.801840  2.3188E-11
     858   14.805230  1.8028E-11
     859   14.808620  1.3987E-11
     860   14.812010  1.0826E-11
     861   14.815400  8.3646E-12
     862   14.818790  6.4525E-12
     863   14.822180  4.9676E-12
     864   14.825570  3.8167E-12
     865   14.828960  2.9265E-12
     866   14.832350  2.2394E-12
     867   14.835740  1.7100E-12
     868   14.839130  1.3031E-12
     869   14.842520  9.8926E-13
     870   14.845910  7.4816E-13
     871   14.849300  5.6586E-13
     872   14.852690  4.2791E-13
     873   14.856080  3.2292E-13
     874   14.859470  2.4318E-13
     875   14.862860  1.8275E-13
     876   14.866250  1.3706E-13
     877   14.869640  1.0255E-13
     878   14.873030  7.6569E-14
     879   14.876420  5.6506E-14
     880   14.879810  4.1339E-14
     881   14.883200  3.0513E-14
     882   14.886590  2.2625E-14
     883   14.889980  1.6740E-14
     884   14.893370  1.2360E-14
     885   14.896760  9.1059E-15
     886   14.900150  6.6943E-15
     887   14.903540  4.8914E-15
     888   14.906930  3.5125E-15
     889   14.910320  2.3693E-15
     890   14.913710  1.5896E-15
     891   14.917100  1.1514E-15
     892   14.920490  8.3880E-16
     893   14.923880  6.0969E-16
     894   14.927270  4.4218E-16
     895   14.930660  3.1998E-16
     896   14.934050  2.3104E-16
     897   14.937440  1.6645E-16
     898   14.940830  9.9723E-17
     899   14.944220  2.9613E-17
     900   14.947610  0.0000E+00
     901   14.951000  0.0000E+00
     902   14.954390  0.0000E+00
     903   14.957780  0.0000E+00
     904   14.961170  0.0000E+00
     905   14.964560  0.0000E+00
     906   14.967950  0.0000E+00
     907   14.971340  0.0000E+00
     908   14.974730  0.0000E+00
     909   14.978120  0.0000E+00
     910   14.981510  0.0000E+00
     911   14.984900  0.0000E+00
     912   14.988290  0.0000E+00
     913   14.991680  8.0537E-18
     914   14.995070  2.0719E-17
     915   14.998460  2.8800E-17
     916   15.001850  3.9943E-17
     917   15.005240  5.5274E-17
     918   15.008630  7.6321E-17
     919   15.012020  1.0515E-16
     920   15.015410  1.4454E-16
     921   15.018800  1.9826E-16
     922   15.022190  2.7133E-16
     923   15.025580  3.7051E-16
     924   15.028970  5.1476E-16
     925   15.032360  7.1187E-16
     926   15.035750  9.6650E-16
     927   15.039140  1.3093E-15
     928   15.042530  1.7699E-15
     929   15.045920  2.3872E-15
     930   15.049310  3.2127E-15
     931   15.052700  4.3142E-15
     932   15.056090  5.7808E-15
     933   15.059480  7.7288E-15
     934   15.062870  1.0311E-14
     935   15.066260  1.3725E-14
     936   15.069650  1.8430E-14
     937   15.073040  2.4700E-14
     938   15.076430  3.2730E-14
     939   15.079820  4.3241E-14
     940   15.083210  5.7005E-14
     941   15.086600  7.4992E-14
     942   15.089990  9.8445E-14
     943   15.093380  1.2896E-13
     944   15.096770  1.6857E-13
     945   15.100160  2.1990E-13
     946   15.103550  2.8653E-13
     947   15.106940  3.7307E-13
     948   15.110330  4.8429E-13
     949   15.113720  6.2667E-13
     950   15.117110  8.0923E-13
     951   15.120500  1.0428E-12
     952   15.123890  1.3411E-12
     953   15.127280  1.7212E-12
     954   15.130670  2.2046E-12
     955   15.134060  2.8180E-12
     956   15.137450  3.5947E-12
     957   15.140840  4.5769E-12
     958   15.144230  5.8158E-12
     959   15.147620  7.3749E-12
     960   15.151010  9.3333E-12
     961   15.154400  1.1788E-11
     962   15.157790  1.4860E-11
     963   15.161180  1.8696E-11
     964   15.164570  2.3476E-11
     965   15.167960  2.9422E-11
     966   15.171350  3.6803E-11
     967   15.174740  4.5949E-11
     968   15.178130  5.7259E-11
     969   15.181520  7.1221E-11
     970   15.184910  8.8424E-11
     971   15.188300  1.0958E-10
     972   15.191690  1.3554E-10
     973   15.195080  1.6735E-10
     974   15.198470  2.0626E-10
     975   15.201860  2.5376E-10
     976   15.205250  3.1165E-10
     977   15.208640  3.8207E-10
     978   15.212030  4.6759E-10
     979   15.215420  5.7127E-10
     980   15.218810  6.9676E-10
     981   15.222200  8.4838E-10
     982   15.225590  1.0313E-09
     983   15.228980  1.2515E-09
     984   15.232370  1.5163E-09
     985   15.235760  1.8342E-09
     986   15.239150  2.2152E-09
     987   15.242540  2.6711E-09
     988   15.245930  3.2159E-09
     989   15.249320  3.8658E-09
     990   15.252710  4.6399E-09
     991   15.256100  5.5607E-09
     992   15.259490  6.6544E-09
     993   15.262880  7.9514E-09
     994   15.266270  9.4875E-09
     995   15.269660  1.1304E-08
     996   15.273050  1.3449E-08
     997   15.276440  1.5979E-08
     998   15.279830  1.8959E-08
     999   15.283220  2.2463E-08
    1000   15.286610  2.6578E-08
    1001   15.290000  3.1405E-08
    1002   15.293390  3.7059E-08
    1003   15.296780  4.3673E-08
    1004   15.300170  5.1400E-08
    1005   15.303560  6.0416E-08
    1006   15.306950  7.0920E-08
    1007   15.310340  8.3144E-08
    1008   15.313730  9.7349E-08
    1009   15.317120  1.1384E-07
    1010   15.320510  1.3295E-07
    1011   15.323900  1.5507E-07
    1012   15.327290  1.8064E-07
    1013   15.330680  2.1017E-07
    1014   15.334070  2.4421E-07
    1015   15.337460  2.8342E-07
    1016   15.340850  3.2850E-07
    1017   15.344240  3.8027E-07
    1018   15.347630  4.3965E-07
    1019   15.351020  5.0767E-07
    1020   15.354410  5.8546E-07
    1021   15.357800  6.7431E-07
    1022   15.361190  7.7567E-07
    1023   15.364580  8.9113E-07
    1024   15.367970  1.0225E-06
    1025   15.371360  1.1717E-06
    1026   15.374750  1.3409E-06
    1027   15.378140  1.5326E-06
    1028   15.381530  1.7495E-06
    1029   15.384920  1.9945E-06
    1030   15.388310  2.2709E-06
    1031   15.391700  2.5821E-06
    1032   15.395090  2.9323E-06
    1033   15.398480  3.3256E-06
    1034   15.401870  3.7667E-06
    1035   15.405260  4.2608E-06
    1036   15.408650  4.8135E-06
    1037   15.412040  5.4307E-06
    1038   15.415430  6.1192E-06
    1039   15.418820  6.8861E-06
    1040   15.422210  7.7390E-06
    1041   15.425600  8.6865E-06
    1042   15.428990  9.7375E-06
    1043   15.432380  1.0902E-05
    1044   15.435770  1.2190E-05
    1045   15.439160  1.3613E-05
    1046   15.442550  1.5184E-05
    1047   15.445940  1.6914E-05
    1048   15.449330  1.8820E-05
    1049   15.452720  2.0915E-05
    1050   15.456110  2.3215E-05
    1051   15.459500  2.5738E-05
    1052   15.462890  2.8503E-05
    1053   15.466280  3.1530E-05
    1054   15.469670  3.4838E-05
    1055   15.473060  3.8453E-05
    1056   15.476450  4.2397E-05
    1057   15.479840  4.6697E-05
    1058   15.483230  5.1381E-05
    1059   15.486620  5.6479E-05
    1060   15.490010  6.2023E-05
    1061   15.493400  6.8047E-05
    1062   15.496790  7.4589E-05
    1063   15.500180  8.1688E-05
    1064   15.503570  8.9386E-05
    1065   15.506960  9.7729E-05
    1066   15.510350  1.0677E-04
    1067   15.513740  1.1655E-04
    1068   15.517130  1.2714E-04
    1069   15.520520  1.3859E-04
    1070   15.523910  1.5097E-04
    1071   15.527300  1.6434E-04
    1072   15.530690  1.7879E-04
    1073   15.534080  1.9440E-04
    1074   15.537470  2.1124E-04
    1075   15.540860  2.2941E-04
    1076   15.544250  2.4901E-04
    1077   15.547640  2.7015E-04
    1078   15.551030  2.9293E-04
    1079   15.554420  3.1748E-04
    1080   15.557810  3.4392E-04
    1081   15.561200  3.7239E-04
    1082   15.564590  4.0304E-04
    1083   15.567980  4.3602E-04
    1084   15.571370  4.7148E-04
    1085   15.574760  5.0961E-04
    1086   15.578150  5.5058E-04
    1087   15.581540  5.9458E-04
    1088   15.584930  6.4182E-04
    1089   15.588320  6.9250E-04
    1090   15.591710  7.4685E-04
    1091   15.595100  8.0510E-04
    1092   15.598490  8.6749E-04
    1093   15.601880  9.3428E-04
    1094   15.605270  1.0057E-03
    1095   15.608660  1.0821E-03
    1096   15.612050  1.1637E-03
    1097   15.615440  1.2507E-03
    1098   15.618830  1.3436E-03
    1099   15.622220  1.4426E-03
    1100   15.625610  1.5480E-03
    1101   15.629000  1.6602E-03
    1102   15.632390  1.7795E-03
    1103   15.635780  1.9062E-03
    1104   15.639170  2.0408E-03
    1105   15.642560  2.1834E-03
    1106   15.645950  2.3346E-03
    1107   15.649340  2.4947E-03
    1108   15.652730  2.6641E-03
    1109   15.656120  2.8431E-03
    1110   15.659510  3.0322E-03
    1111   15.662900  3.2318E-03
    1112   15.666290  3.4422E-03
    1113   15.669680  3.6639E-03
    1114   15.673070  3.8974E-03
    1115   15.676460  4.1429E-03
    1116   15.679850  4.4010E-03
    1117   15.683240  4.6722E-03
    1118   15.686630  4.9568E-03
    1119   15.690020  5.2554E-03
    1120   15.693410  5.5684E-03
    1121   15.696800  5.8963E-03
    1122   15.700190  6.2397E-03
    1123   15.703580  6.5989E-03
    1124   15.706970  6.9747E-03
    1125   15.710360  7.3675E-03
    1126   15.713750  7.7778E-03
    1127   15.717140  8.2064E-03
    1128   15.720530  8.6538E-03
    1129   15.723920  9.1206E-03
    1130   15.727310  9.6075E-03
    1131   15.730700  1.0115E-02
    1132   15.734090  1.0644E-02
    1133   15.737480  1.1196E-02
    1134   15.740870  1.1770E-02
    1135   15.744260  1.2368E-02
    1136   15.747650  1.2991E-02
    1137   15.751040  1.3639E-02
    1138   15.754430  1.4314E-02
    1139   15.757820  1.5015E-02
    1140   15.761210  1.5745E-02
    1141   15.764600  1.6504E-02
    1142   15.767990  1.7293E-02
    1143   15.771380  1.8113E-02
    1144   15.774770  1.8966E-02
    1145   15.778160  1.9851E-02
    1146   15.781550  2.0771E-02
    1147   15.784940  2.1726E-02
    1148   15.788330  2.2717E-02
    1149   15.791720  2.3746E-02
    1150   15.795110  2.4813E-02
    1151   15.798500  2.5920E-02
    1152   15.801890  2.7068E-02
    1153   15.805280  2.8257E-02
    1154   15.808670  2.9490E-02
    1155   15.812060  3.0766E-02
    1156   15.815450  3.2088E-02
    1157   15.818840  3.3456E-02
    1158   15.822230  3.4870E-02
    1159   15.825620  3.6334E-02
    1160   15.829010  3.7846E-02
    1161   15.832400  3.9409E-02
    1162   15.835790  4.1022E-02
    1163   15.839180  4.2688E-02
    1164   15.842570  4.4407E-02
    1165   15.845960  4.6179E-02
    1166   15.849350  4.8007E-02
    1167   15.852740  4.9890E-02
    1168   15.856130  5.1829E-02
    1169   15.859520  5.3825E-02
    1170   15.862910  5.5879E-02
    1171   15.866300  5.7992E-02
    1172   15.869690  6.0164E-02
    1173   15.873080  6.2397E-02
    1174   15.876470  6.4689E-02
    1175   15.879860  6.7043E-02
    1176   15.883250  6.9459E-02
    1177   15.886640  7.1938E-02
    1178   15.890030  7.4479E-02
    1179   15.893420  7.7084E-02
    1180   15.896810  7.9752E-02
    1181   15.900200  8.2485E-02
    1182   15.903590  8.5283E-02
    1183   15.906980  8.8145E-02
    1184   15.910370  9.1073E-02
    1185   15.913760  9.4065E-02
    1186   15.917150  9.7123E-02
    1187   15.920540  1.0025E-01
    1188   15.923930  1.0343E-01
    1189   15.927320  1.0668E-01
    1190   15.930710  1.1000E-01
    1191   15.934100  1.1338E-01
    1192   15.937490  1.1681E-01
    1193   15.940880  1.2031E-01
    1194   15.944270  1.2387E-01
    1195   15.947660  1.2749E-01
    1196   15.951050  1.3116E-01
    1197   15.954440  1.3488E-01
    1198   15.957830  1.3865E-01
    1199   15.961220  1.4247E-01
    1200   15.964610  1.4633E-01
    1201   15.968000  1.5023E-01
    1202   15.971390  1.5416E-01
    1203   15.974780  1.5812E-01
    1204   15.978170  1.6211E-01
    1205   15.981560  1.6611E-01
    1206   15.984950  1.7012E-01
    1207   15.988340  1.7414E-01
    1208   15.991730  1.7816E-01
    1209   15.995120  1.8217E-01
    1210   15.998510  1.8615E-01
    1211   16.001900  1.9012E-01
    1212   16.005290  1.9404E-01
    1213   16.008680  1.9792E-01
    1214   16.012070  2.0175E-01
    1215   16.015460  2.0551E-01
    1216   16.018850  2.0919E-01
    1217   16.022240  2.1279E-01
    1218   16.025630  2.1630E-01
    1219   16.029020  2.1969E-01
    1220   16.032410  2.2297E-01
    1221   16.035800  2.2613E-01
    1222   16.039190  2.2914E-01
    1223   16.042580  2.3201E-01
    1224   16.045970  2.3472E-01
    1225   16.049360  2.3726E-01
    1226   16.052750  2.3962E-01
    1227   16.056140  2.4180E-01
    1228   16.059530  2.4379E-01
    1229   16.062920  2.4557E-01
    1230   16.066310  2.4715E-01
    1231   16.069700  2.4852E-01
    1232   16.073090  2.4968E-01
    1233   16.076480  2.5061E-01
    1234   16.079870  2.5133E-01
    1235   16.083260  2.5182E-01
    1236   16.086650  2.5209E-01
    1237   16.090040  2.5215E-01
    1238   16.093430  2.5199E-01
    1239   16.096820  2.5161E-01
    1240   16.100210  2.5104E-01
    1241   16.103600  2.5026E-01
    1242   16.106990  2.4930E-01
    1243   16.110380  2.4816E-01
    1244   16.113770  2.4686E-01
    1245   16.117160  2.4540E-01
    1246   16.120550  2.4380E-01
    1247   16.123940  2.4208E-01
    1248   16.127330  2.4026E-01
    1249   16.130720  2.3835E-01
    1250   16.134110  2.3637E-01
    1251   16.137500  2.3434E-01
    1252   16.140890  2.3228E-01
    1253   16.144280  2.3021E-01
    1254   16.147670  2.2815E-01
    1255   16.151060  2.2613E-01
    1256   16.154450  2.2417E-01
    1257   16.157840  2.2228E-01
    1258   16.161230  2.2049E-01
    1259   16.164620  2.1882E-01
    1260   16.168010  2.1729E-01
    1261   16.171400  2.1591E-01
    1262   16.174790  2.1471E-01
    1263   16.178180  2.1370E-01
    1264   16.181570  2.1290E-01
    1265   16.184960  2.1233E-01
    1266   16.188350  2.1199E-01
    1267   16.191740  2.1190E-01
    1268   16.195130  2.1206E-01
    1269   16.198520  2.1249E-01
    1270   16.201910  2.1320E-01
    1271   16.205300  2.1417E-01
    1272   16.208690  2.1543E-01
    1273   16.212080  2.1696E-01
    1274   16.215470  2.1878E-01
    1275   16.218860  2.2086E-01
    1276   16.222250  2.2322E-01
    1277   16.225640  2.2584E-01
    1278   16.229030  2.2871E-01
    1279   16.232420  2.3183E-01
    1280   16.235810  2.3518E-01
    1281   16.239200  2.3876E-01
    1282   16.242590  2.4254E-01
    1283   16.245980  2.4652E-01
    1284   16.249370  2.5068E-01
    1285   16.252760  2.5500E-01
    1286   16.256150  2.5947E-01
    1287   16.259540  2.6406E-01
    1288   16.262930  2.6877E-01
    1289   16.266320  2.7357E-01
    1290   16.269710  2.7845E-01
    1291   16.273100  2.8339E-01
    1292   16.276490  2.8837E-01
    1293   16.279880  2.9338E-01
    1294   16.283270  2.9840E-01
    1295   16.286660  3.0342E-01
    1296   16.290050  3.0841E-01
    1297   16.293440  3.1338E-01
    1298   16.296830  3.1829E-01
    1299   16.300220  3.2315E-01
    1300   16.303610  3.2794E-01
    1301   16.307000  3.3265E-01
    1302   16.310390  3.3727E-01
    1303   16.313780  3.4179E-01
    1304   16.317170  3.4620E-01
    1305   16.320560  3.5051E-01
    1306   16.323950  3.5470E-01
    1307   16.327340  3.5877E-01
    1308   16.330730  3.6271E-01
    1309   16.334120  3.6653E-01
    1310   16.337510  3.7022E-01
    1311   16.340900  3.7377E-01
    1312   16.344290  3.7720E-01
    1313   16.347680  3.8050E-01
    1314   16.351070  3.8368E-01
    1315   16.354460  3.8672E-01
    1316   16.357850  3.8964E-01
    1317   16.361240  3.9244E-01
    1318   16.364630  3.9512E-01
    1319   16.368020  3.9769E-01
    1320   16.371410  4.0014E-01
    1321   16.374800  4.0249E-01
    1322   16.378190  4.0474E-01
    1323   16.381580  4.0688E-01
    1324   16.384970  4.0894E-01
    1325   16.388360  4.1090E-01
    1326   16.391750  4.1278E-01
    1327   16.395140  4.1458E-01
    1328   16.398530  4.1631E-01
    1329   16.401920  4.1796E-01
    1330   16.405310  4.1955E-01
    1331   16.408700  4.2108E-01
    1332   16.412090  4.2256E-01
    1333   16.415480  4.2398E-01
    1334   16.418870  4.2535E-01
    1335   16.422260  4.2669E-01
    1336   16.425650  4.2798E-01
    1337   16.429040  4.2924E-01
    1338   16.432430  4.3047E-01
    1339   16.435820  4.3168E-01
    1340   16.439210  4.3286E-01
    1341   16.442600  4.3402E-01
    1342   16.445990  4.3516E-01
    1343   16.449380  4.3629E-01
    1344   16.452770  4.3741E-01
    1345   16.456160  4.3852E-01
    1346   16.459550  4.3963E-01
    1347   16.462940  4.4073E-01
    1348   16.466330  4.4184E-01
    1349   16.469720  4.4295E-01
    1350   16.473110  4.4406E-01
    1351   16.476500  4.4517E-01
    1352   16.479890  4.4630E-01
    1353   16.483280  4.4743E-01
    1354   16.486670  4.4857E-01
    1355   16.490060  4.4973E-01
    1356   16.493450  4.5089E-01
    1357   16.496840  4.5207E-01
    1358   16.500230  4.5326E-01
    1359   16.503620  4.5447E-01
    1360   16.507010  4.5569E-01
    1361   16.510400  4.5692E-01
    1362   16.513790  4.5817E-01
    1363   16.517180  4.5943E-01
    1364   16.520570  4.6070E-01
    1365   16.523960  4.6199E-01
    1366   16.527350  4.6328E-01
    1367   16.530740  4.6458E-01
    1368   16.534130  4.6589E-01
    1369   16.537520  4.6721E-01
    1370   16.540910  4.6853E-01
    1371   16.544300  4.6985E-01
    1372   16.547690  4.7117E-01
    1373   16.551080  4.7249E-01
    1374   16.554470  4.7380E-01
    1375   16.557860  4.7511E-01
    1376   16.561250  4.7640E-01
    1377   16.564640  4.7768E-01
    1378   16.568030  4.7895E-01
    1379   16.571420  4.8019E-01
    1380   16.574810  4.8141E-01
    1381   16.578200  4.8261E-01
    1382   16.581590  4.8377E-01
    1383   16.584980  4.8490E-01
    1384   16.588370  4.8600E-01
    1385   16.591760  4.8705E-01
    1386   16.595150  4.8807E-01
    1387   16.598540  4.8903E-01
    1388   16.601930  4.8995E-01
    1389   16.605320  4.9082E-01
    1390   16.608710  4.9163E-01
    1391   16.612100  4.9239E-01
    1392   16.615490  4.9308E-01
    1393   16.618880  4.9372E-01
    1394   16.622270  4.9429E-01
    1395   16.625660  4.9480E-01
    1396   16.629050  4.9524E-01
    1397   16.632440  4.9561E-01
    1398   16.635830  4.9592E-01
    1399   16.639220  4.9615E-01
    1400   16.642610  4.9632E-01
    1401   16.646000  4.9642E-01
    1402   16.649390  4.9645E-01
    1403   16.652780  4.9641E-01
    1404   16.656170  4.9631E-01
    1405   16.659560  4.9614E-01
    1406   16.662950  4.9591E-01
    1407   16.666340  4.9562E-01
    1408   16.669730  4.9527E-01
    1409   16.673120  4.9487E-01
    1410   16.676510  4.9442E-01
    1411   16.679900  4.9392E-01
    1412   16.683290  4.9338E-01
    1413   16.686680  4.9280E-01
    1414   16.690070  4.9219E-01
    1415   16.693460  4.9155E-01
    1416   16.696850  4.9089E-01
    1417   16.700240  4.9021E-01
    1418   16.703630  4.8952E-01
    1419   16.707020  4.8882E-01
    1420   16.710410  4.8812E-01
    1421   16.713800  4.8743E-01
    1422   16.717190  4.8675E-01
    1423   16.720580  4.8608E-01
    1424   16.723970  4.8543E-01
    1425   16.727360  4.8481E-01
    1426   16.730750  4.8421E-01
    1427   16.734140  4.8365E-01
    1428   16.737530  4.8313E-01
    1429   16.740920  4.8265E-01
    1430   16.744310  4.8221E-01
    1431   16.747700  4.8182E-01
    1432   16.751090  4.8147E-01
    1433   16.754480  4.8117E-01
    1434   16.757870  4.8093E-01
    1435   16.761260  4.8073E-01
    1436   16.764650  4.8058E-01
    1437   16.768040  4.8048E-01
    1438   16.771430  4.8043E-01
    1439   16.774820  4.8043E-01
    1440   16.778210  4.8047E-01
    1441   16.781600  4.8055E-01
    1442   16.784990  4.8067E-01
    1443   16.788380  4.8082E-01
    1444   16.791770  4.8101E-01
    1445   16.795160  4.8122E-01
    1446   16.798550  4.8146E-01
    1447   16.801940  4.8173E-01
    1448   16.805330  4.8202E-01
    1449   16.808720  4.8232E-01
    1450   16.812110  4.8264E-01
    1451   16.815500  4.8297E-01
    1452   16.818890  4.8331E-01
    1453   16.822280  4.8367E-01
    1454   16.825670  4.8403E-01
    1455   16.829060  4.8441E-01
    1456   16.832450  4.8480E-01
    1457   16.835840  4.8520E-01
    1458   16.839230  4.8561E-01
    1459   16.842620  4.8605E-01
    1460   16.846010  4.8651E-01
    1461   16.849400  4.8699E-01
    1462   16.852790  4.8751E-01
    1463   16.856180  4.8807E-01
    1464   16.859570  4.8867E-01
    1465   16.862960  4.8932E-01
    1466   16.866350  4.9004E-01
    1467   16.869740  4.9082E-01
    1468   16.873130  4.9168E-01
    1469   16.876520  4.9262E-01
    1470   16.879910  4.9365E-01
    1471   16.883300  4.9479E-01
    1472   16.886690  4.9603E-01
    1473   16.890080  4.9740E-01
    1474   16.893470  4.9889E-01
    1475   16.896860  5.0052E-01
    1476   16.900250  5.0229E-01
    1477   16.903640  5.0420E-01
    1478   16.907030  5.0628E-01
    1479   16.910420  5.0851E-01
    1480   16.913810  5.1091E-01
    1481   16.917200  5.1347E-01
    1482   16.920590  5.1621E-01
    1483   16.923980  5.1912E-01
    1484   16.927370  5.2220E-01
    1485   16.930760  5.2545E-01
    1486   16.934150  5.2887E-01
    1487   16.937540  5.3246E-01
    1488   16.940930  5.3622E-01
    1489   16.944320  5.4013E-01
    1490   16.947710  5.4419E-01
    1491   16.951100  5.4840E-01
    1492   16.954490  5.5274E-01
    1493   16.957880  5.5721E-01
    1494   16.961270  5.6180E-01
    1495   16.964660  5.6649E-01
    1496   16.968050  5.7128E-01
    1497   16.971440  5.7615E-01
    1498   16.974830  5.8108E-01
    1499   16.978220  5.8608E-01
    1500   16.981610  5.9111E-01
    1501   16.985000  5.9617E-01
    1502   16.988390  6.0125E-01
    1503   16.991780  6.0632E-01
    1504   16.995170  6.1138E-01
    1505   16.998560  6.1641E-01
    1506   17.001950  6.2140E-01
    1507   17.005340  6.2633E-01
    1508   17.008730  6.3119E-01
    1509   17.012120  6.3597E-01
    1510   17.015510  6.4066E-01
    1511   17.018900  6.4524E-01
    1512   17.022290  6.4970E-01
    1513   17.025680  6.5404E-01
    1514   17.029070  6.5824E-01
    1515   17.032460  6.6229E-01
    1516   17.035850  6.6619E-01
    1517   17.039240  6.6994E-01
    1518   17.042630  6.7351E-01
    1519   17.046020  6.7691E-01
    1520   17.049410  6.8014E-01
    1521   17.052800  6.8319E-01
    1522   17.056190  6.8605E-01
    1523   17.059580  6.8873E-01
    1524   17.062970  6.9122E-01
    1525   17.066360  6.9352E-01
    1526   17.069750  6.9563E-01
    1527   17.073140  6.9756E-01
    1528   17.076530  6.9929E-01
    1529   17.079920  7.0084E-01
    1530   17.083310  7.0221E-01
    1531   17.086700  7.0340E-01
    1532   17.090090  7.0441E-01
    1533   17.093480  7.0525E-01
    1534   17.096870  7.0591E-01
    1535   17.100260  7.0641E-01
    1536   17.103650  7.0676E-01
    1537   17.107040  7.0695E-01
    1538   17.110430  7.0699E-01
    1539   17.113820  7.0690E-01
    1540   17.117210  7.0667E-01
    1541   17.120600  7.0632E-01
    1542   17.123990  7.0585E-01
    1543   17.127380  7.0527E-01
    1544   17.130770  7.0460E-01
    1545   17.134160  7.0384E-01
    1546   17.137550  7.0300E-01
    1547   17.140940  7.0209E-01
    1548   17.144330  7.0113E-01
    1549   17.147720  7.0012E-01
    1550   17.151110  6.9908E-01
    1551   17.154500  6.9801E-01
    1552   17.157890  6.9694E-01
    1553   17.161280  6.9587E-01
    1554   17.164670  6.9481E-01
    1555   17.168060  6.9378E-01
    1556   17.171450  6.9279E-01
    1557   17.174840  6.9185E-01
    1558   17.178230  6.9097E-01
    1559   17.181620  6.9015E-01
    1560   17.185010  6.8942E-01
    1561   17.188400  6.8877E-01
    1562   17.191790  6.8823E-01
    1563   17.195180  6.8778E-01
    1564   17.198570  6.8745E-01
    1565   17.201960  6.8723E-01
    1566   17.205350  6.8714E-01
    1567   17.208740  6.8716E-01
    1568   17.212130  6.8731E-01
    1569   17.215520  6.8758E-01
    1570   17.218910  6.8798E-01
    1571   17.222300  6.8851E-01
    1572   17.225690  6.8915E-01
    1573   17.229080  6.8990E-01
    1574   17.232470  6.9077E-01
    1575   17.235860  6.9174E-01
    1576   17.239250  6.9281E-01
    1577   17.242640  6.9398E-01
    1578   17.246030  6.9522E-01
    1579   17.249420  6.9654E-01
    1580   17.252810  6.9792E-01
    1581   17.256200  6.9936E-01
    1582   17.259590  7.0085E-01
    1583   17.262980  7.0238E-01
    1584   17.266370  7.0394E-01
    1585   17.269760  7.0553E-01
    1586   17.273150  7.0713E-01
    1587   17.276540  7.0874E-01
    1588   17.279930  7.1035E-01
    1589   17.283320  7.1196E-01
    1590   17.286710  7.1357E-01
    1591   17.290100  7.1516E-01
    1592   17.293490  7.1674E-01
    1593   17.296880  7.1831E-01
    1594   17.300270  7.1987E-01
    1595   17.303660  7.2141E-01
    1596   17.307050  7.2294E-01
    1597   17.310440  7.2446E-01
    1598   17.313830  7.2598E-01
    1599   17.317220  7.2749E-01
    1600   17.320610  7.2900E-01
    1601   17.324000  7.3051E-01
    1602   17.327390  7.3204E-01
    1603   17.330780  7.3357E-01
    1604   17.334170  7.3513E-01
    1605   17.337560  7.3671E-01
    1606   17.340950  7.3831E-01
    1607   17.344340  7.3995E-01
    1608   17.347730  7.4162E-01
    1609   17.351120  7.4332E-01
    1610   17.354510  7.4506E-01
    1611   17.357900  7.4683E-01
    1612   17.361290  7.4864E-01
    1613   17.364680  7.5048E-01
    1614   17.368070  7.5235E-01
    1615   17.371460  7.5425E-01
    1616   17.374850  7.5616E-01
    1617   17.378240  7.5809E-01
    1618   17.381630  7.6002E-01
    1619   17.385020  7.6195E-01
    1620   17.388410  7.6386E-01
    1621   17.391800  7.6574E-01
    1622   17.395190  7.6758E-01
    1623   17.398580  7.6937E-01
    1624   17.401970  7.7110E-01
    1625   17.405360  7.7274E-01
    1626   17.408750  7.7429E-01
    1627   17.412140  7.7573E-01
    1628   17.415530  7.7704E-01
    1629   17.418920  7.7822E-01
    1630   17.422310  7.7924E-01
    1631   17.425700  7.8009E-01
    1632   17.429090  7.8076E-01
    1633   17.432480  7.8124E-01
    1634   17.435870  7.8151E-01
    1635   17.439260  7.8156E-01
    1636   17.442650  7.8139E-01
    1637   17.446040  7.8098E-01
    1638   17.449430  7.8033E-01
    1639   17.452820  7.7944E-01
    1640   17.456210  7.7829E-01
    1641   17.459600  7.7689E-01
    1642   17.462990  7.7524E-01
    1643   17.466380  7.7334E-01
    1644   17.469770  7.7119E-01
    1645   17.473160  7.6879E-01
    1646   17.476550  7.6616E-01
    1647   17.479940  7.6329E-01
    1648   17.483330  7.6021E-01
    1649   17.486720  7.5692E-01
    1650   17.490110  7.5344E-01
    1651   17.493500  7.4978E-01
    1652   17.496890  7.4595E-01
    1653   17.500280  7.4198E-01
    1654   17.503670  7.3788E-01
    1655   17.507060  7.3368E-01
    1656   17.510450  7.2938E-01
    1657   17.513840  7.2503E-01
    1658   17.517230  7.2063E-01
    1659   17.520620  7.1621E-01
    1660   17.524010  7.1179E-01
    1661   17.527400  7.0740E-01
    1662   17.530790  7.0306E-01
    1663   17.534180  6.9880E-01
    1664   17.537570  6.9463E-01
    1665   17.540960  6.9058E-01
    1666   17.544350  6.8667E-01
    1667   17.547740  6.8293E-01
    1668   17.551130  6.7937E-01
    1669   17.554520  6.7602E-01
    1670   17.557910  6.7289E-01
    1671   17.561300  6.7000E-01
    1672   17.564690  6.6736E-01
    1673   17.568080  6.6500E-01
    1674   17.571470  6.6292E-01
    1675   17.574860  6.6114E-01
    1676   17.578250  6.5967E-01
    1677   17.581640  6.5850E-01
    1678   17.585030  6.5766E-01
    1679   17.588420  6.5714E-01
    1680   17.591810  6.5694E-01
    1681   17.595200  6.5707E-01
    1682   17.598590  6.5753E-01
    1683   17.601980  6.5831E-01
    1684   17.605370  6.5940E-01
    1685   17.608760  6.6080E-01
    1686   17.612150  6.6251E-01
    1687   17.615540  6.6451E-01
    1688   17.618930  6.6678E-01
    1689   17.622320  6.6932E-01
    1690   17.625710  6.7212E-01
    1691   17.629100  6.7515E-01
    1692   17.632490  6.7841E-01
    1693   17.635880  6.8186E-01
    1694   17.639270  6.8551E-01
    1695   17.642660  6.8933E-01
    1696   17.646050  6.9329E-01
    1697   17.649440  6.9739E-01
    1698   17.652830  7.0161E-01
    1699   17.656220  7.0592E-01
    1700   17.659610  7.1031E-01
    1701   17.663000  7.1476E-01
    1702   17.666390  7.1926E-01
    1703   17.669780  7.2378E-01
    1704   17.673170  7.2833E-01
    1705   17.676560  7.3287E-01
    1706   17.679950  7.3741E-01
    1707   17.683340  7.4192E-01
    1708   17.686730  7.4640E-01
    1709   17.690120  7.5083E-01
    1710   17.693510  7.5522E-01
    1711   17.696900  7.5956E-01
    1712   17.700290  7.6383E-01
    1713   17.703680  7.6804E-01
    1714   17.707070  7.7218E-01
    1715   17.710460  7.7626E-01
    1716   17.713850  7.8026E-01
    1717   17.717240  7.8420E-01
    1718   17.720630  7.8808E-01
    1719   17.724020  7.9189E-01
    1720   17.727410  7.9563E-01
    1721   17.730800  7.9932E-01
    1722   17.734190  8.0296E-01
    1723   17.737580  8.0654E-01
    1724   17.740970  8.1008E-01
    1725   17.744360  8.1358E-01
    1726   17.747750  8.1703E-01
    1727   17.751140  8.2046E-01
    1728   17.754530  8.2385E-01
    1729   17.757920  8.2722E-01
    1730   17.761310  8.3056E-01
    1731   17.764700  8.3387E-01
    1732   17.768090  8.3717E-01
    1733   17.771480  8.4044E-01
    1734   17.774870  8.4369E-01
    1735   17.778260  8.4692E-01
    1736   17.781650  8.5013E-01
    1737   17.785040  8.5331E-01
    1738   17.788430  8.5646E-01
    1739   17.791820  8.5959E-01
    1740   17.795210  8.6267E-01
    1741   17.798600  8.6572E-01
    1742   17.801990  8.6872E-01
    1743   17.805380  8.7167E-01
    1744   17.808770  8.7456E-01
    1745   17.812160  8.7739E-01
    1746   17.815550  8.8015E-01
    1747   17.818940  8.8283E-01
    1748   17.822330  8.8543E-01
    1749   17.825720  8.8794E-01
    1750   17.829110  8.9035E-01
    1751   17.832500  8.9265E-01
    1752   17.835890  8.9484E-01
    1753   17.839280  8.9692E-01
    1754   17.842670  8.9887E-01
    1755   17.846060  9.0070E-01
    1756   17.849450  9.0239E-01
    1757   17.852840  9.0394E-01
    1758   17.856230  9.0534E-01
    1759   17.859620  9.0660E-01
    1760   17.863010  9.0771E-01
    1761   17.866400  9.0866E-01
    1762   17.869790  9.0945E-01
    1763   17.873180  9.1009E-01
    1764   17.876570  9.1057E-01
    1765   17.879960  9.1088E-01
    1766   17.883350  9.1104E-01
    1767   17.886740  9.1103E-01
    1768   17.890130  9.1087E-01
    1769   17.893520  9.1055E-01
    1770   17.896910  9.1007E-01
    1771   17.900300  9.0945E-01
    1772   17.903690  9.0867E-01
    1773   17.907080  9.0775E-01
    1774   17.910470  9.0669E-01
    1775   17.913860  9.0550E-01
    1776   17.917250  9.0418E-01
    1777   17.920640  9.0273E-01
    1778   17.924030  9.0117E-01
    1779   17.927420  8.9950E-01
    1780   17.930810  8.9773E-01
    1781   17.934200  8.9587E-01
    1782   17.937590  8.9392E-01
    1783   17.940980  8.9190E-01
    1784   17.944370  8.8981E-01
    1785   17.947760  8.8767E-01
    1786   17.951150  8.8548E-01
    1787   17.954540  8.8326E-01
    1788   17.957930  8.8101E-01
    1789   17.961320  8.7875E-01
    1790   17.964710  8.7648E-01
    1791   17.968100  8.7422E-01
    1792   17.971490  8.7198E-01
    1793   17.974880  8.6976E-01
    1794   17.978270  8.6758E-01
    1795   17.981660  8.6545E-01
    1796   17.985050  8.6337E-01
    1797   17.988440  8.6136E-01
    1798   17.991830  8.5942E-01
    1799   17.995220  8.5756E-01
    1800   17.998610  8.5578E-01
    1801   18.002000  8.5410E-01
    1802   18.005390  8.5252E-01
    1803   18.008780  8.5104E-01
    1804   18.012170  8.4966E-01
    1805   18.015560  8.4838E-01
    1806   18.018950  8.4722E-01
    1807   18.022340  8.4616E-01
    1808   18.025730  8.4520E-01
    1809   18.029120  8.4435E-01
    1810   18.032510  8.4359E-01
    1811   18.035900  8.4293E-01
    1812   18.039290  8.4235E-01
    1813   18.042680  8.4186E-01
    1814   18.046070  8.4144E-01
    1815   18.049460  8.4108E-01
    1816   18.052850  8.4077E-01
    1817   18.056240  8.4051E-01
    1818   18.059630  8.4029E-01
    1819   18.063020  8.4008E-01
    1820   18.066410  8.3988E-01
    1821   18.069800  8.3968E-01
    1822   18.073190  8.3947E-01
    1823   18.076580  8.3923E-01
    1824   18.079970  8.3895E-01
    1825   18.083360  8.3862E-01
    1826   18.086750  8.3822E-01
    1827   18.090140  8.3775E-01
    1828   18.093530  8.3720E-01
    1829   18.096920  8.3655E-01
    1830   18.100310  8.3579E-01
    1831   18.103700  8.3491E-01
    1832   18.107090  8.3392E-01
    1833   18.110480  8.3279E-01
    1834   18.113870  8.3152E-01
    1835   18.117260  8.3011E-01
    1836   18.120650  8.2855E-01
    1837   18.124040  8.2683E-01
    1838   18.127430  8.2496E-01
    1839   18.130820  8.2292E-01
    1840   18.134210  8.2073E-01
    1841   18.137600  8.1837E-01
    1842   18.140990  8.1584E-01
    1843   18.144380  8.1316E-01
    1844   18.147770  8.1031E-01
    1845   18.151160  8.0730E-01
    1846   18.154550  8.0413E-01
    1847   18.157940  8.0080E-01
    1848   18.161330  7.9732E-01
    1849   18.164720  7.9369E-01
    1850   18.168110  7.8991E-01
    1851   18.171500  7.8600E-01
    1852   18.174890  7.8195E-01
    1853   18.178280  7.7776E-01
    1854   18.181670  7.7346E-01
    1855   18.185060  7.6903E-01
    1856   18.188450  7.6450E-01
    1857   18.191840  7.5986E-01
    1858   18.195230  7.5513E-01
    1859   18.198620  7.5031E-01
    1860   18.202010  7.4541E-01
    1861   18.205400  7.4044E-01
    1862   18.208790  7.3542E-01
    1863   18.212180  7.3035E-01
    1864   18.215570  7.2525E-01
    1865   18.218960  7.2012E-01
    1866   18.222350  7.1499E-01
    1867   18.225740  7.0986E-01
    1868   18.229130  7.0476E-01
    1869   18.232520  6.9969E-01
    1870   18.235910  6.9467E-01
    1871   18.239300  6.8973E-01
    1872   18.242690  6.8487E-01
    1873   18.246080  6.8012E-01
    1874   18.249470  6.7550E-01
    1875   18.252860  6.7103E-01
    1876   18.256250  6.6672E-01
    1877   18.259640  6.6260E-01
    1878   18.263030  6.5869E-01
    1879   18.266420  6.5500E-01
    1880   18.269810  6.5156E-01
    1881   18.273200  6.4838E-01
    1882   18.276590  6.4548E-01
    1883   18.279980  6.4289E-01
    1884   18.283370  6.4062E-01
    1885   18.286760  6.3868E-01
    1886   18.290150  6.3709E-01
    1887   18.293540  6.3586E-01
    1888   18.296930  6.3500E-01
    1889   18.300320  6.3452E-01
    1890   18.303710  6.3444E-01
    1891   18.307100  6.3474E-01
    1892   18.310490  6.3545E-01
    1893   18.313880  6.3655E-01
    1894   18.317270  6.3804E-01
    1895   18.320660  6.3993E-01
    1896   18.324050  6.4221E-01
    1897   18.327440  6.4486E-01
    1898   18.330830  6.4788E-01
    1899   18.334220  6.5126E-01
    1900   18.337610  6.5497E-01
    1901   18.341000  6.5901E-01
    1902   18.344390  6.6335E-01
    1903   18.347780  6.6797E-01
    1904   18.351170  6.7285E-01
    1905   18.354560  6.7796E-01
    1906   18.357950  6.8329E-01
    1907   18.361340  6.8881E-01
    1908   18.364730  6.9448E-01
    1909   18.368120  7.0029E-01
    1910   18.371510  7.0621E-01
    1911   18.374900  7.1220E-01
    1912   18.378290  7.1826E-01
    1913   18.381680  7.2434E-01
    1914   18.385070  7.3042E-01
    1915   18.388460  7.3649E-01
    1916   18.391850  7.4251E-01
    1917   18.395240  7.4847E-01
    1918   18.398630  7.5434E-01
    1919   18.402020  7.6011E-01
    1920   18.405410  7.6577E-01
    1921   18.408800  7.7128E-01
    1922   18.412190  7.7665E-01
    1923   18.415580  7.8186E-01
    1924   18.418970  7.8690E-01
    1925   18.422360  7.9177E-01
    1926   18.425750  7.9645E-01
    1927   18.429140  8.0094E-01
    1928   18.432530  8.0525E-01
    1929   18.435920  8.0936E-01
    1930   18.439310  8.1328E-01
    1931   18.442700  8.1702E-01
    1932   18.446090  8.2056E-01
    1933   18.449480  8.2392E-01
    1934   18.452870  8.2710E-01
    1935   18.456260  8.3011E-01
    1936   18.459650  8.3294E-01
    1937   18.463040  8.3561E-01
    1938   18.466430  8.3812E-01
    1939   18.469820  8.4047E-01
    1940   18.473210  8.4268E-01
    1941   18.476600  8.4473E-01
    1942   18.479990  8.4665E-01
    1943   18.483380  8.4843E-01
    1944   18.486770  8.5008E-01
    1945   18.490160  8.5160E-01
    1946   18.493550  8.5299E-01
    1947   18.496940  8.5426E-01
    1948   18.500330  8.5539E-01
    1949   18.503720  8.5641E-01
    1950   18.507110  8.5730E-01
    1951   18.510500  8.5806E-01
    1952   18.513890  8.5869E-01
    1953   18.517280  8.5920E-01
    1954   18.520670  8.5958E-01
    1955   18.524060  8.5982E-01
    1956   18.527450  8.5993E-01
    1957   18.530840  8.5991E-01
    1958   18.534230  8.5975E-01
    1959   18.537620  8.5946E-01
    1960   18.541010  8.5903E-01
    1961   18.544400  8.5846E-01
    1962   18.547790  8.5776E-01
    1963   18.551180  8.5693E-01
    1964   18.554570  8.5597E-01
    1965   18.557960  8.5488E-01
    1966   18.561350  8.5367E-01
    1967   18.564740  8.5235E-01
    1968   18.568130  8.5092E-01
    1969   18.571520  8.4940E-01
    1970   18.574910  8.4779E-01
    1971   18.578300  8.4610E-01
    1972   18.581690  8.4435E-01
    1973   18.585080  8.4255E-01
    1974   18.588470  8.4072E-01
    1975   18.591860  8.3886E-01
    1976   18.595250  8.3699E-01
    1977   18.598640  8.3514E-01
    1978   18.602030  8.3332E-01
    1979   18.605420  8.3153E-01
    1980   18.608810  8.2981E-01
    1981   18.612200  8.2817E-01
    1982   18.615590  8.2663E-01
    1983   18.618980  8.2519E-01
    1984   18.622370  8.2388E-01
    1985   18.625760  8.2271E-01
    1986   18.629150  8.2170E-01
    1987   18.632540  8.2086E-01
    1988   18.635930  8.2019E-01
    1989   18.639320  8.1972E-01
    1990   18.642710  8.1945E-01
    1991   18.646100  8.1939E-01
    1992   18.649490  8.1954E-01
    1993   18.652880  8.1991E-01
    1994   18.656270  8.2050E-01
    1995   18.659660  8.2131E-01
    1996   18.663050  8.2235E-01
    1997   18.666440  8.2361E-01
    1998   18.669830  8.2508E-01
    1999   18.673220  8.2677E-01
    2000   18.676610  8.2866E-01
    2001   18.680000  8.3075E-01
    2002   18.683390  8.3303E-01
    2003   18.686780  8.3548E-01
    2004   18.690170  8.3810E-01
    2005   18.693560  8.4088E-01
    2006   18.696950  8.4379E-01
    2007   18.700340  8.4683E-01
    2008   18.703730  8.4998E-01
    2009   18.707120  8.5323E-01
    2010   18.710510  8.5655E-01
    2011   18.713900  8.5995E-01
    2012   18.717290  8.6339E-01
    2013   18.720680  8.6687E-01
    2014   18.724070  8.7037E-01
    2015   18.727460  8.7387E-01
    2016   18.730850  8.7737E-01
    2017   18.734240  8.8084E-01
    2018   18.737630  8.8427E-01
    2019   18.741020  8.8765E-01
    2020   18.744410  8.9097E-01
    2021   18.747800  8.9422E-01
    2022   18.751190  8.9738E-01
    2023   18.754580  9.0045E-01
    2024   18.757970  9.0341E-01
    2025   18.761360  9.0626E-01
    2026   18.764750  9.0898E-01
    2027   18.768140  9.1158E-01
    2028   18.771530  9.1404E-01
    2029   18.774920  9.1635E-01
    2030   18.778310  9.1852E-01
    2031   18.781700  9.2053E-01
    2032   18.785090  9.2238E-01
    2033   18.788480  9.2406E-01
    2034   18.791870  9.2558E-01
    2035   18.795260  9.2692E-01
    2036   18.798650  9.2809E-01
    2037   18.802040  9.2907E-01
    2038   18.805430  9.2987E-01
    2039   18.808820  9.3049E-01
    2040   18.812210  9.3090E-01
    2041   18.815600  9.3113E-01
    2042   18.818990  9.3115E-01
    2043   18.822380  9.3097E-01
    2044   18.825770  9.3059E-01
    2045   18.829160  9.2999E-01
    2046   18.832550  9.2918E-01
    2047   18.835940  9.2815E-01
    2048   18.839330  9.2691E-01
    2049   18.842720  9.2543E-01
    2050   18.846110  9.2373E-01
    2051   18.849500  9.2179E-01
    2052   18.852890  9.1962E-01
    2053   18.856280  9.1720E-01
    2054   18.859670  9.1455E-01
    2055   18.863060  9.1165E-01
    2056   18.866450  9.0851E-01
    2057   18.869840  9.0511E-01
    2058   18.873230  9.0147E-01
    2059   18.876620  8.9758E-01
    2060   18.880010  8.9344E-01
    2061   18.883400  8.8906E-01
    2062   18.886790  8.8444E-01
    2063   18.890180  8.7957E-01
    2064   18.893570  8.7447E-01
    2065   18.896960  8.6915E-01
    2066   18.900350  8.6361E-01
    2067   18.903740  8.5785E-01
    2068   18.907130  8.5190E-01
    2069   18.910520  8.4577E-01
    2070   18.913910  8.3946E-01
    2071   18.917300  8.3301E-01
    2072   18.920690  8.2641E-01
    2073   18.924080  8.1969E-01
    2074   18.927470  8.1288E-01
    2075   18.930860  8.0599E-01
    2076   18.934250  7.9906E-01
    2077   18.937640  7.9209E-01
    2078   18.941030  7.8513E-01
    2079   18.944420  7.7819E-01
    2080   18.947810  7.7131E-01
    2081   18.951200  7.6451E-01
    2082   18.954590  7.5782E-01
    2083   18.957980  7.5128E-01
    2084   18.961370  7.4491E-01
    2085   18.964760  7.3874E-01
    2086   18.968150  7.3280E-01
    2087   18.971540  7.2713E-01
    2088   18.974930  7.2173E-01
    2089   18.978320  7.1666E-01
    2090   18.981710  7.1192E-01
    2091   18.985100  7.0754E-01
    2092   18.988490  7.0355E-01
    2093   18.991880  6.9996E-01
    2094   18.995270  6.9679E-01
    2095   18.998660  6.9405E-01
    2096   19.002050  6.9176E-01
    2097   19.005440  6.8992E-01
    2098   19.008830  6.8854E-01
    2099   19.012220  6.8763E-01
    2100   19.015610  6.8718E-01
    2101   19.019000  6.8719E-01
    2102   19.022390  6.8766E-01
    2103   19.025780  6.8857E-01
    2104   19.029170  6.8991E-01
    2105   19.032560  6.9166E-01
    2106   19.035950  6.9381E-01
    2107   19.039340  6.9633E-01
    2108   19.042730  6.9920E-01
    2109   19.046120  7.0240E-01
    2110   19.049510  7.0588E-01
    2111   19.052900  7.0963E-01
    2112   19.056290  7.1361E-01
    2113   19.059680  7.1778E-01
    2114   19.063070  7.2211E-01
    2115   19.066460  7.2655E-01
    2116   19.069850  7.3108E-01
    2117   19.073240  7.3565E-01
    2118   19.076630  7.4022E-01
    2119   19.080020  7.4476E-01
    2120   19.083410  7.4922E-01
    2121   19.086800  7.5356E-01
    2122   19.090190  7.5776E-01
    2123   19.093580  7.6176E-01
    2124   19.096970  7.6555E-01
    2125   19.100360  7.6907E-01
    2126   19.103750  7.7230E-01
    2127   19.107140  7.7522E-01
    2128   19.110530  7.7778E-01
    2129   19.113920  7.7996E-01
    2130   19.117310  7.8174E-01
    2131   19.120700  7.8310E-01
    2132   19.124090  7.8402E-01
    2133   19.127480  7.8448E-01
    2134   19.130870  7.8447E-01
    2135   19.134260  7.8397E-01
    2136   19.137650  7.8297E-01
    2137   19.141040  7.8148E-01
    2138   19.144430  7.7948E-01
    2139   19.147820  7.7699E-01
    2140   19.151210  7.7399E-01
    2141   19.154600  7.7049E-01
    2142   19.157990  7.6650E-01
    2143   19.161380  7.6204E-01
    2144   19.164770  7.5711E-01
    2145   19.168160  7.5172E-01
    2146   19.171550  7.4590E-01
    2147   19.174940  7.3967E-01
    2148   19.178330  7.3304E-01
    2149   19.181720  7.2603E-01
    2150   19.185110  7.1868E-01
    2151   19.188500  7.1101E-01
    2152   19.191890  7.0304E-01
    2153   19.195280  6.9480E-01
    2154   19.198670  6.8633E-01
    2155   19.202060  6.7765E-01
    2156   19.205450  6.6879E-01
    2157   19.208840  6.5980E-01
    2158   19.212230  6.5070E-01
    2159   19.215620  6.4152E-01
    2160   19.219010  6.3230E-01
    2161   19.222400  6.2306E-01
    2162   19.225790  6.1386E-01
    2163   19.229180  6.0471E-01
    2164   19.232570  5.9565E-01
    2165   19.235960  5.8671E-01
    2166   19.239350  5.7794E-01
    2167   19.242740  5.6934E-01
    2168   19.246130  5.6097E-01
    2169   19.249520  5.5284E-01
    2170   19.252910  5.4499E-01
    2171   19.256300  5.3745E-01
    2172   19.259690  5.3024E-01
    2173   19.263080  5.2338E-01
    2174   19.266470  5.1692E-01
    2175   19.269860  5.1085E-01
    2176   19.273250  5.0522E-01
    2177   19.276640  5.0004E-01
    2178   19.280030  4.9533E-01
    2179   19.283420  4.9110E-01
    2180   19.286810  4.8738E-01
    2181   19.290200  4.8418E-01
    2182   19.293590  4.8152E-01
    2183   19.296980  4.7939E-01
    2184   19.300370  4.7782E-01
    2185   19.303760  4.7680E-01
    2186   19.307150  4.7636E-01
    2187   19.310540  4.7648E-01
    2188   19.313930  4.7717E-01
    2189   19.317320  4.7843E-01
    2190   19.320710  4.8026E-01
    2191   19.324100  4.8265E-01
    2192   19.327490  4.8560E-01
    2193   19.330880  4.8909E-01
    2194   19.334270  4.9311E-01
    2195   19.337660  4.9766E-01
    2196   19.341050  5.0271E-01
    2197   19.344440  5.0824E-01
    2198   19.347830  5.1425E-01
    2199   19.351220  5.2070E-01
    2200   19.354610  5.2757E-01
    2201   19.358000  5.3484E-01
    2202   19.361390  5.4248E-01
    2203   19.364780  5.5046E-01
    2204   19.368170  5.5875E-01
    2205   19.371560  5.6732E-01
    2206   19.374950  5.7614E-01
    2207   19.378340  5.8518E-01
    2208   19.381730  5.9440E-01
    2209   19.385120  6.0377E-01
    2210   19.388510  6.1326E-01
    2211   19.391900  6.2283E-01
    2212   19.395290  6.3244E-01
    2213   19.398680  6.4207E-01
    2214   19.402070  6.5167E-01
    2215   19.405460  6.6122E-01
    2216   19.408850  6.7069E-01
    2217   19.412240  6.8004E-01
    2218   19.415630  6.8925E-01
    2219   19.419020  6.9828E-01
    2220   19.422410  7.0711E-01
    2221   19.425800  7.1572E-01
    2222   19.429190  7.2407E-01
    2223   19.432580  7.3215E-01
    2224   19.435970  7.3994E-01
    2225   19.439360  7.4743E-01
    2226   19.442750  7.5458E-01
    2227   19.446140  7.6140E-01
    2228   19.449530  7.6786E-01
    2229   19.452920  7.7396E-01
    2230   19.456310  7.7970E-01
    2231   19.459700  7.8506E-01
    2232   19.463090  7.9004E-01
    2233   19.466480  7.9464E-01
    2234   19.469870  7.9885E-01
    2235   19.473260  8.0269E-01
    2236   19.476650  8.0616E-01
    2237   19.480040  8.0925E-01
    2238   19.483430  8.1198E-01
    2239   19.486820  8.1435E-01
    2240   19.490210  8.1637E-01
    2241   19.493600  8.1806E-01
    2242   19.496990  8.1943E-01
    2243   19.500380  8.2048E-01
    2244   19.503770  8.2123E-01
    2245   19.507160  8.2169E-01
    2246   19.510550  8.2188E-01
    2247   19.513940  8.2181E-01
    2248   19.517330  8.2149E-01
    2249   19.520720  8.2094E-01
    2250   19.524110  8.2017E-01
    2251   19.527500  8.1920E-01
    2252   19.530890  8.1804E-01
    2253   19.534280  8.1669E-01
    2254   19.537670  8.1518E-01
    2255   19.541060  8.1350E-01
    2256   19.544450  8.1168E-01
    2257   19.547840  8.0972E-01
    2258   19.551230  8.0762E-01
    2259   19.554620  8.0540E-01
    2260   19.558010  8.0306E-01
    2261   19.561400  8.0060E-01
    2262   19.564790  7.9803E-01
    2263   19.568180  7.9534E-01
    2264   19.571570  7.9255E-01
    2265   19.574960  7.8965E-01
    2266   19.578350  7.8664E-01
    2267   19.581740  7.8351E-01
    2268   19.585130  7.8027E-01
    2269   19.588520  7.7692E-01
    2270   19.591910  7.7344E-01
    2271   19.595300  7.6984E-01
    2272   19.598690  7.6612E-01
    2273   19.602080  7.6226E-01
    2274   19.605470  7.5828E-01
    2275   19.608860  7.5416E-01
    2276   19.612250  7.4991E-01
    2277   19.615640  7.4552E-01
    2278   19.619030  7.4100E-01
    2279   19.622420  7.3634E-01
    2280   19.625810  7.3155E-01
    2281   19.629200  7.2664E-01
    2282   19.632590  7.2160E-01
    2283   19.635980  7.1645E-01
    2284   19.639370  7.1119E-01
    2285   19.642760  7.0585E-01
    2286   19.646150  7.0042E-01
    2287   19.649540  6.9492E-01
    2288   19.652930  6.8937E-01
    2289   19.656320  6.8379E-01
    2290   19.659710  6.7819E-01
    2291   19.663100  6.7259E-01
    2292   19.666490  6.6701E-01
    2293   19.669880  6.6149E-01
    2294   19.673270  6.5603E-01
    2295   19.676660  6.5066E-01
    2296   19.680050  6.4541E-01
    2297   19.683440  6.4029E-01
    2298   19.686830  6.3533E-01
    2299   19.690220  6.3055E-01
    2300   19.693610  6.2598E-01
    2301   19.697000  6.2163E-01
    2302   19.700390  6.1752E-01
    2303   19.703780  6.1366E-01
    2304   19.707170  6.1008E-01
    2305   19.710560  6.0679E-01
    2306   19.713950  6.0379E-01
    2307   19.717340  6.0109E-01
    2308   19.720730  5.9871E-01
    2309   19.724120  5.9663E-01
    2310   19.727510  5.9487E-01
    2311   19.730900  5.9342E-01
    2312   19.734290  5.9227E-01
    2313   19.737680  5.9141E-01
    2314   19.741070  5.9084E-01
    2315   19.744460  5.9054E-01
    2316   19.747850  5.9049E-01
    2317   19.751240  5.9067E-01
    2318   19.754630  5.9107E-01
    2319   19.758020  5.9166E-01
    2320   19.761410  5.9241E-01
    2321   19.764800  5.9331E-01
    2322   19.768190  5.9432E-01
    2323   19.771580  5.9542E-01
    2324   19.774970  5.9658E-01
    2325   19.778360  5.9777E-01
    2326   19.781750  5.9897E-01
    2327   19.785140  6.0015E-01
    2328   19.788530  6.0129E-01
    2329   19.791920  6.0236E-01
    2330   19.795310  6.0334E-01
    2331   19.798700  6.0421E-01
    2332   19.802090  6.0495E-01
    2333   19.805480  6.0555E-01
    2334   19.808870  6.0599E-01
    2335   19.812260  6.0627E-01
    2336   19.815650  6.0637E-01
    2337   19.819040  6.0629E-01
    2338   19.822430  6.0604E-01
    2339   19.825820  6.0561E-01
    2340   19.829210  6.0502E-01
    2341   19.832600  6.0426E-01
    2342   19.835990  6.0335E-01
    2343   19.839380  6.0230E-01
    2344   19.842770  6.0114E-01
    2345   19.846160  5.9987E-01
    2346   19.849550  5.9853E-01
    2347   19.852940  5.9714E-01
    2348   19.856330  5.9572E-01
    2349   19.859720  5.9430E-01
    2350   19.863110  5.9292E-01
    2351   19.866500  5.9159E-01
    2352   19.869890  5.9035E-01
    2353   19.873280  5.8923E-01
    2354   19.876670  5.8826E-01
    2355   19.880060  5.8748E-01
    2356   19.883450  5.8690E-01
    2357   19.886840  5.8656E-01
    2358   19.890230  5.8649E-01
    2359   19.893620  5.8671E-01
    2360   19.897010  5.8724E-01
    2361   19.900400  5.8811E-01
    2362   19.903790  5.8934E-01
    2363   19.907180  5.9093E-01
    2364   19.910570  5.9291E-01
    2365   19.913960  5.9528E-01
    2366   19.917350  5.9806E-01
    2367   19.920740  6.0125E-01
    2368   19.924130  6.0485E-01
    2369   19.927520  6.0885E-01
    2370   19.930910  6.1327E-01
    2371   19.934300  6.1808E-01
    2372   19.937690  6.2328E-01
    2373   19.941080  6.2887E-01
    2374   19.944470  6.3481E-01
    2375   19.947860  6.4110E-01
    2376   19.951250  6.4772E-01
    2377   19.954640  6.5464E-01
    2378   19.958030  6.6185E-01
    2379   19.961420  6.6932E-01
    2380   19.964810  6.7702E-01
    2381   19.968200  6.8492E-01
    2382   19.971590  6.9301E-01
    2383   19.974980  7.0125E-01
    2384   19.978370  7.0961E-01
    2385   19.981760  7.1806E-01
    2386   19.985150  7.2659E-01
    2387   19.988540  7.3515E-01
    2388   19.991930  7.4373E-01
    2389   19.995320  7.5229E-01
    2390   19.998710  7.6081E-01
    2391   20.002100  7.6927E-01
    2392   20.005490  7.7764E-01
    2393   20.008880  7.8590E-01
    2394   20.012270  7.9404E-01
    2395   20.015660  8.0202E-01
    2396   20.019050  8.0984E-01
    2397   20.022440  8.1747E-01
    2398   20.025830  8.2491E-01
    2399   20.029220  8.3213E-01
    2400   20.032610  8.3913E-01
    2401   20.036000  8.4591E-01
    2402   20.039390  8.5243E-01
    2403   20.042780  8.5872E-01
    2404   20.046170  8.6474E-01
    2405   20.049560  8.7051E-01
    2406   20.052950  8.7601E-01
    2407   20.056340  8.8125E-01
    2408   20.059730  8.8622E-01
    2409   20.063120  8.9093E-01
    2410   20.066510  8.9536E-01
    2411   20.069900  8.9953E-01
    2412   20.073290  9.0344E-01
    2413   20.076680  9.0708E-01
    2414   20.080070  9.1046E-01
    2415   20.083460  9.1358E-01
    2416   20.086850  9.1644E-01
    2417   20.090240  9.1906E-01
    2418   20.093630  9.2142E-01
    2419   20.097020  9.2354E-01
    2420   20.100410  9.2541E-01
    2421   20.103800  9.2704E-01
    2422   20.107190  9.2844E-01
    2423   20.110580  9.2960E-01
    2424   20.113970  9.3052E-01
    2425   20.117360  9.3122E-01
    2426   20.120750  9.3169E-01
    2427   20.124140  9.3193E-01
    2428   20.127530  9.3194E-01
    2429   20.130920  9.3173E-01
    2430   20.134310  9.3130E-01
    2431   20.137700  9.3064E-01
    2432   20.141090  9.2975E-01
    2433   20.144480  9.2864E-01
    2434   20.147870  9.2730E-01
    2435   20.151260  9.2574E-01
    2436   20.154650  9.2395E-01
    2437   20.158040  9.2194E-01
    2438   20.161430  9.1969E-01
    2439   20.164820  9.1722E-01
    2440   20.168210  9.1452E-01
    2441   20.171600  9.1158E-01
    2442   20.174990  9.0842E-01
    2443   20.178380  9.0503E-01
    2444   20.181770  9.0141E-01
    2445   20.185160  8.9756E-01
    2446   20.188550  8.9349E-01
    2447   20.191940  8.8920E-01
    2448   20.195330  8.8469E-01
    2449   20.198720  8.7997E-01
    2450   20.202110  8.7503E-01
    2451   20.205500  8.6990E-01
    2452   20.208890  8.6458E-01
    2453   20.212280  8.5907E-01
    2454   20.215670  8.5338E-01
    2455   20.219060  8.4754E-01
    2456   20.222450  8.4155E-01
    2457   20.225840  8.3542E-01
    2458   20.229230  8.2918E-01
    2459   20.232620  8.2284E-01
    2460   20.236010  8.1642E-01
    2461   20.239400  8.0993E-01
    2462   20.242790  8.0341E-01
    2463   20.246180  7.9686E-01
    2464   20.249570  7.9033E-01
    2465   20.252960  7.8382E-01
    2466   20.256350  7.7737E-01
    2467   20.259740  7.7101E-01
    2468   20.263130  7.6475E-01
    2469   20.266520  7.5863E-01
    2470   20.269910  7.5267E-01
    2471   20.273300  7.4690E-01
    2472   20.276690  7.4135E-01
    2473   20.280080  7.3605E-01
    2474   20.283470  7.3101E-01
    2475   20.286860  7.2627E-01
    2476   20.290250  7.2185E-01
    2477   20.293640  7.1777E-01
    2478   20.297030  7.1405E-01
    2479   20.300420  7.1072E-01
    2480   20.303810  7.0778E-01
    2481   20.307200  7.0526E-01
    2482   20.310590  7.0317E-01
    2483   20.313980  7.0151E-01
    2484   20.317370  7.0030E-01
    2485   20.320760  6.9954E-01
    2486   20.324150  6.9924E-01
    2487   20.327540  6.9938E-01
    2488   20.330930  6.9998E-01
    2489   20.334320  7.0103E-01
    2490   20.337710  7.0251E-01
    2491   20.341100  7.0442E-01
    2492   20.344490  7.0674E-01
    2493   20.347880  7.0945E-01
    2494   20.351270  7.1255E-01
    2495   20.354660  7.1600E-01
    2496   20.358050  7.1979E-01
    2497   20.361440  7.2388E-01
    2498   20.364830  7.2827E-01
    2499   20.368220  7.3290E-01
    2500   20.371610  7.3777E-01
    2501   20.375000  7.4283E-01
    2502   20.378390  7.4806E-01
    2503   20.381780  7.5342E-01
    2504   20.385170  7.5889E-01
    2505   20.388560  7.6443E-01
    2506   20.391950  7.7002E-01
    2507   20.395340  7.7561E-01
    2508   20.398730  7.8118E-01
    2509   20.402120  7.8669E-01
    2510   20.405510  7.9213E-01
    2511   20.408900  7.9745E-01
    2512   20.412290  8.0264E-01
    2513   20.415680  8.0766E-01
    2514   20.419070  8.1249E-01
    2515   20.422460  8.1711E-01
    2516   20.425850  8.2149E-01
    2517   20.429240  8.2561E-01
    2518   20.432630  8.2946E-01
    2519   20.436020  8.3301E-01
    2520   20.439410  8.3625E-01
    2521   20.442800  8.3915E-01
    2522   20.446190  8.4172E-01
    2523   20.449580  8.4393E-01
    2524   20.452970  8.4578E-01
    2525   20.456360  8.4725E-01
    2526   20.459750  8.4834E-01
    2527   20.463140  8.4904E-01
    2528   20.466530  8.4934E-01
    2529   20.469920  8.4924E-01
    2530   20.473310  8.4873E-01
    2531   20.476700  8.4782E-01
    2532   20.480090  8.4650E-01
    2533   20.483480  8.4478E-01
    2534   20.486870  8.4264E-01
    2535   20.490260  8.4011E-01
    2536   20.493650  8.3717E-01
    2537   20.497040  8.3383E-01
    2538   20.500430  8.3010E-01
    2539   20.503820  8.2599E-01
    2540   20.507210  8.2150E-01
    2541   20.510600  8.1664E-01
    2542   20.513990  8.1141E-01
    2543   20.517380  8.0584E-01
    2544   20.520770  7.9992E-01
    2545   20.524160  7.9368E-01
    2546   20.527550  7.8713E-01
    2547   20.530940  7.8027E-01
    2548   20.534330  7.7314E-01
    2549   20.537720  7.6573E-01
    2550   20.541110  7.5808E-01
    2551   20.544500  7.5020E-01
    2552   20.547890  7.4212E-01
    2553   20.551280  7.3384E-01
    2554   20.554670  7.2540E-01
    2555   20.558060  7.1683E-01
    2556   20.561450  7.0814E-01
    2557   20.564840  6.9936E-01
    2558   20.568230  6.9052E-01
    2559   20.571620  6.8164E-01
    2560   20.575010  6.7277E-01
    2561   20.578400  6.6391E-01
    2562   20.581790  6.5512E-01
    2563   20.585180  6.4641E-01
    2564   20.588570  6.3782E-01
    2565   20.591960  6.2939E-01
    2566   20.595350  6.2113E-01
    2567   20.598740  6.1309E-01
    2568   20.602130  6.0530E-01
    2569   20.605520  5.9779E-01
    2570   20.608910  5.9058E-01
    2571   20.612300  5.8372E-01
    2572   20.615690  5.7722E-01
    2573   20.619080  5.7112E-01
    2574   20.622470  5.6544E-01
    2575   20.625860  5.6022E-01
    2576   20.629250  5.5546E-01
    2577   20.632640  5.5119E-01
    2578   20.636030  5.4744E-01
    2579   20.639420  5.4422E-01
    2580   20.642810  5.4154E-01
    2581   20.646200  5.3941E-01
    2582   20.649590  5.3785E-01
    2583   20.652980  5.3686E-01
    2584   20.656370  5.3645E-01
    2585   20.659760  5.3661E-01
    2586   20.663150  5.3734E-01
    2587   20.666540  5.3864E-01
    2588   20.669930  5.4050E-01
    2589   20.673320  5.4291E-01
    2590   20.676710  5.4586E-01
    2591   20.680100  5.4933E-01
    2592   20.683490  5.5330E-01
    2593   20.686880  5.5775E-01
    2594   20.690270  5.6265E-01
    2595   20.693660  5.6800E-01
    2596   20.697050  5.7375E-01
    2597   20.700440  5.7988E-01
    2598   20.703830  5.8636E-01
    2599   20.707220  5.9316E-01
    2600   20.710610  6.0026E-01
    2601   20.714000  6.0761E-01
    2602   20.717390  6.1519E-01
    2603   20.720780  6.2297E-01
    2604   20.724170  6.3092E-01
    2605   20.727560  6.3900E-01
    2606   20.730950  6.4719E-01
    2607   20.734340  6.5546E-01
    2608   20.737730  6.6378E-01
    2609   20.741120  6.7211E-01
    2610   20.744510  6.8045E-01
    2611   20.747900  6.8875E-01
    2612   20.751290  6.9701E-01
    2613   20.754680  7.0520E-01
    2614   20.758070  7.1329E-01
    2615   20.761460  7.2128E-01
    2616   20.764850  7.2914E-01
    2617   20.768240  7.3686E-01
    2618   20.771630  7.4443E-01
    2619   20.775020  7.5183E-01
    2620   20.778410  7.5906E-01
    2621   20.781800  7.6611E-01
    2622   20.785190  7.7296E-01
    2623   20.788580  7.7962E-01
    2624   20.791970  7.8607E-01
    2625   20.795360  7.9232E-01
    2626   20.798750  7.9835E-01
    2627   20.802140  8.0417E-01
    2628   20.805530  8.0977E-01
    2629   20.808920  8.1516E-01
    2630   20.812310  8.2032E-01
    2631   20.815700  8.2527E-01
    2632   20.819090  8.2999E-01
    2633   20.822480  8.3450E-01
    2634   20.825870  8.3878E-01
    2635   20.829260  8.4284E-01
    2636   20.832650  8.4668E-01
    2637   20.836040  8.5030E-01
    2638   20.839430  8.5370E-01
    2639   20.842820  8.5687E-01
    2640   20.846210  8.5983E-01
    2641   20.849600  8.6256E-01
    2642   20.852990  8.6507E-01
    2643   20.856380  8.6736E-01
    2644   20.859770  8.6942E-01
    2645   20.863160  8.7127E-01
    2646   20.866550  8.7289E-01
    2647   20.869940  8.7429E-01
    2648   20.873330  8.7547E-01
    2649   20.876720  8.7643E-01
    2650   20.880110  8.7717E-01
    2651   20.883500  8.7769E-01
    2652   20.886890  8.7799E-01
    2653   20.890280  8.7807E-01
    2654   20.893670  8.7793E-01
    2655   20.897060  8.7759E-01
    2656   20.900450  8.7703E-01
    2657   20.903840  8.7626E-01
    2658   20.907230  8.7528E-01
    2659   20.910620  8.7409E-01
    2660   20.914010  8.7271E-01
    2661   20.917400  8.7112E-01
    2662   20.920790  8.6933E-01
    2663   20.924180  8.6735E-01
    2664   20.927570  8.6518E-01
    2665   20.930960  8.6282E-01
    2666   20.934350  8.6027E-01
    2667   20.937740  8.5754E-01
    2668   20.941130  8.5462E-01
    2669   20.944520  8.5151E-01
    2670   20.947910  8.4823E-01
    2671   20.951300  8.4477E-01
    2672   20.954690  8.4112E-01
    2673   20.958080  8.3729E-01
    2674   20.961470  8.3327E-01
    2675   20.964860  8.2907E-01
    2676   20.968250  8.2469E-01
    2677   20.971640  8.2010E-01
    2678   20.975030  8.1533E-01
    2679   20.978420  8.1035E-01
    2680   20.981810  8.0517E-01
    2681   20.985200  7.9977E-01
    2682   20.988590  7.9416E-01
    2683   20.991980  7.8832E-01
    2684   20.995370  7.8226E-01
    2685   20.998760  7.7595E-01
    2686   21.002150  7.6941E-01
    2687   21.005540  7.6261E-01
    2688   21.008930  7.5556E-01
    2689   21.012320  7.4825E-01
    2690   21.015710  7.4067E-01
    2691   21.019100  7.3282E-01
    2692   21.022490  7.2469E-01
    2693   21.025880  7.1630E-01
    2694   21.029270  7.0762E-01
    2695   21.032660  6.9868E-01
    2696   21.036050  6.8946E-01
    2697   21.039440  6.7998E-01
    2698   21.042830  6.7023E-01
    2699   21.046220  6.6024E-01
    2700   21.049610  6.5001E-01
    2701   21.053000  6.3955E-01
    2702   21.056390  6.2888E-01
    2703   21.059780  6.1802E-01
    2704   21.063170  6.0699E-01
    2705   21.066560  5.9581E-01
    2706   21.069950  5.8450E-01
    2707   21.073340  5.7310E-01
    2708   21.076730  5.6164E-01
    2709   21.080120  5.5014E-01
    2710   21.083510  5.3864E-01
    2711   21.086900  5.2718E-01
    2712   21.090290  5.1579E-01
    2713   21.093680  5.0450E-01
    2714   21.097070  4.9337E-01
    2715   21.100460  4.8242E-01
    2716   21.103850  4.7171E-01
    2717   21.107240  4.6126E-01
    2718   21.110630  4.5112E-01
    2719   21.114020  4.4133E-01
    2720   21.117410  4.3192E-01
    2721   21.120800  4.2294E-01
    2722   21.124190  4.1442E-01
    2723   21.127580  4.0639E-01
    2724   21.130970  3.9890E-01
    2725   21.134360  3.9195E-01
    2726   21.137750  3.8560E-01
    2727   21.141140  3.7985E-01
    2728   21.144530  3.7473E-01
    2729   21.147920  3.7027E-01
    2730   21.151310  3.6646E-01
    2731   21.154700  3.6333E-01
    2732   21.158090  3.6088E-01
    2733   21.161480  3.5912E-01
    2734   21.164870  3.5805E-01
    2735   21.168260  3.5766E-01
    2736   21.171650  3.5794E-01
    2737   21.175040  3.5889E-01
    2738   21.178430  3.6049E-01
    2739   21.181820  3.6272E-01
    2740   21.185210  3.6556E-01
    2741   21.188600  3.6898E-01
    2742   21.191990  3.7297E-01
    2743   21.195380  3.7748E-01
    2744   21.198770  3.8250E-01
    2745   21.202160  3.8797E-01
    2746   21.205550  3.9387E-01
    2747   21.208940  4.0015E-01
    2748   21.212330  4.0679E-01
    2749   21.215720  4.1373E-01
    2750   21.219110  4.2095E-01
    2751   21.222500  4.2839E-01
    2752   21.225890  4.3602E-01
    2753   21.229280  4.4379E-01
    2754   21.232670  4.5168E-01
    2755   21.236060  4.5963E-01
    2756   21.239450  4.6762E-01
    2757   21.242840  4.7560E-01
    2758   21.246230  4.8354E-01
    2759   21.249620  4.9142E-01
    2760   21.253010  4.9919E-01
    2761   21.256400  5.0684E-01
    2762   21.259790  5.1434E-01
    2763   21.263180  5.2166E-01
    2764   21.266570  5.2880E-01
    2765   21.269960  5.3572E-01
    2766   21.273350  5.4242E-01
    2767   21.276740  5.4889E-01
    2768   21.280130  5.5512E-01
    2769   21.283520  5.6110E-01
    2770   21.286910  5.6684E-01
    2771   21.290300  5.7232E-01
    2772   21.293690  5.7757E-01
    2773   21.297080  5.8257E-01
    2774   21.300470  5.8734E-01
    2775   21.303860  5.9189E-01
    2776   21.307250  5.9624E-01
    2777   21.310640  6.0038E-01
    2778   21.314030  6.0435E-01
    2779   21.317420  6.0816E-01
    2780   21.320810  6.1181E-01
    2781   21.324200  6.1534E-01
    2782   21.327590  6.1877E-01
    2783   21.330980  6.2210E-01
    2784   21.334370  6.2536E-01
    2785   21.337760  6.2857E-01
    2786   21.341150  6.3176E-01
    2787   21.344540  6.3493E-01
    2788   21.347930  6.3811E-01
    2789   21.351320  6.4131E-01
    2790   21.354710  6.4455E-01
    2791   21.358100  6.4785E-01
    2792   21.361490  6.5121E-01
    2793   21.364880  6.5466E-01
    2794   21.368270  6.5821E-01
    2795   21.371660  6.6185E-01
    2796   21.375050  6.6560E-01
    2797   21.378440  6.6948E-01
    2798   21.381830  6.7347E-01
    2799   21.385220  6.7758E-01
    2800   21.388610  6.8182E-01
    2801   21.392000  6.8619E-01
    2802   21.395390  6.9067E-01
    2803   21.398780  6.9527E-01
    2804   21.402170  6.9999E-01
    2805   21.405560  7.0481E-01
    2806   21.408950  7.0973E-01
    2807   21.412340  7.1473E-01
    2808   21.415730  7.1982E-01
    2809   21.419120  7.2497E-01
    2810   21.422510  7.3017E-01
    2811   21.425900  7.3541E-01
    2812   21.429290  7.4068E-01
    2813   21.432680  7.4597E-01
    2814   21.436070  7.5125E-01
    2815   21.439460  7.5651E-01
    2816   21.442850  7.6174E-01
    2817   21.446240  7.6692E-01
    2818   21.449630  7.7204E-01
    2819   21.453020  7.7707E-01
    2820   21.456410  7.8202E-01
    2821   21.459800  7.8686E-01
    2822   21.463190  7.9157E-01
    2823   21.466580  7.9615E-01
    2824   21.469970  8.0057E-01
    2825   21.473360  8.0484E-01
    2826   21.476750  8.0893E-01
    2827   21.480140  8.1283E-01
    2828   21.483530  8.1654E-01
    2829   21.486920  8.2004E-01
    2830   21.490310  8.2333E-01
    2831   21.493700  8.2639E-01
    2832   21.497090  8.2922E-01
    2833   21.500480  8.3180E-01
    2834   21.503870  8.3415E-01
    2835   21.507260  8.3624E-01
    2836   21.510650  8.3808E-01
    2837   21.514040  8.3966E-01
    2838   21.517430  8.4097E-01
    2839   21.520820  8.4203E-01
    2840   21.524210  8.4281E-01
    2841   21.527600  8.4333E-01
    2842   21.530990  8.4358E-01
    2843   21.534380  8.4356E-01
    2844   21.537770  8.4327E-01
    2845   21.541160  8.4272E-01
    2846   21.544550  8.4191E-01
    2847   21.547940  8.4084E-01
    2848   21.551330  8.3951E-01
    2849   21.554720  8.3792E-01
    2850   21.558110  8.3609E-01
    2851   21.561500  8.3401E-01
    2852   21.564890  8.3169E-01
    2853   21.568280  8.2914E-01
    2854   21.571670  8.2637E-01
    2855   21.575060  8.2337E-01
    2856   21.578450  8.2016E-01
    2857   21.581840  8.1674E-01
    2858   21.585230  8.1312E-01
    2859   21.588620  8.0931E-01
    2860   21.592010  8.0532E-01
    2861   21.595400  8.0115E-01
    2862   21.598790  7.9681E-01
    2863   21.602180  7.9232E-01
    2864   21.605570  7.8767E-01
    2865   21.608960  7.8288E-01
    2866   21.612350  7.7795E-01
    2867   21.615740  7.7289E-01
    2868   21.619130  7.6772E-01
    2869   21.622520  7.6243E-01
    2870   21.625910  7.5703E-01
    2871   21.629300  7.5152E-01
    2872   21.632690  7.4592E-01
    2873   21.636080  7.4023E-01
    2874   21.639470  7.3445E-01
    2875   21.642860  7.2858E-01
    2876   21.646250  7.2262E-01
    2877   21.649640  7.1658E-01
    2878   21.653030  7.1045E-01
    2879   21.656420  7.0424E-01
    2880   21.659810  6.9794E-01
    2881   21.663200  6.9155E-01
    2882   21.666590  6.8507E-01
    2883   21.669980  6.7849E-01
    2884   21.673370  6.7180E-01
    2885   21.676760  6.6501E-01
    2886   21.680150  6.5810E-01
    2887   21.683540  6.5106E-01
    2888   21.686930  6.4389E-01
    2889   21.690320  6.3659E-01
    2890   21.693710  6.2914E-01
    2891   21.697100  6.2154E-01
    2892   21.700490  6.1377E-01
    2893   21.703880  6.0584E-01
    2894   21.707270  5.9773E-01
    2895   21.710660  5.8944E-01
    2896   21.714050  5.8097E-01
    2897   21.717440  5.7231E-01
    2898   21.720830  5.6346E-01
    2899   21.724220  5.5442E-01
    2900   21.727610  5.4519E-01
    2901   21.731000  5.3577E-01
    2902   21.734390  5.2617E-01
    2903   21.737780  5.1640E-01
    2904   21.741170  5.0646E-01
    2905   21.744560  4.9636E-01
    2906   21.747950  4.8612E-01
    2907   21.751340  4.7575E-01
    2908   21.754730  4.6528E-01
    2909   21.758120  4.5471E-01
    2910   21.761510  4.4407E-01
    2911   21.764900  4.3339E-01
    2912   21.768290  4.2269E-01
    2913   21.771680  4.1199E-01
    2914   21.775070  4.0133E-01
    2915   21.778460  3.9073E-01
    2916   21.781850  3.8023E-01
    2917   21.785240  3.6985E-01
    2918   21.788630  3.5963E-01
    2919   21.792020  3.4961E-01
    2920   21.795410  3.3981E-01
    2921   21.798800  3.3027E-01
    2922   21.802190  3.2101E-01
    2923   21.805580  3.1208E-01
    2924   21.808970  3.0349E-01
    2925   21.812360  2.9529E-01
    2926   21.815750  2.8750E-01
    2927   21.819140  2.8013E-01
    2928   21.822530  2.7322E-01
    2929   21.825920  2.6679E-01
    2930   21.829310  2.6086E-01
    2931   21.832700  2.5543E-01
    2932   21.836090  2.5053E-01
    2933   21.839480  2.4616E-01
    2934   21.842870  2.4232E-01
    2935   21.846260  2.3903E-01
    2936   21.849650  2.3627E-01
    2937   21.853040  2.3405E-01
    2938   21.856430  2.3236E-01
    2939   21.859820  2.3118E-01
    2940   21.863210  2.3049E-01
    2941   21.866600  2.3029E-01
    2942   21.869990  2.3055E-01
    2943   21.873380  2.3124E-01
    2944   21.876770  2.3234E-01
    2945   21.880160  2.3380E-01
    2946   21.883550  2.3561E-01
    2947   21.886940  2.3772E-01
    2948   21.890330  2.4010E-01
    2949   21.893720  2.4270E-01
    2950   21.897110  2.4549E-01
    2951   21.900500  2.4842E-01
    2952   21.903890  2.5144E-01
    2953   21.907280  2.5452E-01
    2954   21.910670  2.5761E-01
    2955   21.914060  2.6067E-01
    2956   21.917450  2.6365E-01
    2957   21.920840  2.6651E-01
    2958   21.924230  2.6921E-01
    2959   21.927620  2.7171E-01
    2960   21.931010  2.7398E-01
    2961   21.934400  2.7597E-01
    2962   21.937790  2.7766E-01
    2963   21.941180  2.7901E-01
    2964   21.944570  2.8001E-01
    2965   21.947960  2.8062E-01
    2966   21.951350  2.8082E-01
    2967   21.954740  2.8060E-01
    2968   21.958130  2.7995E-01
    2969   21.961520  2.7885E-01
    2970   21.964910  2.7730E-01
    2971   21.968300  2.7529E-01
    2972   21.971690  2.7283E-01
    2973   21.975080  2.6992E-01
    2974   21.978470  2.6657E-01
    2975   21.981860  2.6278E-01
    2976   21.985250  2.5859E-01
    2977   21.988640  2.5399E-01
    2978   21.992030  2.4901E-01
    2979   21.995420  2.4367E-01
    2980   21.998810  2.3800E-01
