       1   11.900000  2.8740E-01
       2   11.903390  5.7100E-01
       3   11.906780  5.8227E-01
       4   11.910170  5.9353E-01
       5   11.913560  6.0477E-01
       6   11.916950  6.1596E-01
       7   11.920340  6.2706E-01
       8   11.923730  6.3806E-01
       9   11.927120  6.4892E-01
      10   11.930510  6.5963E-01
      11   11.933900  6.7015E-01
      12   11.937290  6.8046E-01
      13   11.940680  6.9054E-01
      14   11.944070  7.0037E-01
      15   11.947460  7.0993E-01
      16   11.950850  7.1919E-01
      17   11.954240  7.2815E-01
      18   11.957630  7.3679E-01
      19   11.961020  7.4509E-01
      20   11.964410  7.5305E-01
      21   11.967800  7.6065E-01
      22   11.971190  7.6788E-01
      23   11.974580  7.7475E-01
      24   11.977970  7.8124E-01
      25   11.981360  7.8735E-01
      26   11.984750  7.9309E-01
      27   11.988140  7.9846E-01
      28   11.991530  8.0345E-01
      29   11.994920  8.0808E-01
      30   11.998310  8.1236E-01
      31   12.001700  8.1628E-01
      32   12.005090  8.1987E-01
      33   12.008480  8.2313E-01
      34   12.011870  8.2607E-01
      35   12.015260  8.2871E-01
      36   12.018650  8.3107E-01
      37   12.022040  8.3316E-01
      38   12.025430  8.3499E-01
      39   12.028820  8.3659E-01
      40   12.032210  8.3796E-01
      41   12.035600  8.3914E-01
      42   12.038990  8.4013E-01
      43   12.042380  8.4095E-01
      44   12.045770  8.4163E-01
      45   12.049160  8.4217E-01
      46   12.052550  8.4260E-01
      47   12.055940  8.4294E-01
      48   12.059330  8.4319E-01
      49   12.062720  8.4338E-01
      50   12.066110  8.4351E-01
      51   12.069500  8.4361E-01
      52   12.072890  8.4368E-01
      53   12.076280  8.4374E-01
      54   12.079670  8.4379E-01
      55   12.083060  8.4385E-01
      56   12.086450  8.4392E-01
      57   12.089840  8.4401E-01
      58   12.093230  8.4413E-01
      59   12.096620  8.4427E-01
      60   12.100010  8.4445E-01
      61   12.103400  8.4465E-01
      62   12.106790  8.4489E-01
      63   12.110180  8.4517E-01
      64   12.113570  8.4547E-01
      65   12.116960  8.4580E-01
      66   12.120350  8.4616E-01
      67   12.123740  8.4653E-01
      68   12.127130  8.4692E-01
      69   12.130520  8.4731E-01
      70   12.133910  8.4771E-01
      71   12.137300  8.4809E-01
      72   12.140690  8.4847E-01
      73   12.144080  8.4882E-01
      74   12.147470  8.4914E-01
      75   12.150860  8.4942E-01
      76   12.154250  8.4965E-01
      77   12.157640  8.4983E-01
      78   12.161030  8.4995E-01
      79   12.164420  8.4999E-01
      80   12.167810  8.4997E-01
      81   12.171200  8.4986E-01
      82   12.174590  8.4966E-01
      83   12.177980  8.4937E-01
      84   12.181370  8.4898E-01
      85   12.184760  8.4849E-01
      86   12.188150  8.4790E-01
      87   12.191540  8.4720E-01
      88   12.194930  8.4640E-01
      89   12.198320  8.4549E-01
      90   12.201710  8.4448E-01
      91   12.205100  8.4336E-01
      92   12.208490  8.4215E-01
      93   12.211880  8.4083E-01
      94   12.215270  8.3942E-01
      95   12.218660  8.3792E-01
      96   12.222050  8.3634E-01
      97   12.225440  8.3468E-01
      98   12.228830  8.3294E-01
      99   12.232220  8.3114E-01
     100   12.235610  8.2927E-01
     101   12.239000  8.2735E-01
     102   12.242390  8.2539E-01
     103   12.245780  8.2338E-01
     104   12.249170  8.2134E-01
     105   12.252560  8.1926E-01
     106   12.255950  8.1717E-01
     107   12.259340  8.1506E-01
     108   12.262730  8.1294E-01
     109   12.266120  8.1082E-01
     110   12.269510  8.0869E-01
     111   12.272900  8.0657E-01
     112   12.276290  8.0445E-01
     113   12.279680  8.0234E-01
     114   12.283070  8.0024E-01
     115   12.286460  7.9815E-01
     116   12.289850  7.9608E-01
     117   12.293240  7.9402E-01
     118   12.296630  7.9197E-01
     119   12.300020  7.8994E-01
     120   12.303410  7.8791E-01
     121   12.306800  7.8589E-01
     122   12.310190  7.8388E-01
     123   12.313580  7.8187E-01
     124   12.316970  7.7986E-01
     125   12.320360  7.7784E-01
     126   12.323750  7.7581E-01
     127   12.327140  7.7376E-01
     128   12.330530  7.7170E-01
     129   12.333920  7.6961E-01
     130   12.337310  7.6749E-01
     131   12.340700  7.6533E-01
     132   12.344090  7.6314E-01
     133   12.347480  7.6089E-01
     134   12.350870  7.5860E-01
     135   12.354260  7.5625E-01
     136   12.357650  7.5385E-01
     137   12.361040  7.5137E-01
     138   12.364430  7.4883E-01
     139   12.367820  7.4621E-01
     140   12.371210  7.4351E-01
     141   12.374600  7.4074E-01
     142   12.377990  7.3787E-01
     143   12.381380  7.3492E-01
     144   12.384770  7.3188E-01
     145   12.388160  7.2875E-01
     146   12.391550  7.2552E-01
     147   12.394940  7.2220E-01
     148   12.398330  7.1878E-01
     149   12.401720  7.1526E-01
     150   12.405110  7.1164E-01
     151   12.408500  7.0793E-01
     152   12.411890  7.0412E-01
     153   12.415280  7.0022E-01
     154   12.418670  6.9623E-01
     155   12.422060  6.9215E-01
     156   12.425450  6.8798E-01
     157   12.428840  6.8373E-01
     158   12.432230  6.7940E-01
     159   12.435620  6.7500E-01
     160   12.439010  6.7054E-01
     161   12.442400  6.6601E-01
     162   12.445790  6.6143E-01
     163   12.449180  6.5681E-01
     164   12.452570  6.5215E-01
     165   12.455960  6.4747E-01
     166   12.459350  6.4277E-01
     167   12.462740  6.3807E-01
     168   12.466130  6.3337E-01
     169   12.469520  6.2869E-01
     170   12.472910  6.2404E-01
     171   12.476300  6.1944E-01
     172   12.479690  6.1490E-01
     173   12.483080  6.1043E-01
     174   12.486470  6.0605E-01
     175   12.489860  6.0177E-01
     176   12.493250  5.9761E-01
     177   12.496640  5.9358E-01
     178   12.500030  5.8970E-01
     179   12.503420  5.8599E-01
     180   12.506810  5.8246E-01
     181   12.510200  5.7912E-01
     182   12.513590  5.7599E-01
     183   12.516980  5.7308E-01
     184   12.520370  5.7041E-01
     185   12.523760  5.6799E-01
     186   12.527150  5.6583E-01
     187   12.530540  5.6394E-01
     188   12.533930  5.6233E-01
     189   12.537320  5.6101E-01
     190   12.540710  5.5999E-01
     191   12.544100  5.5926E-01
     192   12.547490  5.5885E-01
     193   12.550880  5.5874E-01
     194   12.554270  5.5895E-01
     195   12.557660  5.5946E-01
     196   12.561050  5.6029E-01
     197   12.564440  5.6141E-01
     198   12.567830  5.6284E-01
     199   12.571220  5.6456E-01
     200   12.574610  5.6656E-01
     201   12.578000  5.6883E-01
     202   12.581390  5.7137E-01
     203   12.584780  5.7415E-01
     204   12.588170  5.7716E-01
     205   12.591560  5.8040E-01
     206   12.594950  5.8383E-01
     207   12.598340  5.8744E-01
     208   12.601730  5.9122E-01
     209   12.605120  5.9514E-01
     210   12.608510  5.9918E-01
     211   12.611900  6.0332E-01
     212   12.615290  6.0755E-01
     213   12.618680  6.1182E-01
     214   12.622070  6.1614E-01
     215   12.625460  6.2047E-01
     216   12.628850  6.2479E-01
     217   12.632240  6.2908E-01
     218   12.635630  6.3332E-01
     219   12.639020  6.3750E-01
     220   12.642410  6.4159E-01
     221   12.645800  6.4557E-01
     222   12.649190  6.4942E-01
     223   12.652580  6.5314E-01
     224   12.655970  6.5671E-01
     225   12.659360  6.6011E-01
     226   12.662750  6.6334E-01
     227   12.666140  6.6638E-01
     228   12.669530  6.6922E-01
     229   12.672920  6.7186E-01
     230   12.676310  6.7429E-01
     231   12.679700  6.7650E-01
     232   12.683090  6.7850E-01
     233   12.686480  6.8029E-01
     234   12.689870  6.8186E-01
     235   12.693260  6.8321E-01
     236   12.696650  6.8435E-01
     237   12.700040  6.8528E-01
     238   12.703430  6.8601E-01
     239   12.706820  6.8654E-01
     240   12.710210  6.8689E-01
     241   12.713600  6.8704E-01
     242   12.716990  6.8703E-01
     243   12.720380  6.8684E-01
     244   12.723770  6.8650E-01
     245   12.727160  6.8601E-01
     246   12.730550  6.8538E-01
     247   12.733940  6.8461E-01
     248   12.737330  6.8373E-01
     249   12.740720  6.8274E-01
     250   12.744110  6.8164E-01
     251   12.747500  6.8045E-01
     252   12.750890  6.7918E-01
     253   12.754280  6.7783E-01
     254   12.757670  6.7641E-01
     255   12.761060  6.7493E-01
     256   12.764450  6.7340E-01
     257   12.767840  6.7182E-01
     258   12.771230  6.7020E-01
     259   12.774620  6.6856E-01
     260   12.778010  6.6688E-01
     261   12.781400  6.6519E-01
     262   12.784790  6.6349E-01
     263   12.788180  6.6178E-01
     264   12.791570  6.6006E-01
     265   12.794960  6.5835E-01
     266   12.798350  6.5665E-01
     267   12.801740  6.5497E-01
     268   12.805130  6.5331E-01
     269   12.808520  6.5167E-01
     270   12.811910  6.5007E-01
     271   12.815300  6.4850E-01
     272   12.818690  6.4698E-01
     273   12.822080  6.4551E-01
     274   12.825470  6.4409E-01
     275   12.828860  6.4272E-01
     276   12.832250  6.4143E-01
     277   12.835640  6.4020E-01
     278   12.839030  6.3904E-01
     279   12.842420  6.3796E-01
     280   12.845810  6.3696E-01
     281   12.849200  6.3605E-01
     282   12.852590  6.3523E-01
     283   12.855980  6.3449E-01
     284   12.859370  6.3385E-01
     285   12.862760  6.3330E-01
     286   12.866150  6.3284E-01
     287   12.869540  6.3248E-01
     288   12.872930  6.3222E-01
     289   12.876320  6.3204E-01
     290   12.879710  6.3195E-01
     291   12.883100  6.3196E-01
     292   12.886490  6.3204E-01
     293   12.889880  6.3221E-01
     294   12.893270  6.3245E-01
     295   12.896660  6.3276E-01
     296   12.900050  6.3314E-01
     297   12.903440  6.3358E-01
     298   12.906830  6.3407E-01
     299   12.910220  6.3461E-01
     300   12.913610  6.3518E-01
     301   12.917000  6.3580E-01
     302   12.920390  6.3644E-01
     303   12.923780  6.3710E-01
     304   12.927170  6.3778E-01
     305   12.930560  6.3847E-01
     306   12.933950  6.3916E-01
     307   12.937340  6.3985E-01
     308   12.940730  6.4053E-01
     309   12.944120  6.4120E-01
     310   12.947510  6.4186E-01
     311   12.950900  6.4249E-01
     312   12.954290  6.4310E-01
     313   12.957680  6.4369E-01
     314   12.961070  6.4424E-01
     315   12.964460  6.4477E-01
     316   12.967850  6.4527E-01
     317   12.971240  6.4573E-01
     318   12.974630  6.4616E-01
     319   12.978020  6.4655E-01
     320   12.981410  6.4691E-01
     321   12.984800  6.4723E-01
     322   12.988190  6.4751E-01
     323   12.991580  6.4776E-01
     324   12.994970  6.4797E-01
     325   12.998360  6.4814E-01
     326   13.001750  6.4827E-01
     327   13.005140  6.4837E-01
     328   13.008530  6.4842E-01
     329   13.011920  6.4843E-01
     330   13.015310  6.4839E-01
     331   13.018700  6.4830E-01
     332   13.022090  6.4817E-01
     333   13.025480  6.4798E-01
     334   13.028870  6.4774E-01
     335   13.032260  6.4743E-01
     336   13.035650  6.4706E-01
     337   13.039040  6.4662E-01
     338   13.042430  6.4610E-01
     339   13.045820  6.4550E-01
     340   13.049210  6.4481E-01
     341   13.052600  6.4403E-01
     342   13.055990  6.4314E-01
     343   13.059380  6.4215E-01
     344   13.062770  6.4105E-01
     345   13.066160  6.3983E-01
     346   13.069550  6.3848E-01
     347   13.072940  6.3700E-01
     348   13.076330  6.3537E-01
     349   13.079720  6.3361E-01
     350   13.083110  6.3168E-01
     351   13.086500  6.2960E-01
     352   13.089890  6.2736E-01
     353   13.093280  6.2494E-01
     354   13.096670  6.2235E-01
     355   13.100060  6.1959E-01
     356   13.103450  6.1664E-01
     357   13.106840  6.1350E-01
     358   13.110230  6.1018E-01
     359   13.113620  6.0666E-01
     360   13.117010  6.0295E-01
     361   13.120400  5.9905E-01
     362   13.123790  5.9495E-01
     363   13.127180  5.9066E-01
     364   13.130570  5.8618E-01
     365   13.133960  5.8151E-01
     366   13.137350  5.7665E-01
     367   13.140740  5.7160E-01
     368   13.144130  5.6637E-01
     369   13.147520  5.6097E-01
     370   13.150910  5.5540E-01
     371   13.154300  5.4966E-01
     372   13.157690  5.4376E-01
     373   13.161080  5.3772E-01
     374   13.164470  5.3153E-01
     375   13.167860  5.2521E-01
     376   13.171250  5.1877E-01
     377   13.174640  5.1221E-01
     378   13.178030  5.0555E-01
     379   13.181420  4.9880E-01
     380   13.184810  4.9198E-01
     381   13.188200  4.8508E-01
     382   13.191590  4.7813E-01
     383   13.194980  4.7114E-01
     384   13.198370  4.6412E-01
     385   13.201760  4.5708E-01
     386   13.205150  4.5005E-01
     387   13.208540  4.4302E-01
     388   13.211930  4.3601E-01
     389   13.215320  4.2904E-01
     390   13.218710  4.2212E-01
     391   13.222100  4.1526E-01
     392   13.225490  4.0846E-01
     393   13.228880  4.0176E-01
     394   13.232270  3.9514E-01
     395   13.235660  3.8863E-01
     396   13.239050  3.8223E-01
     397   13.242440  3.7595E-01
     398   13.245830  3.6979E-01
     399   13.249220  3.6377E-01
     400   13.252610  3.5789E-01
     401   13.256000  3.5215E-01
     402   13.259390  3.4655E-01
     403   13.262780  3.4110E-01
     404   13.266170  3.3580E-01
     405   13.269560  3.3065E-01
     406   13.272950  3.2564E-01
     407   13.276340  3.2078E-01
     408   13.279730  3.1606E-01
     409   13.283120  3.1148E-01
     410   13.286510  3.0703E-01
     411   13.289900  3.0271E-01
     412   13.293290  2.9851E-01
     413   13.296680  2.9442E-01
     414   13.300070  2.9044E-01
     415   13.303460  2.8655E-01
     416   13.306850  2.8276E-01
     417   13.310240  2.7904E-01
     418   13.313630  2.7539E-01
     419   13.317020  2.7180E-01
     420   13.320410  2.6827E-01
     421   13.323800  2.6478E-01
     422   13.327190  2.6131E-01
     423   13.330580  2.5788E-01
     424   13.333970  2.5446E-01
     425   13.337360  2.5104E-01
     426   13.340750  2.4763E-01
     427   13.344140  2.4421E-01
     428   13.347530  2.4077E-01
     429   13.350920  2.3731E-01
     430   13.354310  2.3383E-01
     431   13.357700  2.3032E-01
     432   13.361090  2.2678E-01
     433   13.364480  2.2320E-01
     434   13.367870  2.1958E-01
     435   13.371260  2.1592E-01
     436   13.374650  2.1223E-01
     437   13.378040  2.0849E-01
     438   13.381430  2.0472E-01
     439   13.384820  2.0091E-01
     440   13.388210  1.9707E-01
     441   13.391600  1.9320E-01
     442   13.394990  1.8931E-01
     443   13.398380  1.8539E-01
     444   13.401770  1.8146E-01
     445   13.405160  1.7753E-01
     446   13.408550  1.7358E-01
     447   13.411940  1.6965E-01
     448   13.415330  1.6572E-01
     449   13.418720  1.6181E-01
     450   13.422110  1.5792E-01
     451   13.425500  1.5407E-01
     452   13.428890  1.5026E-01
     453   13.432280  1.4649E-01
     454   13.435670  1.4278E-01
     455   13.439060  1.3913E-01
     456   13.442450  1.3555E-01
     457   13.445840  1.3205E-01
     458   13.449230  1.2862E-01
     459   13.452620  1.2529E-01
     460   13.456010  1.2204E-01
     461   13.459400  1.1890E-01
     462   13.462790  1.1586E-01
     463   13.466180  1.1292E-01
     464   13.469570  1.1010E-01
     465   13.472960  1.0739E-01
     466   13.476350  1.0479E-01
     467   13.479740  1.0232E-01
     468   13.483130  9.9958E-02
     469   13.486520  9.7719E-02
     470   13.489910  9.5598E-02
     471   13.493300  9.3595E-02
     472   13.496690  9.1710E-02
     473   13.500080  8.9939E-02
     474   13.503470  8.8281E-02
     475   13.506860  8.6733E-02
     476   13.510250  8.5292E-02
     477   13.513640  8.3953E-02
     478   13.517030  8.2712E-02
     479   13.520420  8.1565E-02
     480   13.523810  8.0507E-02
     481   13.527200  7.9533E-02
     482   13.530590  7.8637E-02
     483   13.533980  7.7814E-02
     484   13.537370  7.7058E-02
     485   13.540760  7.6364E-02
     486   13.544150  7.5725E-02
     487   13.547540  7.5136E-02
     488   13.550930  7.4592E-02
     489   13.554320  7.4086E-02
     490   13.557710  7.3613E-02
     491   13.561100  7.3169E-02
     492   13.564490  7.2747E-02
     493   13.567880  7.2345E-02
     494   13.571270  7.1956E-02
     495   13.574660  7.1578E-02
     496   13.578050  7.1206E-02
     497   13.581440  7.0837E-02
     498   13.584830  7.0469E-02
     499   13.588220  7.0098E-02
     500   13.591610  6.9724E-02
     501   13.595000  6.9344E-02
     502   13.598390  6.8958E-02
     503   13.601780  6.8564E-02
     504   13.605170  6.8162E-02
     505   13.608560  6.7753E-02
     506   13.611950  6.7336E-02
     507   13.615340  6.6913E-02
     508   13.618730  6.6485E-02
     509   13.622120  6.6054E-02
     510   13.625510  6.5621E-02
     511   13.628900  6.5188E-02
     512   13.632290  6.4758E-02
     513   13.635680  6.4333E-02
     514   13.639070  6.3915E-02
     515   13.642460  6.3508E-02
     516   13.645850  6.3113E-02
     517   13.649240  6.2734E-02
     518   13.652630  6.2373E-02
     519   13.656020  6.2033E-02
     520   13.659410  6.1716E-02
     521   13.662800  6.1424E-02
     522   13.666190  6.1160E-02
     523   13.669580  6.0924E-02
     524   13.672970  6.0719E-02
     525   13.676360  6.0546E-02
     526   13.679750  6.0406E-02
     527   13.683140  6.0298E-02
     528   13.686530  6.0223E-02
     529   13.689920  6.0181E-02
     530   13.693310  6.0171E-02
     531   13.696700  6.0191E-02
     532   13.700090  6.0241E-02
     533   13.703480  6.0317E-02
     534   13.706870  6.0418E-02
     535   13.710260  6.0542E-02
     536   13.713650  6.0683E-02
     537   13.717040  6.0841E-02
     538   13.720430  6.1009E-02
     539   13.723820  6.1186E-02
     540   13.727210  6.1365E-02
     541   13.730600  6.1543E-02
     542   13.733990  6.1715E-02
     543   13.737380  6.1877E-02
     544   13.740770  6.2023E-02
     545   13.744160  6.2148E-02
     546   13.747550  6.2249E-02
     547   13.750940  6.2321E-02
     548   13.754330  6.2358E-02
     549   13.757720  6.2356E-02
     550   13.761110  6.2313E-02
     551   13.764500  6.2223E-02
     552   13.767890  6.2083E-02
     553   13.771280  6.1890E-02
     554   13.774670  6.1641E-02
     555   13.778060  6.1335E-02
     556   13.781450  6.0968E-02
     557   13.784840  6.0540E-02
     558   13.788230  6.0050E-02
     559   13.791620  5.9497E-02
     560   13.795010  5.8881E-02
     561   13.798400  5.8202E-02
     562   13.801790  5.7463E-02
     563   13.805180  5.6663E-02
     564   13.808570  5.5805E-02
     565   13.811960  5.4892E-02
     566   13.815350  5.3925E-02
     567   13.818740  5.2909E-02
     568   13.822130  5.1846E-02
     569   13.825520  5.0741E-02
     570   13.828910  4.9596E-02
     571   13.832300  4.8417E-02
     572   13.835690  4.7209E-02
     573   13.839080  4.5974E-02
     574   13.842470  4.4719E-02
     575   13.845860  4.3448E-02
     576   13.849250  4.2166E-02
     577   13.852640  4.0877E-02
     578   13.856030  3.9586E-02
     579   13.859420  3.8298E-02
     580   13.862810  3.7017E-02
     581   13.866200  3.5748E-02
     582   13.869590  3.4493E-02
     583   13.872980  3.3258E-02
     584   13.876370  3.2045E-02
     585   13.879760  3.0858E-02
     586   13.883150  2.9700E-02
     587   13.886540  2.8572E-02
     588   13.889930  2.7479E-02
     589   13.893320  2.6420E-02
     590   13.896710  2.5399E-02
     591   13.900100  2.4415E-02
     592   13.903490  2.3471E-02
     593   13.906880  2.2567E-02
     594   13.910270  2.1702E-02
     595   13.913660  2.0877E-02
     596   13.917050  2.0092E-02
     597   13.920440  1.9346E-02
     598   13.923830  1.8638E-02
     599   13.927220  1.7967E-02
     600   13.930610  1.7332E-02
     601   13.934000  1.6731E-02
     602   13.937390  1.6163E-02
     603   13.940780  1.5626E-02
     604   13.944170  1.5119E-02
     605   13.947560  1.4639E-02
     606   13.950950  1.4185E-02
     607   13.954340  1.3754E-02
     608   13.957730  1.3345E-02
     609   13.961120  1.2956E-02
     610   13.964510  1.2585E-02
     611   13.967900  1.2230E-02
     612   13.971290  1.1890E-02
     613   13.974680  1.1562E-02
     614   13.978070  1.1245E-02
     615   13.981460  1.0938E-02
     616   13.984850  1.0639E-02
     617   13.988240  1.0348E-02
     618   13.991630  1.0062E-02
     619   13.995020  9.7807E-03
     620   13.998410  9.5038E-03
     621   14.001800  9.2303E-03
     622   14.005190  8.9594E-03
     623   14.008580  8.6908E-03
     624   14.011970  8.4239E-03
     625   14.015360  8.1586E-03
     626   14.018750  7.8947E-03
     627   14.022140  7.6320E-03
     628   14.025530  7.3706E-03
     629   14.028920  7.1105E-03
     630   14.032310  6.8518E-03
     631   14.035700  6.5949E-03
     632   14.039090  6.3399E-03
     633   14.042480  6.0871E-03
     634   14.045870  5.8368E-03
     635   14.049260  5.5894E-03
     636   14.052650  5.3452E-03
     637   14.056040  5.1047E-03
     638   14.059430  4.8681E-03
     639   14.062820  4.6358E-03
     640   14.066210  4.4083E-03
     641   14.069600  4.1858E-03
     642   14.072990  3.9686E-03
     643   14.076380  3.7571E-03
     644   14.079770  3.5516E-03
     645   14.083160  3.3522E-03
     646   14.086550  3.1592E-03
     647   14.089940  2.9728E-03
     648   14.093330  2.7931E-03
     649   14.096720  2.6202E-03
     650   14.100110  2.4543E-03
     651   14.103500  2.2953E-03
     652   14.106890  2.1433E-03
     653   14.110280  1.9982E-03
     654   14.113670  1.8601E-03
     655   14.117060  1.7289E-03
     656   14.120450  1.6044E-03
     657   14.123840  1.4866E-03
     658   14.127230  1.3753E-03
     659   14.130620  1.2704E-03
     660   14.134010  1.1716E-03
     661   14.137400  1.0789E-03
     662   14.140790  9.9199E-04
     663   14.144180  9.1067E-04
     664   14.147570  8.3473E-04
     665   14.150960  7.6395E-04
     666   14.154350  6.9809E-04
     667   14.157740  6.3694E-04
     668   14.161130  5.8026E-04
     669   14.164520  5.2781E-04
     670   14.167910  4.7938E-04
     671   14.171300  4.3473E-04
     672   14.174690  3.9363E-04
     673   14.178080  3.5589E-04
     674   14.181470  3.2127E-04
     675   14.184860  2.8959E-04
     676   14.188250  2.6064E-04
     677   14.191640  2.3422E-04
     678   14.195030  2.1017E-04
     679   14.198420  1.8831E-04
     680   14.201810  1.6847E-04
     681   14.205200  1.5049E-04
     682   14.208590  1.3424E-04
     683   14.211980  1.1956E-04
     684   14.215370  1.0633E-04
     685   14.218760  9.4421E-05
     686   14.222150  8.3724E-05
     687   14.225540  7.4130E-05
     688   14.228930  6.5539E-05
     689   14.232320  5.7859E-05
     690   14.235710  5.1004E-05
     691   14.239100  4.4896E-05
     692   14.242490  3.9463E-05
     693   14.245880  3.4636E-05
     694   14.249270  3.0357E-05
     695   14.252660  2.6568E-05
     696   14.256050  2.3218E-05
     697   14.259440  2.0262E-05
     698   14.262830  1.7657E-05
     699   14.266220  1.5365E-05
     700   14.269610  1.3352E-05
     701   14.273000  1.1586E-05
     702   14.276390  1.0040E-05
     703   14.279780  8.6879E-06
     704   14.283170  7.5075E-06
     705   14.286560  6.4784E-06
     706   14.289950  5.5827E-06
     707   14.293340  4.8043E-06
     708   14.296730  4.1287E-06
     709   14.300120  3.5433E-06
     710   14.303510  3.0368E-06
     711   14.306900  2.5992E-06
     712   14.310290  2.2216E-06
     713   14.313680  1.8963E-06
     714   14.317070  1.6165E-06
     715   14.320460  1.3762E-06
     716   14.323850  1.1700E-06
     717   14.327240  9.9343E-07
     718   14.330630  8.4237E-07
     719   14.334020  7.1335E-07
     720   14.337410  6.0330E-07
     721   14.340800  5.0955E-07
     722   14.344190  4.2982E-07
     723   14.347580  3.6208E-07
     724   14.350970  3.0463E-07
     725   14.354360  2.5596E-07
     726   14.357750  2.1478E-07
     727   14.361140  1.8000E-07
     728   14.364530  1.5065E-07
     729   14.367920  1.2592E-07
     730   14.371310  1.0512E-07
     731   14.374700  8.7637E-08
     732   14.378090  7.2967E-08
     733   14.381480  6.0673E-08
     734   14.384870  5.0385E-08
     735   14.388260  4.1785E-08
     736   14.391650  3.4608E-08
     737   14.395040  2.8625E-08
     738   14.398430  2.3645E-08
     739   14.401820  1.9505E-08
     740   14.405210  1.6069E-08
     741   14.408600  1.3219E-08
     742   14.411990  1.0861E-08
     743   14.415380  8.9103E-09
     744   14.418770  7.3001E-09
     745   14.422160  5.9726E-09
     746   14.425550  4.8796E-09
     747   14.428940  3.9809E-09
     748   14.432330  3.2431E-09
     749   14.435720  2.6382E-09
     750   14.439110  2.1431E-09
     751   14.442500  1.7383E-09
     752   14.445890  1.4078E-09
     753   14.449280  1.1385E-09
     754   14.452670  9.1930E-10
     755   14.456060  7.4118E-10
     756   14.459450  5.9665E-10
     757   14.462840  4.7956E-10
     758   14.466230  3.8485E-10
     759   14.469620  3.0835E-10
     760   14.473010  2.4666E-10
     761   14.476400  1.9698E-10
     762   14.479790  1.5705E-10
     763   14.483180  1.2501E-10
     764   14.486570  9.9355E-11
     765   14.489960  7.8831E-11
     766   14.493350  6.2441E-11
     767   14.496740  4.9375E-11
     768   14.500130  3.8976E-11
     769   14.503520  3.0713E-11
     770   14.506910  2.4154E-11
     771   14.510300  1.8960E-11
     772   14.513690  1.4861E-11
     773   14.517080  1.1629E-11
     774   14.520470  9.0842E-12
     775   14.523860  7.0834E-12
     776   14.527250  5.5132E-12
     777   14.530640  4.2832E-12
     778   14.534030  3.3214E-12
     779   14.537420  2.5697E-12
     780   14.540810  1.9802E-12
     781   14.544200  1.5228E-12
     782   14.547590  1.1718E-12
     783   14.550980  9.0057E-13
     784   14.554370  6.9079E-13
     785   14.557760  5.2835E-13
     786   14.561150  4.0330E-13
     787   14.564540  3.0758E-13
     788   14.567930  2.3404E-13
     789   14.571320  1.7770E-13
     790   14.574710  1.3381E-13
     791   14.578100  1.0052E-13
     792   14.581490  7.5963E-14
     793   14.584880  5.7290E-14
     794   14.588270  4.2995E-14
     795   14.591660  3.2177E-14
     796   14.595050  2.4112E-14
     797   14.598440  1.8041E-14
     798   14.601830  1.3314E-14
     799   14.605220  9.7788E-15
     800   14.608610  7.2293E-15
     801   14.612000  5.3390E-15
     802   14.615390  3.9588E-15
     803   14.618780  2.9291E-15
     804   14.622170  2.1303E-15
     805   14.625560  1.5428E-15
     806   14.628950  1.1352E-15
     807   14.632340  8.3344E-16
     808   14.635730  5.8789E-16
     809   14.639120  4.1089E-16
     810   14.642510  3.0023E-16
     811   14.645900  2.1889E-16
     812   14.649290  1.5923E-16
     813   14.652680  1.1558E-16
     814   14.656070  8.3705E-17
     815   14.659460  6.0487E-17
     816   14.662850  4.3613E-17
     817   14.666240  3.1377E-17
     818   14.669630  1.2196E-17
     819   14.673020  0.0000E+00
     820   14.676410  0.0000E+00
     821   14.679800  0.0000E+00
     822   14.683190  0.0000E+00
     823   14.686580  0.0000E+00
     824   14.689970  0.0000E+00
     825   14.693360  0.0000E+00
     826   14.696750  0.0000E+00
     827   14.700140  0.0000E+00
     828   14.703530  0.0000E+00
     829   14.706920  0.0000E+00
     830   14.710310  0.0000E+00
     831   14.713700  0.0000E+00
     832   14.717090  0.0000E+00
     833   14.720480  0.0000E+00
     834   14.723870  0.0000E+00
     835   14.727260  0.0000E+00
     836   14.730650  0.0000E+00
     837   14.734040  0.0000E+00
     838   14.737430  0.0000E+00
     839   14.740820  0.0000E+00
     840   14.744210  0.0000E+00
     841   14.747600  0.0000E+00
     842   14.750990  0.0000E+00
     843   14.754380  0.0000E+00
     844   14.757770  0.0000E+00
     845   14.761160  0.0000E+00
     846   14.764550  0.0000E+00
     847   14.767940  0.0000E+00
     848   14.771330  0.0000E+00
     849   14.774720  0.0000E+00
     850   14.778110  0.0000E+00
     851   14.781500  0.0000E+00
     852   14.784890  0.0000E+00
     853   14.788280  0.0000E+00
     854   14.791670  0.0000E+00
     855   14.795060  0.0000E+00
     856   14.798450  0.0000E+00
     857   14.801840  0.0000E+00
     858   14.805230  0.0000E+00
     859   14.808620  0.0000E+00
     860   14.812010  0.0000E+00
     861   14.815400  0.0000E+00
     862   14.818790  0.0000E+00
     863   14.822180  0.0000E+00
     864   14.825570  0.0000E+00
     865   14.828960  0.0000E+00
     866   14.832350  0.0000E+00
     867   14.835740  0.0000E+00
     868   14.839130  0.0000E+00
     869   14.842520  0.0000E+00
     870   14.845910  0.0000E+00
     871   14.849300  0.0000E+00
     872   14.852690  0.0000E+00
     873   14.856080  0.0000E+00
     874   14.859470  0.0000E+00
     875   14.862860  0.0000E+00
     876   14.866250  0.0000E+00
     877   14.869640  0.0000E+00
     878   14.873030  0.0000E+00
     879   14.876420  0.0000E+00
     880   14.879810  0.0000E+00
     881   14.883200  0.0000E+00
     882   14.886590  0.0000E+00
     883   14.889980  0.0000E+00
     884   14.893370  0.0000E+00
     885   14.896760  0.0000E+00
     886   14.900150  0.0000E+00
     887   14.903540  0.0000E+00
     888   14.906930  0.0000E+00
     889   14.910320  0.0000E+00
     890   14.913710  0.0000E+00
     891   14.917100  0.0000E+00
     892   14.920490  0.0000E+00
     893   14.923880  0.0000E+00
     894   14.927270  0.0000E+00
     895   14.930660  0.0000E+00
     896   14.934050  0.0000E+00
     897   14.937440  0.0000E+00
     898   14.940830  0.0000E+00
     899   14.944220  0.0000E+00
     900   14.947610  0.0000E+00
     901   14.951000  0.0000E+00
     902   14.954390  0.0000E+00
     903   14.957780  0.0000E+00
     904   14.961170  0.0000E+00
     905   14.964560  0.0000E+00
     906   14.967950  0.0000E+00
     907   14.971340  0.0000E+00
     908   14.974730  0.0000E+00
     909   14.978120  0.0000E+00
     910   14.981510  0.0000E+00
     911   14.984900  0.0000E+00
     912   14.988290  0.0000E+00
     913   14.991680  0.0000E+00
     914   14.995070  0.0000E+00
     915   14.998460  0.0000E+00
     916   15.001850  0.0000E+00
     917   15.005240  0.0000E+00
     918   15.008630  0.0000E+00
     919   15.012020  0.0000E+00
     920   15.015410  0.0000E+00
     921   15.018800  0.0000E+00
     922   15.022190  0.0000E+00
     923   15.025580  0.0000E+00
     924   15.028970  0.0000E+00
     925   15.032360  0.0000E+00
     926   15.035750  0.0000E+00
     927   15.039140  0.0000E+00
     928   15.042530  0.0000E+00
     929   15.045920  0.0000E+00
     930   15.049310  0.0000E+00
     931   15.052700  0.0000E+00
     932   15.056090  0.0000E+00
     933   15.059480  0.0000E+00
     934   15.062870  0.0000E+00
     935   15.066260  0.0000E+00
     936   15.069650  0.0000E+00
     937   15.073040  0.0000E+00
     938   15.076430  0.0000E+00
     939   15.079820  0.0000E+00
     940   15.083210  0.0000E+00
     941   15.086600  0.0000E+00
     942   15.089990  0.0000E+00
     943   15.093380  0.0000E+00
     944   15.096770  0.0000E+00
     945   15.100160  0.0000E+00
     946   15.103550  0.0000E+00
     947   15.106940  0.0000E+00
     948   15.110330  0.0000E+00
     949   15.113720  0.0000E+00
     950   15.117110  0.0000E+00
     951   15.120500  0.0000E+00
     952   15.123890  0.0000E+00
     953   15.127280  0.0000E+00
     954   15.130670  0.0000E+00
     955   15.134060  0.0000E+00
     956   15.137450  0.0000E+00
     957   15.140840  0.0000E+00
     958   15.144230  0.0000E+00
     959   15.147620  0.0000E+00
     960   15.151010  0.0000E+00
     961   15.154400  0.0000E+00
     962   15.157790  0.0000E+00
     963   15.161180  0.0000E+00
     964   15.164570  0.0000E+00
     965   15.167960  0.0000E+00
     966   15.171350  0.0000E+00
     967   15.174740  0.0000E+00
     968   15.178130  0.0000E+00
     969   15.181520  0.0000E+00
     970   15.184910  0.0000E+00
     971   15.188300  0.0000E+00
     972   15.191690  0.0000E+00
     973   15.195080  0.0000E+00
     974   15.198470  0.0000E+00
     975   15.201860  0.0000E+00
     976   15.205250  0.0000E+00
     977   15.208640  0.0000E+00
     978   15.212030  0.0000E+00
     979   15.215420  0.0000E+00
     980   15.218810  0.0000E+00
     981   15.222200  0.0000E+00
     982   15.225590  0.0000E+00
     983   15.228980  0.0000E+00
     984   15.232370  0.0000E+00
     985   15.235760  0.0000E+00
     986   15.239150  0.0000E+00
     987   15.242540  0.0000E+00
     988   15.245930  0.0000E+00
     989   15.249320  0.0000E+00
     990   15.252710  0.0000E+00
     991   15.256100  0.0000E+00
     992   15.259490  0.0000E+00
     993   15.262880  0.0000E+00
     994   15.266270  0.0000E+00
     995   15.269660  0.0000E+00
     996   15.273050  0.0000E+00
     997   15.276440  0.0000E+00
     998   15.279830  0.0000E+00
     999   15.283220  0.0000E+00
    1000   15.286610  0.0000E+00
    1001   15.290000  0.0000E+00
    1002   15.293390  0.0000E+00
    1003   15.296780  0.0000E+00
    1004   15.300170  0.0000E+00
    1005   15.303560  0.0000E+00
    1006   15.306950  0.0000E+00
    1007   15.310340  0.0000E+00
    1008   15.313730  0.0000E+00
    1009   15.317120  0.0000E+00
    1010   15.320510  0.0000E+00
    1011   15.323900  0.0000E+00
    1012   15.327290  0.0000E+00
    1013   15.330680  0.0000E+00
    1014   15.334070  0.0000E+00
    1015   15.337460  0.0000E+00
    1016   15.340850  0.0000E+00
    1017   15.344240  0.0000E+00
    1018   15.347630  0.0000E+00
    1019   15.351020  0.0000E+00
    1020   15.354410  0.0000E+00
    1021   15.357800  0.0000E+00
    1022   15.361190  0.0000E+00
    1023   15.364580  0.0000E+00
    1024   15.367970  0.0000E+00
    1025   15.371360  0.0000E+00
    1026   15.374750  0.0000E+00
    1027   15.378140  0.0000E+00
    1028   15.381530  0.0000E+00
    1029   15.384920  0.0000E+00
    1030   15.388310  0.0000E+00
    1031   15.391700  0.0000E+00
    1032   15.395090  0.0000E+00
    1033   15.398480  8.1302E-18
    1034   15.401870  2.0916E-17
    1035   15.405260  2.9074E-17
    1036   15.408650  4.0322E-17
    1037   15.412040  5.5799E-17
    1038   15.415430  7.7046E-17
    1039   15.418820  1.0615E-16
    1040   15.422210  2.2530E-16
    1041   15.425600  4.2788E-16
    1042   15.428990  6.1828E-16
    1043   15.432380  8.5183E-16
    1044   15.435770  1.1711E-15
    1045   15.439160  1.6065E-15
    1046   15.442550  2.1991E-15
    1047   15.445940  3.0038E-15
    1048   15.449330  4.0941E-15
    1049   15.452720  5.5682E-15
    1050   15.456110  7.5567E-15
    1051   15.459500  1.0233E-14
    1052   15.462890  1.3841E-14
    1053   15.466280  1.8678E-14
    1054   15.469670  2.5132E-14
    1055   15.473060  3.3743E-14
    1056   15.476450  4.5208E-14
    1057   15.479840  6.0437E-14
    1058   15.483230  8.0622E-14
    1059   15.486620  1.0732E-13
    1060   15.490010  1.4255E-13
    1061   15.493400  1.8893E-13
    1062   15.496790  2.4987E-13
    1063   15.500180  3.2977E-13
    1064   15.503570  4.3431E-13
    1065   15.506960  5.7074E-13
    1066   15.510350  7.4835E-13
    1067   15.513740  9.7913E-13
    1068   15.517130  1.2783E-12
    1069   15.520520  1.6653E-12
    1070   15.523910  2.1649E-12
    1071   15.527300  2.8082E-12
    1072   15.530690  3.6351E-12
    1073   15.534080  4.6991E-12
    1074   15.537470  6.0667E-12
    1075   15.540860  7.8155E-12
    1076   15.544250  1.0040E-11
    1077   15.547640  1.2864E-11
    1078   15.551030  1.6445E-11
    1079   15.554420  2.0978E-11
    1080   15.557810  2.6705E-11
    1081   15.561200  3.3923E-11
    1082   15.564590  4.3001E-11
    1083   15.567980  5.4395E-11
    1084   15.571370  6.8672E-11
    1085   15.574760  8.6522E-11
    1086   15.578150  1.0879E-10
    1087   15.581540  1.3649E-10
    1088   15.584930  1.7088E-10
    1089   15.588320  2.1350E-10
    1090   15.591710  2.6619E-10
    1091   15.595100  3.3121E-10
    1092   15.598490  4.1127E-10
    1093   15.601880  5.0965E-10
    1094   15.605270  6.3030E-10
    1095   15.608660  7.7795E-10
    1096   15.612050  9.5828E-10
    1097   15.615440  1.1781E-09
    1098   15.618830  1.4454E-09
    1099   15.622220  1.7701E-09
    1100   15.625610  2.1634E-09
    1101   15.629000  2.6390E-09
    1102   15.632390  3.2132E-09
    1103   15.635780  3.9050E-09
    1104   15.639170  4.7369E-09
    1105   15.642560  5.7355E-09
    1106   15.645950  6.9321E-09
    1107   15.649340  8.3635E-09
    1108   15.652730  1.0073E-08
    1109   15.656120  1.2111E-08
    1110   15.659510  1.4536E-08
    1111   15.662900  1.7418E-08
    1112   15.666290  2.0838E-08
    1113   15.669680  2.4889E-08
    1114   15.673070  2.9683E-08
    1115   15.676460  3.5346E-08
    1116   15.679850  4.2027E-08
    1117   15.683240  4.9901E-08
    1118   15.686630  5.9168E-08
    1119   15.690020  7.0061E-08
    1120   15.693410  8.2854E-08
    1121   15.696800  9.7861E-08
    1122   15.700190  1.1545E-07
    1123   15.703580  1.3604E-07
    1124   15.706970  1.6013E-07
    1125   15.710360  1.8830E-07
    1126   15.713750  2.2119E-07
    1127   15.717140  2.5959E-07
    1128   15.720530  3.0439E-07
    1129   15.723920  3.5661E-07
    1130   15.727310  4.1746E-07
    1131   15.730700  4.8833E-07
    1132   15.734090  5.7083E-07
    1133   15.737480  6.6682E-07
    1134   15.740870  7.7845E-07
    1135   15.744260  9.0822E-07
    1136   15.747650  1.0590E-06
    1137   15.751040  1.2342E-06
    1138   15.754430  1.4375E-06
    1139   15.757820  1.6735E-06
    1140   15.761210  1.9472E-06
    1141   15.764600  2.2646E-06
    1142   15.767990  2.6323E-06
    1143   15.771380  3.0581E-06
    1144   15.774770  3.5510E-06
    1145   15.778160  4.1211E-06
    1146   15.781550  4.7799E-06
    1147   15.784940  5.5408E-06
    1148   15.788330  6.4188E-06
    1149   15.791720  7.4310E-06
    1150   15.795110  8.5969E-06
    1151   15.798500  9.9385E-06
    1152   15.801890  1.1480E-05
    1153   15.805280  1.3251E-05
    1154   15.808670  1.5281E-05
    1155   15.812060  1.7606E-05
    1156   15.815450  2.0266E-05
    1157   15.818840  2.3304E-05
    1158   15.822230  2.6769E-05
    1159   15.825620  3.0715E-05
    1160   15.829010  3.5203E-05
    1161   15.832400  4.0298E-05
    1162   15.835790  4.6074E-05
    1163   15.839180  5.2610E-05
    1164   15.842570  5.9993E-05
    1165   15.845960  6.8318E-05
    1166   15.849350  7.7690E-05
    1167   15.852740  8.8219E-05
    1168   15.856130  1.0003E-04
    1169   15.859520  1.1324E-04
    1170   15.862910  1.2801E-04
    1171   15.866300  1.4447E-04
    1172   15.869690  1.6278E-04
    1173   15.873080  1.8311E-04
    1174   15.876470  2.0565E-04
    1175   15.879860  2.3056E-04
    1176   15.883250  2.5805E-04
    1177   15.886640  2.8832E-04
    1178   15.890030  3.2157E-04
    1179   15.893420  3.5802E-04
    1180   15.896810  3.9789E-04
    1181   15.900200  4.4140E-04
    1182   15.903590  4.8878E-04
    1183   15.906980  5.4025E-04
    1184   15.910370  5.9604E-04
    1185   15.913760  6.5637E-04
    1186   15.917150  7.2145E-04
    1187   15.920540  7.9150E-04
    1188   15.923930  8.6670E-04
    1189   15.927320  9.4726E-04
    1190   15.930710  1.0333E-03
    1191   15.934100  1.1251E-03
    1192   15.937490  1.2226E-03
    1193   15.940880  1.3260E-03
    1194   15.944270  1.4354E-03
    1195   15.947660  1.5509E-03
    1196   15.951050  1.6723E-03
    1197   15.954440  1.7998E-03
    1198   15.957830  1.9333E-03
    1199   15.961220  2.0726E-03
    1200   15.964610  2.2176E-03
    1201   15.968000  2.3682E-03
    1202   15.971390  2.5240E-03
    1203   15.974780  2.6848E-03
    1204   15.978170  2.8503E-03
    1205   15.981560  3.0200E-03
    1206   15.984950  3.1937E-03
    1207   15.988340  3.3707E-03
    1208   15.991730  3.5505E-03
    1209   15.995120  3.7327E-03
    1210   15.998510  3.9165E-03
    1211   16.001900  4.1013E-03
    1212   16.005290  4.2864E-03
    1213   16.008680  4.4712E-03
    1214   16.012070  4.6548E-03
    1215   16.015460  4.8365E-03
    1216   16.018850  5.0155E-03
    1217   16.022240  5.1910E-03
    1218   16.025630  5.3622E-03
    1219   16.029020  5.5282E-03
    1220   16.032410  5.6884E-03
    1221   16.035800  5.8418E-03
    1222   16.039190  5.9878E-03
    1223   16.042580  6.1256E-03
    1224   16.045970  6.2545E-03
    1225   16.049360  6.3739E-03
    1226   16.052750  6.4831E-03
    1227   16.056140  6.5816E-03
    1228   16.059530  6.6688E-03
    1229   16.062920  6.7444E-03
    1230   16.066310  6.8080E-03
    1231   16.069700  6.8593E-03
    1232   16.073090  6.8981E-03
    1233   16.076480  6.9243E-03
    1234   16.079870  6.9378E-03
    1235   16.083260  6.9387E-03
    1236   16.086650  6.9270E-03
    1237   16.090040  6.9030E-03
    1238   16.093430  6.8671E-03
    1239   16.096820  6.8195E-03
    1240   16.100210  6.7607E-03
    1241   16.103600  6.6913E-03
    1242   16.106990  6.6118E-03
    1243   16.110380  6.5230E-03
    1244   16.113770  6.4256E-03
    1245   16.117160  6.3205E-03
    1246   16.120550  6.2084E-03
    1247   16.123940  6.0903E-03
    1248   16.127330  5.9672E-03
    1249   16.130720  5.8401E-03
    1250   16.134110  5.7100E-03
    1251   16.137500  5.5780E-03
    1252   16.140890  5.4451E-03
    1253   16.144280  5.3125E-03
    1254   16.147670  5.1813E-03
    1255   16.151060  5.0526E-03
    1256   16.154450  4.9274E-03
    1257   16.157840  4.8070E-03
    1258   16.161230  4.6923E-03
    1259   16.164620  4.5845E-03
    1260   16.168010  4.4846E-03
    1261   16.171400  4.3936E-03
    1262   16.174790  4.3126E-03
    1263   16.178180  4.2424E-03
    1264   16.181570  4.1839E-03
    1265   16.184960  4.1381E-03
    1266   16.188350  4.1058E-03
    1267   16.191740  4.0878E-03
    1268   16.195130  4.0848E-03
    1269   16.198520  4.0975E-03
    1270   16.201910  4.1265E-03
    1271   16.205300  4.1724E-03
    1272   16.208690  4.2357E-03
    1273   16.212080  4.3170E-03
    1274   16.215470  4.4166E-03
    1275   16.218860  4.5348E-03
    1276   16.222250  4.6720E-03
    1277   16.225640  4.8285E-03
    1278   16.229030  5.0043E-03
    1279   16.232420  5.1997E-03
    1280   16.235810  5.4146E-03
    1281   16.239200  5.6490E-03
    1282   16.242590  5.9030E-03
    1283   16.245980  6.1763E-03
    1284   16.249370  6.4689E-03
    1285   16.252760  6.7803E-03
    1286   16.256150  7.1105E-03
    1287   16.259540  7.4588E-03
    1288   16.262930  7.8251E-03
    1289   16.266320  8.2087E-03
    1290   16.269710  8.6092E-03
    1291   16.273100  9.0259E-03
    1292   16.276490  9.4584E-03
    1293   16.279880  9.9058E-03
    1294   16.283270  1.0367E-02
    1295   16.286660  1.0843E-02
    1296   16.290050  1.1331E-02
    1297   16.293440  1.1830E-02
    1298   16.296830  1.2341E-02
    1299   16.300220  1.2862E-02
    1300   16.303610  1.3393E-02
    1301   16.307000  1.3932E-02
    1302   16.310390  1.4478E-02
    1303   16.313780  1.5031E-02
    1304   16.317170  1.5589E-02
    1305   16.320560  1.6153E-02
    1306   16.323950  1.6720E-02
    1307   16.327340  1.7290E-02
    1308   16.330730  1.7862E-02
    1309   16.334120  1.8436E-02
    1310   16.337510  1.9010E-02
    1311   16.340900  1.9583E-02
    1312   16.344290  2.0155E-02
    1313   16.347680  2.0726E-02
    1314   16.351070  2.1294E-02
    1315   16.354460  2.1858E-02
    1316   16.357850  2.2419E-02
    1317   16.361240  2.2975E-02
    1318   16.364630  2.3526E-02
    1319   16.368020  2.4071E-02
    1320   16.371410  2.4611E-02
    1321   16.374800  2.5143E-02
    1322   16.378190  2.5669E-02
    1323   16.381580  2.6186E-02
    1324   16.384970  2.6697E-02
    1325   16.388360  2.7198E-02
    1326   16.391750  2.7691E-02
    1327   16.395140  2.8176E-02
    1328   16.398530  2.8650E-02
    1329   16.401920  2.9116E-02
    1330   16.405310  2.9571E-02
    1331   16.408700  3.0016E-02
    1332   16.412090  3.0451E-02
    1333   16.415480  3.0874E-02
    1334   16.418870  3.1287E-02
    1335   16.422260  3.1689E-02
    1336   16.425650  3.2079E-02
    1337   16.429040  3.2457E-02
    1338   16.432430  3.2824E-02
    1339   16.435820  3.3178E-02
    1340   16.439210  3.3520E-02
    1341   16.442600  3.3850E-02
    1342   16.445990  3.4167E-02
    1343   16.449380  3.4470E-02
    1344   16.452770  3.4761E-02
    1345   16.456160  3.5039E-02
    1346   16.459550  3.5304E-02
    1347   16.462940  3.5555E-02
    1348   16.466330  3.5793E-02
    1349   16.469720  3.6018E-02
    1350   16.473110  3.6229E-02
    1351   16.476500  3.6426E-02
    1352   16.479890  3.6611E-02
    1353   16.483280  3.6782E-02
    1354   16.486670  3.6939E-02
    1355   16.490060  3.7083E-02
    1356   16.493450  3.7214E-02
    1357   16.496840  3.7332E-02
    1358   16.500230  3.7437E-02
    1359   16.503620  3.7528E-02
    1360   16.507010  3.7607E-02
    1361   16.510400  3.7672E-02
    1362   16.513790  3.7725E-02
    1363   16.517180  3.7765E-02
    1364   16.520570  3.7793E-02
    1365   16.523960  3.7807E-02
    1366   16.527350  3.7809E-02
    1367   16.530740  3.7797E-02
    1368   16.534130  3.7773E-02
    1369   16.537520  3.7736E-02
    1370   16.540910  3.7687E-02
    1371   16.544300  3.7624E-02
    1372   16.547690  3.7547E-02
    1373   16.551080  3.7458E-02
    1374   16.554470  3.7355E-02
    1375   16.557860  3.7239E-02
    1376   16.561250  3.7110E-02
    1377   16.564640  3.6967E-02
    1378   16.568030  3.6810E-02
    1379   16.571420  3.6639E-02
    1380   16.574810  3.6455E-02
    1381   16.578200  3.6257E-02
    1382   16.581590  3.6046E-02
    1383   16.584980  3.5821E-02
    1384   16.588370  3.5582E-02
    1385   16.591760  3.5330E-02
    1386   16.595150  3.5066E-02
    1387   16.598540  3.4788E-02
    1388   16.601930  3.4499E-02
    1389   16.605320  3.4197E-02
    1390   16.608710  3.3884E-02
    1391   16.612100  3.3559E-02
    1392   16.615490  3.3224E-02
    1393   16.618880  3.2880E-02
    1394   16.622270  3.2525E-02
    1395   16.625660  3.2162E-02
    1396   16.629050  3.1791E-02
    1397   16.632440  3.1413E-02
    1398   16.635830  3.1027E-02
    1399   16.639220  3.0635E-02
    1400   16.642610  3.0238E-02
    1401   16.646000  2.9836E-02
    1402   16.649390  2.9430E-02
    1403   16.652780  2.9020E-02
    1404   16.656170  2.8607E-02
    1405   16.659560  2.8192E-02
    1406   16.662950  2.7774E-02
    1407   16.666340  2.7355E-02
    1408   16.669730  2.6935E-02
    1409   16.673120  2.6514E-02
    1410   16.676510  2.6092E-02
    1411   16.679900  2.5670E-02
    1412   16.683290  2.5248E-02
    1413   16.686680  2.4826E-02
    1414   16.690070  2.4404E-02
    1415   16.693460  2.3982E-02
    1416   16.696850  2.3561E-02
    1417   16.700240  2.3140E-02
    1418   16.703630  2.2719E-02
    1419   16.707020  2.2299E-02
    1420   16.710410  2.1880E-02
    1421   16.713800  2.1460E-02
    1422   16.717190  2.1042E-02
    1423   16.720580  2.0623E-02
    1424   16.723970  2.0205E-02
    1425   16.727360  1.9788E-02
    1426   16.730750  1.9372E-02
    1427   16.734140  1.8957E-02
    1428   16.737530  1.8543E-02
    1429   16.740920  1.8130E-02
    1430   16.744310  1.7720E-02
    1431   16.747700  1.7312E-02
    1432   16.751090  1.6906E-02
    1433   16.754480  1.6505E-02
    1434   16.757870  1.6107E-02
    1435   16.761260  1.5715E-02
    1436   16.764650  1.5328E-02
    1437   16.768040  1.4948E-02
    1438   16.771430  1.4576E-02
    1439   16.774820  1.4213E-02
    1440   16.778210  1.3860E-02
    1441   16.781600  1.3519E-02
    1442   16.784990  1.3191E-02
    1443   16.788380  1.2876E-02
    1444   16.791770  1.2578E-02
    1445   16.795160  1.2298E-02
    1446   16.798550  1.2037E-02
    1447   16.801940  1.1797E-02
    1448   16.805330  1.1581E-02
    1449   16.808720  1.1390E-02
    1450   16.812110  1.1226E-02
    1451   16.815500  1.1091E-02
    1452   16.818890  1.0988E-02
    1453   16.822280  1.0919E-02
    1454   16.825670  1.0885E-02
    1455   16.829060  1.0891E-02
    1456   16.832450  1.0937E-02
    1457   16.835840  1.1026E-02
    1458   16.839230  1.1161E-02
    1459   16.842620  1.1344E-02
    1460   16.846010  1.1577E-02
    1461   16.849400  1.1863E-02
    1462   16.852790  1.2204E-02
    1463   16.856180  1.2602E-02
    1464   16.859570  1.3059E-02
    1465   16.862960  1.3578E-02
    1466   16.866350  1.4159E-02
    1467   16.869740  1.4805E-02
    1468   16.873130  1.5518E-02
    1469   16.876520  1.6298E-02
    1470   16.879910  1.7146E-02
    1471   16.883300  1.8065E-02
    1472   16.886690  1.9053E-02
    1473   16.890080  2.0111E-02
    1474   16.893470  2.1240E-02
    1475   16.896860  2.2439E-02
    1476   16.900250  2.3706E-02
    1477   16.903640  2.5042E-02
    1478   16.907030  2.6444E-02
    1479   16.910420  2.7910E-02
    1480   16.913810  2.9439E-02
    1481   16.917200  3.1026E-02
    1482   16.920590  3.2670E-02
    1483   16.923980  3.4366E-02
    1484   16.927370  3.6111E-02
    1485   16.930760  3.7899E-02
    1486   16.934150  3.9726E-02
    1487   16.937540  4.1588E-02
    1488   16.940930  4.3477E-02
    1489   16.944320  4.5389E-02
    1490   16.947710  4.7316E-02
    1491   16.951100  4.9253E-02
    1492   16.954490  5.1193E-02
    1493   16.957880  5.3129E-02
    1494   16.961270  5.5054E-02
    1495   16.964660  5.6961E-02
    1496   16.968050  5.8842E-02
    1497   16.971440  6.0691E-02
    1498   16.974830  6.2501E-02
    1499   16.978220  6.4264E-02
    1500   16.981610  6.5974E-02
    1501   16.985000  6.7624E-02
    1502   16.988390  6.9208E-02
    1503   16.991780  7.0721E-02
    1504   16.995170  7.2157E-02
    1505   16.998560  7.3510E-02
    1506   17.001950  7.4777E-02
    1507   17.005340  7.5952E-02
    1508   17.008730  7.7033E-02
    1509   17.012120  7.8016E-02
    1510   17.015510  7.8898E-02
    1511   17.018900  7.9679E-02
    1512   17.022290  8.0357E-02
    1513   17.025680  8.0930E-02
    1514   17.029070  8.1399E-02
    1515   17.032460  8.1764E-02
    1516   17.035850  8.2027E-02
    1517   17.039240  8.2188E-02
    1518   17.042630  8.2249E-02
    1519   17.046020  8.2214E-02
    1520   17.049410  8.2085E-02
    1521   17.052800  8.1865E-02
    1522   17.056190  8.1558E-02
    1523   17.059580  8.1168E-02
    1524   17.062970  8.0699E-02
    1525   17.066360  8.0156E-02
    1526   17.069750  7.9543E-02
    1527   17.073140  7.8865E-02
    1528   17.076530  7.8126E-02
    1529   17.079920  7.7333E-02
    1530   17.083310  7.6489E-02
    1531   17.086700  7.5601E-02
    1532   17.090090  7.4671E-02
    1533   17.093480  7.3706E-02
    1534   17.096870  7.2710E-02
    1535   17.100260  7.1687E-02
    1536   17.103650  7.0642E-02
    1537   17.107040  6.9580E-02
    1538   17.110430  6.8503E-02
    1539   17.113820  6.7417E-02
    1540   17.117210  6.6324E-02
    1541   17.120600  6.5229E-02
    1542   17.123990  6.4135E-02
    1543   17.127380  6.3045E-02
    1544   17.130770  6.1962E-02
    1545   17.134160  6.0888E-02
    1546   17.137550  5.9827E-02
    1547   17.140940  5.8782E-02
    1548   17.144330  5.7754E-02
    1549   17.147720  5.6746E-02
    1550   17.151110  5.5760E-02
    1551   17.154500  5.4799E-02
    1552   17.157890  5.3863E-02
    1553   17.161280  5.2956E-02
    1554   17.164670  5.2078E-02
    1555   17.168060  5.1232E-02
    1556   17.171450  5.0418E-02
    1557   17.174840  4.9638E-02
    1558   17.178230  4.8894E-02
    1559   17.181620  4.8186E-02
    1560   17.185010  4.7515E-02
    1561   17.188400  4.6882E-02
    1562   17.191790  4.6288E-02
    1563   17.195180  4.5733E-02
    1564   17.198570  4.5217E-02
    1565   17.201960  4.4741E-02
    1566   17.205350  4.4305E-02
    1567   17.208740  4.3907E-02
    1568   17.212130  4.3549E-02
    1569   17.215520  4.3229E-02
    1570   17.218910  4.2946E-02
    1571   17.222300  4.2701E-02
    1572   17.225690  4.2492E-02
    1573   17.229080  4.2317E-02
    1574   17.232470  4.2176E-02
    1575   17.235860  4.2068E-02
    1576   17.239250  4.1991E-02
    1577   17.242640  4.1944E-02
    1578   17.246030  4.1926E-02
    1579   17.249420  4.1935E-02
    1580   17.252810  4.1972E-02
    1581   17.256200  4.2033E-02
    1582   17.259590  4.2119E-02
    1583   17.262980  4.2230E-02
    1584   17.266370  4.2363E-02
    1585   17.269760  4.2519E-02
    1586   17.273150  4.2698E-02
    1587   17.276540  4.2899E-02
    1588   17.279930  4.3123E-02
    1589   17.283320  4.3371E-02
    1590   17.286710  4.3642E-02
    1591   17.290100  4.3939E-02
    1592   17.293490  4.4260E-02
    1593   17.296880  4.4610E-02
    1594   17.300270  4.4987E-02
    1595   17.303660  4.5394E-02
    1596   17.307050  4.5833E-02
    1597   17.310440  4.6305E-02
    1598   17.313830  4.6811E-02
    1599   17.317220  4.7353E-02
    1600   17.320610  4.7933E-02
    1601   17.324000  4.8551E-02
    1602   17.327390  4.9210E-02
    1603   17.330780  4.9909E-02
    1604   17.334170  5.0649E-02
    1605   17.337560  5.1430E-02
    1606   17.340950  5.2252E-02
    1607   17.344340  5.3115E-02
    1608   17.347730  5.4017E-02
    1609   17.351120  5.4956E-02
    1610   17.354510  5.5930E-02
    1611   17.357900  5.6937E-02
    1612   17.361290  5.7973E-02
    1613   17.364680  5.9034E-02
    1614   17.368070  6.0116E-02
    1615   17.371460  6.1214E-02
    1616   17.374850  6.2322E-02
    1617   17.378240  6.3434E-02
    1618   17.381630  6.4545E-02
    1619   17.385020  6.5647E-02
    1620   17.388410  6.6732E-02
    1621   17.391800  6.7795E-02
    1622   17.395190  6.8826E-02
    1623   17.398580  6.9819E-02
    1624   17.401970  7.0765E-02
    1625   17.405360  7.1657E-02
    1626   17.408750  7.2487E-02
    1627   17.412140  7.3247E-02
    1628   17.415530  7.3931E-02
    1629   17.418920  7.4531E-02
    1630   17.422310  7.5041E-02
    1631   17.425700  7.5455E-02
    1632   17.429090  7.5768E-02
    1633   17.432480  7.5974E-02
    1634   17.435870  7.6071E-02
    1635   17.439260  7.6054E-02
    1636   17.442650  7.5921E-02
    1637   17.446040  7.5670E-02
    1638   17.449430  7.5301E-02
    1639   17.452820  7.4813E-02
    1640   17.456210  7.4207E-02
    1641   17.459600  7.3486E-02
    1642   17.462990  7.2651E-02
    1643   17.466380  7.1706E-02
    1644   17.469770  7.0656E-02
    1645   17.473160  6.9505E-02
    1646   17.476550  6.8259E-02
    1647   17.479940  6.6925E-02
    1648   17.483330  6.5509E-02
    1649   17.486720  6.4020E-02
    1650   17.490110  6.2465E-02
    1651   17.493500  6.0853E-02
    1652   17.496890  5.9193E-02
    1653   17.500280  5.7494E-02
    1654   17.503670  5.5765E-02
    1655   17.507060  5.4016E-02
    1656   17.510450  5.2257E-02
    1657   17.513840  5.0498E-02
    1658   17.517230  4.8747E-02
    1659   17.520620  4.7015E-02
    1660   17.524010  4.5311E-02
    1661   17.527400  4.3643E-02
    1662   17.530790  4.2020E-02
    1663   17.534180  4.0452E-02
    1664   17.537570  3.8945E-02
    1665   17.540960  3.7507E-02
    1666   17.544350  3.6146E-02
    1667   17.547740  3.4867E-02
    1668   17.551130  3.3678E-02
    1669   17.554520  3.2583E-02
    1670   17.557910  3.1588E-02
    1671   17.561300  3.0698E-02
    1672   17.564690  2.9915E-02
    1673   17.568080  2.9244E-02
    1674   17.571470  2.8687E-02
    1675   17.574860  2.8248E-02
    1676   17.578250  2.7926E-02
    1677   17.581640  2.7725E-02
    1678   17.585030  2.7644E-02
    1679   17.588420  2.7685E-02
    1680   17.591810  2.7847E-02
    1681   17.595200  2.8130E-02
    1682   17.598590  2.8533E-02
    1683   17.601980  2.9055E-02
    1684   17.605370  2.9695E-02
    1685   17.608760  3.0451E-02
    1686   17.612150  3.1321E-02
    1687   17.615540  3.2303E-02
    1688   17.618930  3.3396E-02
    1689   17.622320  3.4597E-02
    1690   17.625710  3.5903E-02
    1691   17.629100  3.7313E-02
    1692   17.632490  3.8824E-02
    1693   17.635880  4.0433E-02
    1694   17.639270  4.2139E-02
    1695   17.642660  4.3940E-02
    1696   17.646050  4.5834E-02
    1697   17.649440  4.7818E-02
    1698   17.652830  4.9892E-02
    1699   17.656220  5.2054E-02
    1700   17.659610  5.4303E-02
    1701   17.663000  5.6639E-02
    1702   17.666390  5.9060E-02
    1703   17.669780  6.1566E-02
    1704   17.673170  6.4158E-02
    1705   17.676560  6.6835E-02
    1706   17.679950  6.9597E-02
    1707   17.683340  7.2446E-02
    1708   17.686730  7.5381E-02
    1709   17.690120  7.8404E-02
    1710   17.693510  8.1515E-02
    1711   17.696900  8.4716E-02
    1712   17.700290  8.8006E-02
    1713   17.703680  9.1388E-02
    1714   17.707070  9.4861E-02
    1715   17.710460  9.8426E-02
    1716   17.713850  1.0208E-01
    1717   17.717240  1.0583E-01
    1718   17.720630  1.0968E-01
    1719   17.724020  1.1361E-01
    1720   17.727410  1.1763E-01
    1721   17.730800  1.2174E-01
    1722   17.734190  1.2594E-01
    1723   17.737580  1.3021E-01
    1724   17.740970  1.3457E-01
    1725   17.744360  1.3900E-01
    1726   17.747750  1.4350E-01
    1727   17.751140  1.4806E-01
    1728   17.754530  1.5268E-01
    1729   17.757920  1.5735E-01
    1730   17.761310  1.6205E-01
    1731   17.764700  1.6679E-01
    1732   17.768090  1.7156E-01
    1733   17.771480  1.7633E-01
    1734   17.774870  1.8110E-01
    1735   17.778260  1.8586E-01
    1736   17.781650  1.9060E-01
    1737   17.785040  1.9531E-01
    1738   17.788430  1.9997E-01
    1739   17.791820  2.0456E-01
    1740   17.795210  2.0908E-01
    1741   17.798600  2.1351E-01
    1742   17.801990  2.1784E-01
    1743   17.805380  2.2206E-01
    1744   17.808770  2.2614E-01
    1745   17.812160  2.3009E-01
    1746   17.815550  2.3387E-01
    1747   17.818940  2.3749E-01
    1748   17.822330  2.4094E-01
    1749   17.825720  2.4419E-01
    1750   17.829110  2.4723E-01
    1751   17.832500  2.5007E-01
    1752   17.835890  2.5269E-01
    1753   17.839280  2.5507E-01
    1754   17.842670  2.5722E-01
    1755   17.846060  2.5913E-01
    1756   17.849450  2.6078E-01
    1757   17.852840  2.6218E-01
    1758   17.856230  2.6333E-01
    1759   17.859620  2.6421E-01
    1760   17.863010  2.6484E-01
    1761   17.866400  2.6520E-01
    1762   17.869790  2.6530E-01
    1763   17.873180  2.6514E-01
    1764   17.876570  2.6473E-01
    1765   17.879960  2.6406E-01
    1766   17.883350  2.6314E-01
    1767   17.886740  2.6199E-01
    1768   17.890130  2.6060E-01
    1769   17.893520  2.5898E-01
    1770   17.896910  2.5714E-01
    1771   17.900300  2.5510E-01
    1772   17.903690  2.5285E-01
    1773   17.907080  2.5041E-01
    1774   17.910470  2.4780E-01
    1775   17.913860  2.4502E-01
    1776   17.917250  2.4209E-01
    1777   17.920640  2.3902E-01
    1778   17.924030  2.3582E-01
    1779   17.927420  2.3250E-01
    1780   17.930810  2.2908E-01
    1781   17.934200  2.2558E-01
    1782   17.937590  2.2200E-01
    1783   17.940980  2.1836E-01
    1784   17.944370  2.1467E-01
    1785   17.947760  2.1095E-01
    1786   17.951150  2.0721E-01
    1787   17.954540  2.0346E-01
    1788   17.957930  1.9972E-01
    1789   17.961320  1.9599E-01
    1790   17.964710  1.9230E-01
    1791   17.968100  1.8864E-01
    1792   17.971490  1.8503E-01
    1793   17.974880  1.8148E-01
    1794   17.978270  1.7800E-01
    1795   17.981660  1.7460E-01
    1796   17.985050  1.7129E-01
    1797   17.988440  1.6807E-01
    1798   17.991830  1.6494E-01
    1799   17.995220  1.6192E-01
    1800   17.998610  1.5900E-01
    1801   18.002000  1.5620E-01
    1802   18.005390  1.5351E-01
    1803   18.008780  1.5093E-01
    1804   18.012170  1.4847E-01
    1805   18.015560  1.4612E-01
    1806   18.018950  1.4388E-01
    1807   18.022340  1.4175E-01
    1808   18.025730  1.3973E-01
    1809   18.029120  1.3782E-01
    1810   18.032510  1.3600E-01
    1811   18.035900  1.3427E-01
    1812   18.039290  1.3263E-01
    1813   18.042680  1.3107E-01
    1814   18.046070  1.2958E-01
    1815   18.049460  1.2816E-01
    1816   18.052850  1.2679E-01
    1817   18.056240  1.2547E-01
    1818   18.059630  1.2419E-01
    1819   18.063020  1.2293E-01
    1820   18.066410  1.2170E-01
    1821   18.069800  1.2048E-01
    1822   18.073190  1.1927E-01
    1823   18.076580  1.1805E-01
    1824   18.079970  1.1681E-01
    1825   18.083360  1.1556E-01
    1826   18.086750  1.1428E-01
    1827   18.090140  1.1296E-01
    1828   18.093530  1.1159E-01
    1829   18.096920  1.1019E-01
    1830   18.100310  1.0872E-01
    1831   18.103700  1.0721E-01
    1832   18.107090  1.0563E-01
    1833   18.110480  1.0399E-01
    1834   18.113870  1.0228E-01
    1835   18.117260  1.0051E-01
    1836   18.120650  9.8668E-02
    1837   18.124040  9.6763E-02
    1838   18.127430  9.4793E-02
    1839   18.130820  9.2761E-02
    1840   18.134210  9.0668E-02
    1841   18.137600  8.8519E-02
    1842   18.140990  8.6317E-02
    1843   18.144380  8.4067E-02
    1844   18.147770  8.1773E-02
    1845   18.151160  7.9442E-02
    1846   18.154550  7.7079E-02
    1847   18.157940  7.4690E-02
    1848   18.161330  7.2283E-02
    1849   18.164720  6.9862E-02
    1850   18.168110  6.7437E-02
    1851   18.171500  6.5012E-02
    1852   18.174890  6.2596E-02
    1853   18.178280  6.0195E-02
    1854   18.181670  5.7816E-02
    1855   18.185060  5.5465E-02
    1856   18.188450  5.3150E-02
    1857   18.191840  5.0877E-02
    1858   18.195230  4.8651E-02
    1859   18.198620  4.6480E-02
    1860   18.202010  4.4367E-02
    1861   18.205400  4.2319E-02
    1862   18.208790  4.0340E-02
    1863   18.212180  3.8436E-02
    1864   18.215570  3.6610E-02
    1865   18.218960  3.4867E-02
    1866   18.222350  3.3211E-02
    1867   18.225740  3.1644E-02
    1868   18.229130  3.0170E-02
    1869   18.232520  2.8793E-02
    1870   18.235910  2.7513E-02
    1871   18.239300  2.6335E-02
    1872   18.242690  2.5260E-02
    1873   18.246080  2.4289E-02
    1874   18.249470  2.3425E-02
    1875   18.252860  2.2669E-02
    1876   18.256250  2.2022E-02
    1877   18.259640  2.1486E-02
    1878   18.263030  2.1061E-02
    1879   18.266420  2.0749E-02
    1880   18.269810  2.0548E-02
    1881   18.273200  2.0461E-02
    1882   18.276590  2.0488E-02
    1883   18.279980  2.0627E-02
    1884   18.283370  2.0880E-02
    1885   18.286760  2.1246E-02
    1886   18.290150  2.1724E-02
    1887   18.293540  2.2314E-02
    1888   18.296930  2.3015E-02
    1889   18.300320  2.3824E-02
    1890   18.303710  2.4742E-02
    1891   18.307100  2.5766E-02
    1892   18.310490  2.6894E-02
    1893   18.313880  2.8124E-02
    1894   18.317270  2.9452E-02
    1895   18.320660  3.0877E-02
    1896   18.324050  3.2395E-02
    1897   18.327440  3.4002E-02
    1898   18.330830  3.5694E-02
    1899   18.334220  3.7467E-02
    1900   18.337610  3.9317E-02
    1901   18.341000  4.1238E-02
    1902   18.344390  4.3226E-02
    1903   18.347780  4.5276E-02
    1904   18.351170  4.7381E-02
    1905   18.354560  4.9537E-02
    1906   18.357950  5.1737E-02
    1907   18.361340  5.3975E-02
    1908   18.364730  5.6246E-02
    1909   18.368120  5.8544E-02
    1910   18.371510  6.0861E-02
    1911   18.374900  6.3194E-02
    1912   18.378290  6.5535E-02
    1913   18.381680  6.7880E-02
    1914   18.385070  7.0222E-02
    1915   18.388460  7.2556E-02
    1916   18.391850  7.4878E-02
    1917   18.395240  7.7184E-02
    1918   18.398630  7.9467E-02
    1919   18.402020  8.1726E-02
    1920   18.405410  8.3956E-02
    1921   18.408800  8.6154E-02
    1922   18.412190  8.8318E-02
    1923   18.415580  9.0445E-02
    1924   18.418970  9.2533E-02
    1925   18.422360  9.4580E-02
    1926   18.425750  9.6586E-02
    1927   18.429140  9.8550E-02
    1928   18.432530  1.0047E-01
    1929   18.435920  1.0235E-01
    1930   18.439310  1.0418E-01
    1931   18.442700  1.0597E-01
    1932   18.446090  1.0772E-01
    1933   18.449480  1.0942E-01
    1934   18.452870  1.1108E-01
    1935   18.456260  1.1270E-01
    1936   18.459650  1.1427E-01
    1937   18.463040  1.1581E-01
    1938   18.466430  1.1729E-01
    1939   18.469820  1.1874E-01
    1940   18.473210  1.2013E-01
    1941   18.476600  1.2149E-01
    1942   18.479990  1.2279E-01
    1943   18.483380  1.2404E-01
    1944   18.486770  1.2524E-01
    1945   18.490160  1.2639E-01
    1946   18.493550  1.2748E-01
    1947   18.496940  1.2850E-01
    1948   18.500330  1.2946E-01
    1949   18.503720  1.3035E-01
    1950   18.507110  1.3117E-01
    1951   18.510500  1.3191E-01
    1952   18.513890  1.3256E-01
    1953   18.517280  1.3313E-01
    1954   18.520670  1.3361E-01
    1955   18.524060  1.3399E-01
    1956   18.527450  1.3428E-01
    1957   18.530840  1.3446E-01
    1958   18.534230  1.3453E-01
    1959   18.537620  1.3450E-01
    1960   18.541010  1.3435E-01
    1961   18.544400  1.3409E-01
    1962   18.547790  1.3372E-01
    1963   18.551180  1.3324E-01
    1964   18.554570  1.3264E-01
    1965   18.557960  1.3193E-01
    1966   18.561350  1.3111E-01
    1967   18.564740  1.3019E-01
    1968   18.568130  1.2917E-01
    1969   18.571520  1.2806E-01
    1970   18.574910  1.2685E-01
    1971   18.578300  1.2557E-01
    1972   18.581690  1.2421E-01
    1973   18.585080  1.2279E-01
    1974   18.588470  1.2132E-01
    1975   18.591860  1.1980E-01
    1976   18.595250  1.1826E-01
    1977   18.598640  1.1669E-01
    1978   18.602030  1.1513E-01
    1979   18.605420  1.1356E-01
    1980   18.608810  1.1202E-01
    1981   18.612200  1.1052E-01
    1982   18.615590  1.0906E-01
    1983   18.618980  1.0766E-01
    1984   18.622370  1.0634E-01
    1985   18.625760  1.0511E-01
    1986   18.629150  1.0398E-01
    1987   18.632540  1.0296E-01
    1988   18.635930  1.0207E-01
    1989   18.639320  1.0132E-01
    1990   18.642710  1.0071E-01
    1991   18.646100  1.0027E-01
    1992   18.649490  9.9989E-02
    1993   18.652880  9.9885E-02
    1994   18.656270  9.9964E-02
    1995   18.659660  1.0023E-01
    1996   18.663050  1.0069E-01
    1997   18.666440  1.0135E-01
    1998   18.669830  1.0220E-01
    1999   18.673220  1.0326E-01
    2000   18.676610  1.0451E-01
    2001   18.680000  1.0596E-01
    2002   18.683390  1.0761E-01
    2003   18.686780  1.0946E-01
    2004   18.690170  1.1148E-01
    2005   18.693560  1.1370E-01
    2006   18.696950  1.1608E-01
    2007   18.700340  1.1863E-01
    2008   18.703730  1.2134E-01
    2009   18.707120  1.2420E-01
    2010   18.710510  1.2719E-01
    2011   18.713900  1.3031E-01
    2012   18.717290  1.3353E-01
    2013   18.720680  1.3686E-01
    2014   18.724070  1.4026E-01
    2015   18.727460  1.4374E-01
    2016   18.730850  1.4726E-01
    2017   18.734240  1.5083E-01
    2018   18.737630  1.5441E-01
    2019   18.741020  1.5800E-01
    2020   18.744410  1.6157E-01
    2021   18.747800  1.6511E-01
    2022   18.751190  1.6861E-01
    2023   18.754580  1.7204E-01
    2024   18.757970  1.7539E-01
    2025   18.761360  1.7864E-01
    2026   18.764750  1.8178E-01
    2027   18.768140  1.8479E-01
    2028   18.771530  1.8766E-01
    2029   18.774920  1.9037E-01
    2030   18.778310  1.9290E-01
    2031   18.781700  1.9524E-01
    2032   18.785090  1.9739E-01
    2033   18.788480  1.9932E-01
    2034   18.791870  2.0103E-01
    2035   18.795260  2.0250E-01
    2036   18.798650  2.0373E-01
    2037   18.802040  2.0472E-01
    2038   18.805430  2.0544E-01
    2039   18.808820  2.0591E-01
    2040   18.812210  2.0610E-01
    2041   18.815600  2.0603E-01
    2042   18.818990  2.0568E-01
    2043   18.822380  2.0506E-01
    2044   18.825770  2.0417E-01
    2045   18.829160  2.0301E-01
    2046   18.832550  2.0158E-01
    2047   18.835940  1.9989E-01
    2048   18.839330  1.9793E-01
    2049   18.842720  1.9573E-01
    2050   18.846110  1.9328E-01
    2051   18.849500  1.9060E-01
    2052   18.852890  1.8770E-01
    2053   18.856280  1.8457E-01
    2054   18.859670  1.8125E-01
    2055   18.863060  1.7773E-01
    2056   18.866450  1.7404E-01
    2057   18.869840  1.7018E-01
    2058   18.873230  1.6616E-01
    2059   18.876620  1.6202E-01
    2060   18.880010  1.5775E-01
    2061   18.883400  1.5337E-01
    2062   18.886790  1.4890E-01
    2063   18.890180  1.4435E-01
    2064   18.893570  1.3975E-01
    2065   18.896960  1.3509E-01
    2066   18.900350  1.3041E-01
    2067   18.903740  1.2571E-01
    2068   18.907130  1.2100E-01
    2069   18.910520  1.1631E-01
    2070   18.913910  1.1164E-01
    2071   18.917300  1.0700E-01
    2072   18.920690  1.0242E-01
    2073   18.924080  9.7898E-02
    2074   18.927470  9.3448E-02
    2075   18.930860  8.9078E-02
    2076   18.934250  8.4801E-02
    2077   18.937640  8.0623E-02
    2078   18.941030  7.6553E-02
    2079   18.944420  7.2598E-02
    2080   18.947810  6.8765E-02
    2081   18.951200  6.5059E-02
    2082   18.954590  6.1484E-02
    2083   18.957980  5.8046E-02
    2084   18.961370  5.4747E-02
    2085   18.964760  5.1590E-02
    2086   18.968150  4.8578E-02
    2087   18.971540  4.5710E-02
    2088   18.974930  4.2989E-02
    2089   18.978320  4.0413E-02
    2090   18.981710  3.7983E-02
    2091   18.985100  3.5698E-02
    2092   18.988490  3.3556E-02
    2093   18.991880  3.1555E-02
    2094   18.995270  2.9693E-02
    2095   18.998660  2.7967E-02
    2096   19.002050  2.6374E-02
    2097   19.005440  2.4909E-02
    2098   19.008830  2.3571E-02
    2099   19.012220  2.2354E-02
    2100   19.015610  2.1254E-02
    2101   19.019000  2.0267E-02
    2102   19.022390  1.9388E-02
    2103   19.025780  1.8612E-02
    2104   19.029170  1.7934E-02
    2105   19.032560  1.7349E-02
    2106   19.035950  1.6853E-02
    2107   19.039340  1.6439E-02
    2108   19.042730  1.6102E-02
    2109   19.046120  1.5838E-02
    2110   19.049510  1.5640E-02
    2111   19.052900  1.5503E-02
    2112   19.056290  1.5423E-02
    2113   19.059680  1.5394E-02
    2114   19.063070  1.5410E-02
    2115   19.066460  1.5466E-02
    2116   19.069850  1.5558E-02
    2117   19.073240  1.5679E-02
    2118   19.076630  1.5826E-02
    2119   19.080020  1.5994E-02
    2120   19.083410  1.6178E-02
    2121   19.086800  1.6373E-02
    2122   19.090190  1.6574E-02
    2123   19.093580  1.6779E-02
    2124   19.096970  1.6983E-02
    2125   19.100360  1.7182E-02
    2126   19.103750  1.7373E-02
    2127   19.107140  1.7552E-02
    2128   19.110530  1.7717E-02
    2129   19.113920  1.7864E-02
    2130   19.117310  1.7991E-02
    2131   19.120700  1.8096E-02
    2132   19.124090  1.8176E-02
    2133   19.127480  1.8230E-02
    2134   19.130870  1.8257E-02
    2135   19.134260  1.8254E-02
    2136   19.137650  1.8222E-02
    2137   19.141040  1.8160E-02
    2138   19.144430  1.8066E-02
    2139   19.147820  1.7942E-02
    2140   19.151210  1.7787E-02
    2141   19.154600  1.7602E-02
    2142   19.157990  1.7386E-02
    2143   19.161380  1.7142E-02
    2144   19.164770  1.6870E-02
    2145   19.168160  1.6571E-02
    2146   19.171550  1.6246E-02
    2147   19.174940  1.5898E-02
    2148   19.178330  1.5527E-02
    2149   19.181720  1.5137E-02
    2150   19.185110  1.4727E-02
    2151   19.188500  1.4302E-02
    2152   19.191890  1.3862E-02
    2153   19.195280  1.3409E-02
    2154   19.198670  1.2947E-02
    2155   19.202060  1.2476E-02
    2156   19.205450  1.2000E-02
    2157   19.208840  1.1520E-02
    2158   19.212230  1.1038E-02
    2159   19.215620  1.0556E-02
    2160   19.219010  1.0077E-02
    2161   19.222400  9.6011E-03
    2162   19.225790  9.1315E-03
    2163   19.229180  8.6694E-03
    2164   19.232570  8.2165E-03
    2165   19.235960  7.7742E-03
    2166   19.239350  7.3440E-03
    2167   19.242740  6.9270E-03
    2168   19.246130  6.5246E-03
    2169   19.249520  6.1377E-03
    2170   19.252910  5.7673E-03
    2171   19.256300  5.4143E-03
    2172   19.259690  5.0795E-03
    2173   19.263080  4.7637E-03
    2174   19.266470  4.4673E-03
    2175   19.269860  4.1910E-03
    2176   19.273250  3.9352E-03
    2177   19.276640  3.7004E-03
    2178   19.280030  3.4869E-03
    2179   19.283420  3.2951E-03
    2180   19.286810  3.1253E-03
    2181   19.290200  2.9778E-03
    2182   19.293590  2.8528E-03
    2183   19.296980  2.7506E-03
    2184   19.300370  2.6714E-03
    2185   19.303760  2.6156E-03
    2186   19.307150  2.5833E-03
    2187   19.310540  2.5748E-03
    2188   19.313930  2.5904E-03
    2189   19.317320  2.6303E-03
    2190   19.320710  2.6949E-03
    2191   19.324100  2.7844E-03
    2192   19.327490  2.8992E-03
    2193   19.330880  3.0395E-03
    2194   19.334270  3.2057E-03
    2195   19.337660  3.3979E-03
    2196   19.341050  3.6165E-03
    2197   19.344440  3.8617E-03
    2198   19.347830  4.1337E-03
    2199   19.351220  4.4325E-03
    2200   19.354610  4.7584E-03
    2201   19.358000  5.1112E-03
    2202   19.361390  5.4910E-03
    2203   19.364780  5.8974E-03
    2204   19.368170  6.3302E-03
    2205   19.371560  6.7891E-03
    2206   19.374950  7.2734E-03
    2207   19.378340  7.7825E-03
    2208   19.381730  8.3156E-03
    2209   19.385120  8.8715E-03
    2210   19.388510  9.4493E-03
    2211   19.391900  1.0047E-02
    2212   19.395290  1.0664E-02
    2213   19.398680  1.1299E-02
    2214   19.402070  1.1948E-02
    2215   19.405460  1.2611E-02
    2216   19.408850  1.3285E-02
    2217   19.412240  1.3968E-02
    2218   19.415630  1.4657E-02
    2219   19.419020  1.5349E-02
    2220   19.422410  1.6043E-02
    2221   19.425800  1.6733E-02
    2222   19.429190  1.7419E-02
    2223   19.432580  1.8097E-02
    2224   19.435970  1.8763E-02
    2225   19.439360  1.9414E-02
    2226   19.442750  2.0048E-02
    2227   19.446140  2.0661E-02
    2228   19.449530  2.1250E-02
    2229   19.452920  2.1812E-02
    2230   19.456310  2.2345E-02
    2231   19.459700  2.2845E-02
    2232   19.463090  2.3309E-02
    2233   19.466480  2.3737E-02
    2234   19.469870  2.4124E-02
    2235   19.473260  2.4470E-02
    2236   19.476650  2.4772E-02
    2237   19.480040  2.5030E-02
    2238   19.483430  2.5241E-02
    2239   19.486820  2.5406E-02
    2240   19.490210  2.5522E-02
    2241   19.493600  2.5591E-02
    2242   19.496990  2.5612E-02
    2243   19.500380  2.5585E-02
    2244   19.503770  2.5511E-02
    2245   19.507160  2.5391E-02
    2246   19.510550  2.5226E-02
    2247   19.513940  2.5018E-02
    2248   19.517330  2.4768E-02
    2249   19.520720  2.4477E-02
    2250   19.524110  2.4149E-02
    2251   19.527500  2.3785E-02
    2252   19.530890  2.3389E-02
    2253   19.534280  2.2961E-02
    2254   19.537670  2.2506E-02
    2255   19.541060  2.2026E-02
    2256   19.544450  2.1524E-02
    2257   19.547840  2.1002E-02
    2258   19.551230  2.0464E-02
    2259   19.554620  1.9913E-02
    2260   19.558010  1.9350E-02
    2261   19.561400  1.8779E-02
    2262   19.564790  1.8203E-02
    2263   19.568180  1.7624E-02
    2264   19.571570  1.7044E-02
    2265   19.574960  1.6466E-02
    2266   19.578350  1.5891E-02
    2267   19.581740  1.5322E-02
    2268   19.585130  1.4760E-02
    2269   19.588520  1.4206E-02
    2270   19.591910  1.3663E-02
    2271   19.595300  1.3132E-02
    2272   19.598690  1.2612E-02
    2273   19.602080  1.2106E-02
    2274   19.605470  1.1614E-02
    2275   19.608860  1.1136E-02
    2276   19.612250  1.0673E-02
    2277   19.615640  1.0225E-02
    2278   19.619030  9.7919E-03
    2279   19.622420  9.3740E-03
    2280   19.625810  8.9710E-03
    2281   19.629200  8.5828E-03
    2282   19.632590  8.2091E-03
    2283   19.635980  7.8495E-03
    2284   19.639370  7.5036E-03
    2285   19.642760  7.1709E-03
    2286   19.646150  6.8511E-03
    2287   19.649540  6.5436E-03
    2288   19.652930  6.2478E-03
    2289   19.656320  5.9634E-03
    2290   19.659710  5.6897E-03
    2291   19.663100  5.4264E-03
    2292   19.666490  5.1729E-03
    2293   19.669880  4.9287E-03
    2294   19.673270  4.6936E-03
    2295   19.676660  4.4670E-03
    2296   19.680050  4.2487E-03
    2297   19.683440  4.0382E-03
    2298   19.686830  3.8354E-03
    2299   19.690220  3.6398E-03
    2300   19.693610  3.4514E-03
    2301   19.697000  3.2698E-03
    2302   19.700390  3.0949E-03
    2303   19.703780  2.9266E-03
    2304   19.707170  2.7646E-03
    2305   19.710560  2.6089E-03
    2306   19.713950  2.4593E-03
    2307   19.717340  2.3158E-03
    2308   19.720730  2.1782E-03
    2309   19.724120  2.0465E-03
    2310   19.727510  1.9207E-03
    2311   19.730900  1.8006E-03
    2312   19.734290  1.6861E-03
    2313   19.737680  1.5772E-03
    2314   19.741070  1.4739E-03
    2315   19.744460  1.3761E-03
    2316   19.747850  1.2836E-03
    2317   19.751240  1.1964E-03
    2318   19.754630  1.1144E-03
    2319   19.758020  1.0376E-03
    2320   19.761410  9.6584E-04
    2321   19.764800  8.9908E-04
    2322   19.768190  8.3723E-04
    2323   19.771580  7.8023E-04
    2324   19.774970  7.2801E-04
    2325   19.778360  6.8053E-04
    2326   19.781750  6.3774E-04
    2327   19.785140  5.9962E-04
    2328   19.788530  5.6616E-04
    2329   19.791920  5.3738E-04
    2330   19.795310  5.1332E-04
    2331   19.798700  4.9406E-04
    2332   19.802090  4.7969E-04
    2333   19.805480  4.7035E-04
    2334   19.808870  4.6623E-04
    2335   19.812260  4.6753E-04
    2336   19.815650  4.7453E-04
    2337   19.819040  4.8756E-04
    2338   19.822430  5.0699E-04
    2339   19.825820  5.3325E-04
    2340   19.829210  5.6685E-04
    2341   19.832600  6.0835E-04
    2342   19.835990  6.5839E-04
    2343   19.839380  7.1770E-04
    2344   19.842770  7.8707E-04
    2345   19.846160  8.6737E-04
    2346   19.849550  9.5958E-04
    2347   19.852940  1.0647E-03
    2348   19.856330  1.1840E-03
    2349   19.859720  1.3186E-03
    2350   19.863110  1.4700E-03
    2351   19.866500  1.6394E-03
    2352   19.869890  1.8285E-03
    2353   19.873280  2.0390E-03
    2354   19.876670  2.2725E-03
    2355   19.880060  2.5308E-03
    2356   19.883450  2.8161E-03
    2357   19.886840  3.1302E-03
    2358   19.890230  3.4753E-03
    2359   19.893620  3.8536E-03
    2360   19.897010  4.2674E-03
    2361   19.900400  4.7191E-03
    2362   19.903790  5.2111E-03
    2363   19.907180  5.7459E-03
    2364   19.910570  6.3260E-03
    2365   19.913960  6.9540E-03
    2366   19.917350  7.6325E-03
    2367   19.920740  8.3640E-03
    2368   19.924130  9.1513E-03
    2369   19.927520  9.9967E-03
    2370   19.930910  1.0903E-02
    2371   19.934300  1.1872E-02
    2372   19.937690  1.2907E-02
    2373   19.941080  1.4010E-02
    2374   19.944470  1.5183E-02
    2375   19.947860  1.6427E-02
    2376   19.951250  1.7745E-02
    2377   19.954640  1.9139E-02
    2378   19.958030  2.0609E-02
    2379   19.961420  2.2158E-02
    2380   19.964810  2.3784E-02
    2381   19.968200  2.5491E-02
    2382   19.971590  2.7276E-02
    2383   19.974980  2.9142E-02
    2384   19.978370  3.1086E-02
    2385   19.981760  3.3109E-02
    2386   19.985150  3.5209E-02
    2387   19.988540  3.7384E-02
    2388   19.991930  3.9633E-02
    2389   19.995320  4.1953E-02
    2390   19.998710  4.4342E-02
    2391   20.002100  4.6795E-02
    2392   20.005490  4.9310E-02
    2393   20.008880  5.1882E-02
    2394   20.012270  5.4506E-02
    2395   20.015660  5.7178E-02
    2396   20.019050  5.9891E-02
    2397   20.022440  6.2641E-02
    2398   20.025830  6.5421E-02
    2399   20.029220  6.8223E-02
    2400   20.032610  7.1042E-02
    2401   20.036000  7.3870E-02
    2402   20.039390  7.6698E-02
    2403   20.042780  7.9520E-02
    2404   20.046170  8.2327E-02
    2405   20.049560  8.5111E-02
    2406   20.052950  8.7863E-02
    2407   20.056340  9.0575E-02
    2408   20.059730  9.3237E-02
    2409   20.063120  9.5842E-02
    2410   20.066510  9.8380E-02
    2411   20.069900  1.0084E-01
    2412   20.073290  1.0322E-01
    2413   20.076680  1.0551E-01
    2414   20.080070  1.0769E-01
    2415   20.083460  1.0977E-01
    2416   20.086850  1.1173E-01
    2417   20.090240  1.1357E-01
    2418   20.093630  1.1528E-01
    2419   20.097020  1.1684E-01
    2420   20.100410  1.1827E-01
    2421   20.103800  1.1954E-01
    2422   20.107190  1.2067E-01
    2423   20.110580  1.2163E-01
    2424   20.113970  1.2243E-01
    2425   20.117360  1.2306E-01
    2426   20.120750  1.2352E-01
    2427   20.124140  1.2381E-01
    2428   20.127530  1.2393E-01
    2429   20.130920  1.2388E-01
    2430   20.134310  1.2365E-01
    2431   20.137700  1.2325E-01
    2432   20.141090  1.2268E-01
    2433   20.144480  1.2193E-01
    2434   20.147870  1.2103E-01
    2435   20.151260  1.1995E-01
    2436   20.154650  1.1872E-01
    2437   20.158040  1.1733E-01
    2438   20.161430  1.1580E-01
    2439   20.164820  1.1412E-01
    2440   20.168210  1.1230E-01
    2441   20.171600  1.1035E-01
    2442   20.174990  1.0828E-01
    2443   20.178380  1.0609E-01
    2444   20.181770  1.0380E-01
    2445   20.185160  1.0141E-01
    2446   20.188550  9.8930E-02
    2447   20.191940  9.6369E-02
    2448   20.195330  9.3736E-02
    2449   20.198720  9.1042E-02
    2450   20.202110  8.8296E-02
    2451   20.205500  8.5506E-02
    2452   20.208890  8.2684E-02
    2453   20.212280  7.9837E-02
    2454   20.215670  7.6976E-02
    2455   20.219060  7.4110E-02
    2456   20.222450  7.1248E-02
    2457   20.225840  6.8398E-02
    2458   20.229230  6.5569E-02
    2459   20.232620  6.2769E-02
    2460   20.236010  6.0005E-02
    2461   20.239400  5.7286E-02
    2462   20.242790  5.4618E-02
    2463   20.246180  5.2008E-02
    2464   20.249570  4.9462E-02
    2465   20.252960  4.6986E-02
    2466   20.256350  4.4584E-02
    2467   20.259740  4.2262E-02
    2468   20.263130  4.0023E-02
    2469   20.266520  3.7872E-02
    2470   20.269910  3.5812E-02
    2471   20.273300  3.3845E-02
    2472   20.276690  3.1974E-02
    2473   20.280080  3.0201E-02
    2474   20.283470  2.8528E-02
    2475   20.286860  2.6954E-02
    2476   20.290250  2.5482E-02
    2477   20.293640  2.4111E-02
    2478   20.297030  2.2840E-02
    2479   20.300420  2.1671E-02
    2480   20.303810  2.0601E-02
    2481   20.307200  1.9630E-02
    2482   20.310590  1.8756E-02
    2483   20.313980  1.7977E-02
    2484   20.317370  1.7293E-02
    2485   20.320760  1.6700E-02
    2486   20.324150  1.6197E-02
    2487   20.327540  1.5780E-02
    2488   20.330930  1.5447E-02
    2489   20.334320  1.5196E-02
    2490   20.337710  1.5023E-02
    2491   20.341100  1.4925E-02
    2492   20.344490  1.4898E-02
    2493   20.347880  1.4941E-02
    2494   20.351270  1.5048E-02
    2495   20.354660  1.5217E-02
    2496   20.358050  1.5443E-02
    2497   20.361440  1.5724E-02
    2498   20.364830  1.6054E-02
    2499   20.368220  1.6431E-02
    2500   20.371610  1.6851E-02
    2501   20.375000  1.7308E-02
    2502   20.378390  1.7800E-02
    2503   20.381780  1.8323E-02
    2504   20.385170  1.8871E-02
    2505   20.388560  1.9442E-02
    2506   20.391950  2.0030E-02
    2507   20.395340  2.0632E-02
    2508   20.398730  2.1243E-02
    2509   20.402120  2.1859E-02
    2510   20.405510  2.2477E-02
    2511   20.408900  2.3092E-02
    2512   20.412290  2.3700E-02
    2513   20.415680  2.4297E-02
    2514   20.419070  2.4879E-02
    2515   20.422460  2.5443E-02
    2516   20.425850  2.5985E-02
    2517   20.429240  2.6501E-02
    2518   20.432630  2.6988E-02
    2519   20.436020  2.7443E-02
    2520   20.439410  2.7863E-02
    2521   20.442800  2.8245E-02
    2522   20.446190  2.8586E-02
    2523   20.449580  2.8884E-02
    2524   20.452970  2.9138E-02
    2525   20.456360  2.9345E-02
    2526   20.459750  2.9504E-02
    2527   20.463140  2.9614E-02
    2528   20.466530  2.9673E-02
    2529   20.469920  2.9681E-02
    2530   20.473310  2.9637E-02
    2531   20.476700  2.9543E-02
    2532   20.480090  2.9397E-02
    2533   20.483480  2.9200E-02
    2534   20.486870  2.8953E-02
    2535   20.490260  2.8658E-02
    2536   20.493650  2.8315E-02
    2537   20.497040  2.7927E-02
    2538   20.500430  2.7495E-02
    2539   20.503820  2.7021E-02
    2540   20.507210  2.6507E-02
    2541   20.510600  2.5956E-02
    2542   20.513990  2.5371E-02
    2543   20.517380  2.4754E-02
    2544   20.520770  2.4108E-02
    2545   20.524160  2.3437E-02
    2546   20.527550  2.2743E-02
    2547   20.530940  2.2029E-02
    2548   20.534330  2.1299E-02
    2549   20.537720  2.0556E-02
    2550   20.541110  1.9802E-02
    2551   20.544500  1.9041E-02
    2552   20.547890  1.8276E-02
    2553   20.551280  1.7510E-02
    2554   20.554670  1.6746E-02
    2555   20.558060  1.5986E-02
    2556   20.561450  1.5232E-02
    2557   20.564840  1.4489E-02
    2558   20.568230  1.3756E-02
    2559   20.571620  1.3038E-02
    2560   20.575010  1.2335E-02
    2561   20.578400  1.1650E-02
    2562   20.581790  1.0984E-02
    2563   20.585180  1.0338E-02
    2564   20.588570  9.7148E-03
    2565   20.591960  9.1142E-03
    2566   20.595350  8.5375E-03
    2567   20.598740  7.9855E-03
    2568   20.602130  7.4589E-03
    2569   20.605520  6.9581E-03
    2570   20.608910  6.4834E-03
    2571   20.612300  6.0351E-03
    2572   20.615690  5.6133E-03
    2573   20.619080  5.2180E-03
    2574   20.622470  4.8491E-03
    2575   20.625860  4.5064E-03
    2576   20.629250  4.1898E-03
    2577   20.632640  3.8988E-03
    2578   20.636030  3.6332E-03
    2579   20.639420  3.3927E-03
    2580   20.642810  3.1767E-03
    2581   20.646200  2.9850E-03
    2582   20.649590  2.8171E-03
    2583   20.652980  2.6726E-03
    2584   20.656370  2.5512E-03
    2585   20.659760  2.4525E-03
    2586   20.663150  2.3762E-03
    2587   20.666540  2.3220E-03
    2588   20.669930  2.2896E-03
    2589   20.673320  2.2789E-03
    2590   20.676710  2.2897E-03
    2591   20.680100  2.3220E-03
    2592   20.683490  2.3756E-03
    2593   20.686880  2.4507E-03
    2594   20.690270  2.5471E-03
    2595   20.693660  2.6652E-03
    2596   20.697050  2.8048E-03
    2597   20.700440  2.9664E-03
    2598   20.703830  3.1500E-03
    2599   20.707220  3.3560E-03
    2600   20.710610  3.5845E-03
    2601   20.714000  3.8359E-03
    2602   20.717390  4.1104E-03
    2603   20.720780  4.4082E-03
    2604   20.724170  4.7297E-03
    2605   20.727560  5.0751E-03
    2606   20.730950  5.4444E-03
    2607   20.734340  5.8379E-03
    2608   20.737730  6.2556E-03
    2609   20.741120  6.6975E-03
    2610   20.744510  7.1636E-03
    2611   20.747900  7.6535E-03
    2612   20.751290  8.1672E-03
    2613   20.754680  8.7040E-03
    2614   20.758070  9.2636E-03
    2615   20.761460  9.8452E-03
    2616   20.764850  1.0448E-02
    2617   20.768240  1.1071E-02
    2618   20.771630  1.1714E-02
    2619   20.775020  1.2374E-02
    2620   20.778410  1.3051E-02
    2621   20.781800  1.3743E-02
    2622   20.785190  1.4448E-02
    2623   20.788580  1.5165E-02
    2624   20.791970  1.5891E-02
    2625   20.795360  1.6624E-02
    2626   20.798750  1.7362E-02
    2627   20.802140  1.8103E-02
    2628   20.805530  1.8843E-02
    2629   20.808920  1.9581E-02
    2630   20.812310  2.0313E-02
    2631   20.815700  2.1037E-02
    2632   20.819090  2.1750E-02
    2633   20.822480  2.2449E-02
    2634   20.825870  2.3132E-02
    2635   20.829260  2.3794E-02
    2636   20.832650  2.4433E-02
    2637   20.836040  2.5047E-02
    2638   20.839430  2.5633E-02
    2639   20.842820  2.6187E-02
    2640   20.846210  2.6708E-02
    2641   20.849600  2.7193E-02
    2642   20.852990  2.7639E-02
    2643   20.856380  2.8044E-02
    2644   20.859770  2.8407E-02
    2645   20.863160  2.8725E-02
    2646   20.866550  2.8998E-02
    2647   20.869940  2.9223E-02
    2648   20.873330  2.9399E-02
    2649   20.876720  2.9526E-02
    2650   20.880110  2.9603E-02
    2651   20.883500  2.9630E-02
    2652   20.886890  2.9605E-02
    2653   20.890280  2.9531E-02
    2654   20.893670  2.9406E-02
    2655   20.897060  2.9232E-02
    2656   20.900450  2.9010E-02
    2657   20.903840  2.8740E-02
    2658   20.907230  2.8424E-02
    2659   20.910620  2.8063E-02
    2660   20.914010  2.7660E-02
    2661   20.917400  2.7216E-02
    2662   20.920790  2.6734E-02
    2663   20.924180  2.6215E-02
    2664   20.927570  2.5663E-02
    2665   20.930960  2.5079E-02
    2666   20.934350  2.4466E-02
    2667   20.937740  2.3828E-02
    2668   20.941130  2.3167E-02
    2669   20.944520  2.2485E-02
    2670   20.947910  2.1787E-02
    2671   20.951300  2.1074E-02
    2672   20.954690  2.0349E-02
    2673   20.958080  1.9615E-02
    2674   20.961470  1.8876E-02
    2675   20.964860  1.8133E-02
    2676   20.968250  1.7390E-02
    2677   20.971640  1.6648E-02
    2678   20.975030  1.5911E-02
    2679   20.978420  1.5181E-02
    2680   20.981810  1.4459E-02
    2681   20.985200  1.3747E-02
    2682   20.988590  1.3049E-02
    2683   20.991980  1.2364E-02
    2684   20.995370  1.1695E-02
    2685   20.998760  1.1044E-02
    2686   21.002150  1.0411E-02
    2687   21.005540  9.7973E-03
    2688   21.008930  9.2041E-03
    2689   21.012320  8.6321E-03
    2690   21.015710  8.0817E-03
    2691   21.019100  7.5536E-03
    2692   21.022490  7.0480E-03
    2693   21.025880  6.5650E-03
    2694   21.029270  6.1048E-03
    2695   21.032660  5.6673E-03
    2696   21.036050  5.2523E-03
    2697   21.039440  4.8595E-03
    2698   21.042830  4.4885E-03
    2699   21.046220  4.1390E-03
    2700   21.049610  3.8104E-03
    2701   21.053000  3.5020E-03
    2702   21.056390  3.2134E-03
    2703   21.059780  2.9437E-03
    2704   21.063170  2.6923E-03
    2705   21.066560  2.4584E-03
    2706   21.069950  2.2412E-03
    2707   21.073340  2.0400E-03
    2708   21.076730  1.8539E-03
    2709   21.080120  1.6822E-03
    2710   21.083510  1.5240E-03
    2711   21.086900  1.3786E-03
    2712   21.090290  1.2452E-03
    2713   21.093680  1.1230E-03
    2714   21.097070  1.0113E-03
    2715   21.100460  9.0939E-04
    2716   21.103850  8.1658E-04
    2717   21.107240  7.3220E-04
    2718   21.110630  6.5564E-04
    2719   21.114020  5.8627E-04
    2720   21.117410  5.2354E-04
    2721   21.120800  4.6690E-04
    2722   21.124190  4.1586E-04
    2723   21.127580  3.6992E-04
    2724   21.130970  3.2866E-04
    2725   21.134360  2.9164E-04
    2726   21.137750  2.5850E-04
    2727   21.141140  2.2886E-04
    2728   21.144530  2.0240E-04
    2729   21.147920  1.7881E-04
    2730   21.151310  1.5782E-04
    2731   21.154700  1.3917E-04
    2732   21.158090  1.2262E-04
    2733   21.161480  1.0796E-04
    2734   21.164870  9.4994E-05
    2735   21.168260  8.3551E-05
    2736   21.171650  7.3471E-05
    2737   21.175040  6.4610E-05
    2738   21.178430  5.6840E-05
    2739   21.181820  5.0047E-05
    2740   21.185210  4.4128E-05
    2741   21.188600  3.8994E-05
    2742   21.191990  3.4564E-05
    2743   21.195380  3.0769E-05
    2744   21.198770  2.7549E-05
    2745   21.202160  2.4852E-05
    2746   21.205550  2.2634E-05
    2747   21.208940  2.0859E-05
    2748   21.212330  1.9499E-05
    2749   21.215720  1.8531E-05
    2750   21.219110  1.7939E-05
    2751   21.222500  1.7716E-05
    2752   21.225890  1.7857E-05
    2753   21.229280  1.8366E-05
    2754   21.232670  1.9253E-05
    2755   21.236060  2.0532E-05
    2756   21.239450  2.2227E-05
    2757   21.242840  2.4365E-05
    2758   21.246230  2.6981E-05
    2759   21.249620  3.0118E-05
    2760   21.253010  3.3823E-05
    2761   21.256400  3.8155E-05
    2762   21.259790  4.3176E-05
    2763   21.263180  4.8960E-05
    2764   21.266570  5.5587E-05
    2765   21.269960  6.3148E-05
    2766   21.273350  7.1741E-05
    2767   21.276740  8.1477E-05
    2768   21.280130  9.2472E-05
    2769   21.283520  1.0486E-04
    2770   21.286910  1.1877E-04
    2771   21.290300  1.3437E-04
    2772   21.293690  1.5181E-04
    2773   21.297080  1.7126E-04
    2774   21.300470  1.9292E-04
    2775   21.303860  2.1697E-04
    2776   21.307250  2.4362E-04
    2777   21.310640  2.7308E-04
    2778   21.314030  3.0559E-04
    2779   21.317420  3.4138E-04
    2780   21.320810  3.8069E-04
    2781   21.324200  4.2378E-04
    2782   21.327590  4.7090E-04
    2783   21.330980  5.2231E-04
    2784   21.334370  5.7828E-04
    2785   21.337760  6.3908E-04
    2786   21.341150  7.0498E-04
    2787   21.344540  7.7623E-04
    2788   21.347930  8.5310E-04
    2789   21.351320  9.3584E-04
    2790   21.354710  1.0247E-03
    2791   21.358100  1.1199E-03
    2792   21.361490  1.2216E-03
    2793   21.364880  1.3301E-03
    2794   21.368270  1.4454E-03
    2795   21.371660  1.5678E-03
    2796   21.375050  1.6974E-03
    2797   21.378440  1.8342E-03
    2798   21.381830  1.9782E-03
    2799   21.385220  2.1295E-03
    2800   21.388610  2.2881E-03
    2801   21.392000  2.4537E-03
    2802   21.395390  2.6264E-03
    2803   21.398780  2.8058E-03
    2804   21.402170  2.9918E-03
    2805   21.405560  3.1840E-03
    2806   21.408950  3.3822E-03
    2807   21.412340  3.5858E-03
    2808   21.415730  3.7944E-03
    2809   21.419120  4.0075E-03
    2810   21.422510  4.2244E-03
    2811   21.425900  4.4447E-03
    2812   21.429290  4.6674E-03
    2813   21.432680  4.8920E-03
    2814   21.436070  5.1176E-03
    2815   21.439460  5.3434E-03
    2816   21.442850  5.5685E-03
    2817   21.446240  5.7920E-03
    2818   21.449630  6.0130E-03
    2819   21.453020  6.2306E-03
    2820   21.456410  6.4437E-03
    2821   21.459800  6.6514E-03
    2822   21.463190  6.8527E-03
    2823   21.466580  7.0467E-03
    2824   21.469970  7.2324E-03
    2825   21.473360  7.4090E-03
    2826   21.476750  7.5754E-03
    2827   21.480140  7.7308E-03
    2828   21.483530  7.8745E-03
    2829   21.486920  8.0057E-03
    2830   21.490310  8.1237E-03
    2831   21.493700  8.2278E-03
    2832   21.497090  8.3176E-03
    2833   21.500480  8.3924E-03
    2834   21.503870  8.4521E-03
    2835   21.507260  8.4961E-03
    2836   21.510650  8.5244E-03
    2837   21.514040  8.5367E-03
    2838   21.517430  8.5330E-03
    2839   21.520820  8.5135E-03
    2840   21.524210  8.4781E-03
    2841   21.527600  8.4272E-03
    2842   21.530990  8.3610E-03
    2843   21.534380  8.2800E-03
    2844   21.537770  8.1846E-03
    2845   21.541160  8.0754E-03
    2846   21.544550  7.9529E-03
    2847   21.547940  7.8180E-03
    2848   21.551330  7.6712E-03
    2849   21.554720  7.5135E-03
    2850   21.558110  7.3456E-03
    2851   21.561500  7.1684E-03
    2852   21.564890  6.9828E-03
    2853   21.568280  6.7897E-03
    2854   21.571670  6.5900E-03
    2855   21.575060  6.3848E-03
    2856   21.578450  6.1749E-03
    2857   21.581840  5.9612E-03
    2858   21.585230  5.7447E-03
    2859   21.588620  5.5263E-03
    2860   21.592010  5.3068E-03
    2861   21.595400  5.0870E-03
    2862   21.598790  4.8678E-03
    2863   21.602180  4.6499E-03
    2864   21.605570  4.4341E-03
    2865   21.608960  4.2210E-03
    2866   21.612350  4.0111E-03
    2867   21.615740  3.8052E-03
    2868   21.619130  3.6037E-03
    2869   21.622520  3.4070E-03
    2870   21.625910  3.2156E-03
    2871   21.629300  3.0298E-03
    2872   21.632690  2.8500E-03
    2873   21.636080  2.6764E-03
    2874   21.639470  2.5091E-03
    2875   21.642860  2.3484E-03
    2876   21.646250  2.1944E-03
    2877   21.649640  2.0470E-03
    2878   21.653030  1.9065E-03
    2879   21.656420  1.7727E-03
    2880   21.659810  1.6456E-03
    2881   21.663200  1.5251E-03
    2882   21.666590  1.4112E-03
    2883   21.669980  1.3037E-03
    2884   21.673370  1.2024E-03
    2885   21.676760  1.1073E-03
    2886   21.680150  1.0180E-03
    2887   21.683540  9.3449E-04
    2888   21.686930  8.5645E-04
    2889   21.690320  7.8368E-04
    2890   21.693710  7.1596E-04
    2891   21.697100  6.5307E-04
    2892   21.700490  5.9476E-04
    2893   21.703880  5.4081E-04
    2894   21.707270  4.9099E-04
    2895   21.710660  4.4505E-04
    2896   21.714050  4.0278E-04
    2897   21.717440  3.6396E-04
    2898   21.720830  3.2837E-04
    2899   21.724220  2.9579E-04
    2900   21.727610  2.6603E-04
    2901   21.731000  2.3888E-04
    2902   21.734390  2.1417E-04
    2903   21.737780  1.9172E-04
    2904   21.741170  1.7134E-04
    2905   21.744560  1.5289E-04
    2906   21.747950  1.3622E-04
    2907   21.751340  1.2116E-04
    2908   21.754730  1.0760E-04
    2909   21.758120  9.5409E-05
    2910   21.761510  8.4461E-05
    2911   21.764900  7.4648E-05
    2912   21.768290  6.5869E-05
    2913   21.771680  5.8028E-05
    2914   21.775070  5.1037E-05
    2915   21.778460  4.4815E-05
    2916   21.781850  3.9287E-05
    2917   21.785240  3.4383E-05
    2918   21.788630  3.0042E-05
    2919   21.792020  2.6205E-05
    2920   21.795410  2.2820E-05
    2921   21.798800  1.9838E-05
    2922   21.802190  1.7217E-05
    2923   21.805580  1.4916E-05
    2924   21.808970  1.2901E-05
    2925   21.812360  1.1139E-05
    2926   21.815750  9.6006E-06
    2927   21.819140  8.2604E-06
    2928   21.822530  7.0948E-06
    2929   21.825920  6.0829E-06
    2930   21.829310  5.2061E-06
    2931   21.832700  4.4477E-06
    2932   21.836090  3.7930E-06
    2933   21.839480  3.2288E-06
    2934   21.842870  2.7435E-06
    2935   21.846260  2.3270E-06
    2936   21.849650  1.9700E-06
    2937   21.853040  1.6648E-06
    2938   21.856430  1.4042E-06
    2939   21.859820  1.1822E-06
    2940   21.863210  9.9348E-07
    2941   21.866600  8.3329E-07
    2942   21.869990  6.9762E-07
    2943   21.873380  5.8293E-07
    2944   21.876770  4.8617E-07
    2945   21.880160  4.0469E-07
    2946   21.883550  3.3622E-07
    2947   21.886940  2.7880E-07
    2948   21.890330  2.3074E-07
    2949   21.893720  1.9059E-07
    2950   21.897110  1.5712E-07
    2951   21.900500  1.2928E-07
    2952   21.903890  1.0616E-07
    2953   21.907280  8.7000E-08
    2954   21.910670  7.1160E-08
    2955   21.914060  5.8088E-08
    2956   21.917450  4.7323E-08
    2957   21.920840  3.8476E-08
    2958   21.924230  3.1221E-08
    2959   21.927620  2.5282E-08
    2960   21.931010  2.0432E-08
    2961   21.934400  1.6479E-08
    2962   21.937790  1.3264E-08
    2963   21.941180  1.0655E-08
    2964   21.944570  8.5414E-09
    2965   21.947960  6.8332E-09
    2966   21.951350  5.4554E-09
    2967   21.954740  4.3465E-09
    2968   21.958130  3.4559E-09
    2969   21.961520  2.7422E-09
    2970   21.964910  2.1714E-09
    2971   21.968300  1.7158E-09
    2972   21.971690  1.3530E-09
    2973   21.975080  1.0648E-09
    2974   21.978470  8.3616E-10
    2975   21.981860  6.5527E-10
    2976   21.985250  5.1245E-10
    2977   21.988640  3.9992E-10
    2978   21.992030  3.1145E-10
    2979   21.995420  2.4204E-10
    2980   21.998810  1.8771E-10
