       1    1.400000  0.0000E+00
       2    1.400390  9.8371E-03
       3    1.400780  1.0446E-02
       4    1.401170  1.1081E-02
       5    1.401560  1.1745E-02
       6    1.401950  1.2436E-02
       7    1.402340  1.3155E-02
       8    1.402730  1.3903E-02
       9    1.403120  1.4679E-02
      10    1.403510  1.5484E-02
      11    1.403900  1.6317E-02
      12    1.404290  1.7178E-02
      13    1.404680  1.8066E-02
      14    1.405070  1.8982E-02
      15    1.405460  1.9924E-02
      16    1.405850  2.0893E-02
      17    1.406240  2.1887E-02
      18    1.406630  2.2905E-02
      19    1.407020  2.3946E-02
      20    1.407410  2.5010E-02
      21    1.407800  2.6096E-02
      22    1.408190  2.7201E-02
      23    1.408580  2.8325E-02
      24    1.408970  2.9466E-02
      25    1.409360  3.0623E-02
      26    1.409750  3.1794E-02
      27    1.410140  3.2979E-02
      28    1.410530  3.4175E-02
      29    1.410920  3.5382E-02
      30    1.411310  3.6598E-02
      31    1.411700  3.7821E-02
      32    1.412090  3.9050E-02
      33    1.412480  4.0285E-02
      34    1.412870  4.1524E-02
      35    1.413260  4.2765E-02
      36    1.413650  4.4009E-02
      37    1.414040  4.5254E-02
      38    1.414430  4.6499E-02
      39    1.414820  4.7745E-02
      40    1.415210  4.8991E-02
      41    1.415600  5.0236E-02
      42    1.415990  5.1480E-02
      43    1.416380  5.2723E-02
      44    1.416770  5.3966E-02
      45    1.417160  5.5209E-02
      46    1.417550  5.6452E-02
      47    1.417940  5.7695E-02
      48    1.418330  5.8939E-02
      49    1.418720  6.0184E-02
      50    1.419110  6.1432E-02
      51    1.419500  6.2682E-02
      52    1.419890  6.3935E-02
      53    1.420280  6.5193E-02
      54    1.420670  6.6455E-02
      55    1.421060  6.7723E-02
      56    1.421450  6.8996E-02
      57    1.421840  7.0276E-02
      58    1.422230  7.1563E-02
      59    1.422620  7.2858E-02
      60    1.423010  7.4159E-02
      61    1.423400  7.5469E-02
      62    1.423790  7.6787E-02
      63    1.424180  7.8114E-02
      64    1.424570  7.9448E-02
      65    1.424960  8.0791E-02
      66    1.425350  8.2143E-02
      67    1.425740  8.3502E-02
      68    1.426130  8.4870E-02
      69    1.426520  8.6245E-02
      70    1.426910  8.7628E-02
      71    1.427300  8.9019E-02
      72    1.427690  9.0417E-02
      73    1.428080  9.1823E-02
      74    1.428470  9.3237E-02
      75    1.428860  9.4658E-02
      76    1.429250  9.6088E-02
      77    1.429640  9.7527E-02
      78    1.430030  9.8975E-02
      79    1.430420  1.0043E-01
      80    1.430810  1.0190E-01
      81    1.431200  1.0339E-01
      82    1.431590  1.0488E-01
      83    1.431980  1.0640E-01
      84    1.432370  1.0793E-01
      85    1.432760  1.0947E-01
      86    1.433150  1.1105E-01
      87    1.433540  1.1264E-01
      88    1.433930  1.1427E-01
      89    1.434320  1.1592E-01
      90    1.434710  1.1761E-01
      91    1.435100  1.1934E-01
      92    1.435490  1.2110E-01
      93    1.435880  1.2291E-01
      94    1.436270  1.2476E-01
      95    1.436660  1.2667E-01
      96    1.437050  1.2863E-01
      97    1.437440  1.3064E-01
      98    1.437830  1.3272E-01
      99    1.438220  1.3486E-01
     100    1.438610  1.3707E-01
     101    1.439000  1.3935E-01
     102    1.439390  1.4170E-01
     103    1.439780  1.4413E-01
     104    1.440170  1.4663E-01
     105    1.440560  1.4921E-01
     106    1.440950  1.5187E-01
     107    1.441340  1.5462E-01
     108    1.441730  1.5744E-01
     109    1.442120  1.6035E-01
     110    1.442510  1.6334E-01
     111    1.442900  1.6641E-01
     112    1.443290  1.6956E-01
     113    1.443680  1.7279E-01
     114    1.444070  1.7609E-01
     115    1.444460  1.7947E-01
     116    1.444850  1.8291E-01
     117    1.445240  1.8642E-01
     118    1.445630  1.8999E-01
     119    1.446020  1.9361E-01
     120    1.446410  1.9728E-01
     121    1.446800  2.0099E-01
     122    1.447190  2.0474E-01
     123    1.447580  2.0852E-01
     124    1.447970  2.1232E-01
     125    1.448360  2.1613E-01
     126    1.448750  2.1994E-01
     127    1.449140  2.2375E-01
     128    1.449530  2.2754E-01
     129    1.449920  2.3131E-01
     130    1.450310  2.3504E-01
     131    1.450700  2.3874E-01
     132    1.451090  2.4237E-01
     133    1.451480  2.4595E-01
     134    1.451870  2.4945E-01
     135    1.452260  2.5287E-01
     136    1.452650  2.5619E-01
     137    1.453040  2.5942E-01
     138    1.453430  2.6253E-01
     139    1.453820  2.6552E-01
     140    1.454210  2.6839E-01
     141    1.454600  2.7113E-01
     142    1.454990  2.7372E-01
     143    1.455380  2.7617E-01
     144    1.455770  2.7847E-01
     145    1.456160  2.8061E-01
     146    1.456550  2.8260E-01
     147    1.456940  2.8443E-01
     148    1.457330  2.8609E-01
     149    1.457720  2.8760E-01
     150    1.458110  2.8895E-01
     151    1.458500  2.9015E-01
     152    1.458890  2.9119E-01
     153    1.459280  2.9208E-01
     154    1.459670  2.9283E-01
     155    1.460060  2.9345E-01
     156    1.460450  2.9394E-01
     157    1.460840  2.9432E-01
     158    1.461230  2.9458E-01
     159    1.461620  2.9475E-01
     160    1.462010  2.9484E-01
     161    1.462400  2.9486E-01
     162    1.462790  2.9481E-01
     163    1.463180  2.9473E-01
     164    1.463570  2.9461E-01
     165    1.463960  2.9448E-01
     166    1.464350  2.9435E-01
     167    1.464740  2.9423E-01
     168    1.465130  2.9414E-01
     169    1.465520  2.9410E-01
     170    1.465910  2.9412E-01
     171    1.466300  2.9422E-01
     172    1.466690  2.9440E-01
     173    1.467080  2.9469E-01
     174    1.467470  2.9510E-01
     175    1.467860  2.9563E-01
     176    1.468250  2.9631E-01
     177    1.468640  2.9714E-01
     178    1.469030  2.9813E-01
     179    1.469420  2.9929E-01
     180    1.469810  3.0064E-01
     181    1.470200  3.0217E-01
     182    1.470590  3.0390E-01
     183    1.470980  3.0583E-01
     184    1.471370  3.0797E-01
     185    1.471760  3.1031E-01
     186    1.472150  3.1287E-01
     187    1.472540  3.1564E-01
     188    1.472930  3.1862E-01
     189    1.473320  3.2182E-01
     190    1.473710  3.2523E-01
     191    1.474100  3.2886E-01
     192    1.474490  3.3269E-01
     193    1.474880  3.3673E-01
     194    1.475270  3.4097E-01
     195    1.475660  3.4542E-01
     196    1.476050  3.5005E-01
     197    1.476440  3.5488E-01
     198    1.476830  3.5989E-01
     199    1.477220  3.6507E-01
     200    1.477610  3.7043E-01
     201    1.478000  3.7595E-01
     202    1.478390  3.8163E-01
     203    1.478780  3.8746E-01
     204    1.479170  3.9343E-01
     205    1.479560  3.9954E-01
     206    1.479950  4.0578E-01
     207    1.480340  4.1215E-01
     208    1.480730  4.1863E-01
     209    1.481120  4.2521E-01
     210    1.481510  4.3190E-01
     211    1.481900  4.3868E-01
     212    1.482290  4.4555E-01
     213    1.482680  4.5250E-01
     214    1.483070  4.5952E-01
     215    1.483460  4.6661E-01
     216    1.483850  4.7376E-01
     217    1.484240  4.8096E-01
     218    1.484630  4.8822E-01
     219    1.485020  4.9552E-01
     220    1.485410  5.0285E-01
     221    1.485800  5.1022E-01
     222    1.486190  5.1761E-01
     223    1.486580  5.2503E-01
     224    1.486970  5.3246E-01
     225    1.487360  5.3990E-01
     226    1.487750  5.4735E-01
     227    1.488140  5.5481E-01
     228    1.488530  5.6226E-01
     229    1.488920  5.6971E-01
     230    1.489310  5.7714E-01
     231    1.489700  5.8457E-01
     232    1.490090  5.9197E-01
     233    1.490480  5.9935E-01
     234    1.490870  6.0670E-01
     235    1.491260  6.1402E-01
     236    1.491650  6.2131E-01
     237    1.492040  6.2856E-01
     238    1.492430  6.3576E-01
     239    1.492820  6.4292E-01
     240    1.493210  6.5003E-01
     241    1.493600  6.5708E-01
     242    1.493990  6.6407E-01
     243    1.494380  6.7100E-01
     244    1.494770  6.7786E-01
     245    1.495160  6.8466E-01
     246    1.495550  6.9137E-01
     247    1.495940  6.9801E-01
     248    1.496330  7.0457E-01
     249    1.496720  7.1104E-01
     250    1.497110  7.1742E-01
     251    1.497500  7.2371E-01
     252    1.497890  7.2991E-01
     253    1.498280  7.3601E-01
     254    1.498670  7.4201E-01
     255    1.499060  7.4791E-01
     256    1.499450  7.5371E-01
     257    1.499840  7.5940E-01
     258    1.500230  7.6499E-01
     259    1.500620  7.7047E-01
     260    1.501010  7.7585E-01
     261    1.501400  7.8112E-01
     262    1.501790  7.8628E-01
     263    1.502180  7.9135E-01
     264    1.502570  7.9630E-01
     265    1.502960  8.0116E-01
     266    1.503350  8.0592E-01
     267    1.503740  8.1057E-01
     268    1.504130  8.1514E-01
     269    1.504520  8.1961E-01
     270    1.504910  8.2399E-01
     271    1.505300  8.2828E-01
     272    1.505690  8.3248E-01
     273    1.506080  8.3661E-01
     274    1.506470  8.4065E-01
     275    1.506860  8.4462E-01
     276    1.507250  8.4852E-01
     277    1.507640  8.5234E-01
     278    1.508030  8.5610E-01
     279    1.508420  8.5979E-01
     280    1.508810  8.6341E-01
     281    1.509200  8.6698E-01
     282    1.509590  8.7048E-01
     283    1.509980  8.7393E-01
     284    1.510370  8.7731E-01
     285    1.510760  8.8065E-01
     286    1.511150  8.8392E-01
     287    1.511540  8.8714E-01
     288    1.511930  8.9031E-01
     289    1.512320  8.9342E-01
     290    1.512710  8.9647E-01
     291    1.513100  8.9946E-01
     292    1.513490  9.0240E-01
     293    1.513880  9.0529E-01
     294    1.514270  9.0811E-01
     295    1.514660  9.1087E-01
     296    1.515050  9.1357E-01
     297    1.515440  9.1621E-01
     298    1.515830  9.1879E-01
     299    1.516220  9.2130E-01
     300    1.516610  9.2374E-01
     301    1.517000  9.2612E-01
     302    1.517390  9.2843E-01
     303    1.517780  9.3068E-01
     304    1.518170  9.3285E-01
     305    1.518560  9.3495E-01
     306    1.518950  9.3699E-01
     307    1.519340  9.3895E-01
     308    1.519730  9.4085E-01
     309    1.520120  9.4267E-01
     310    1.520510  9.4443E-01
     311    1.520900  9.4612E-01
     312    1.521290  9.4774E-01
     313    1.521680  9.4929E-01
     314    1.522070  9.5078E-01
     315    1.522460  9.5221E-01
     316    1.522850  9.5357E-01
     317    1.523240  9.5488E-01
     318    1.523630  9.5613E-01
     319    1.524020  9.5732E-01
     320    1.524410  9.5846E-01
     321    1.524800  9.5954E-01
     322    1.525190  9.6058E-01
     323    1.525580  9.6157E-01
     324    1.525970  9.6252E-01
     325    1.526360  9.6342E-01
     326    1.526750  9.6429E-01
     327    1.527140  9.6512E-01
     328    1.527530  9.6591E-01
     329    1.527920  9.6667E-01
     330    1.528310  9.6740E-01
     331    1.528700  9.6810E-01
     332    1.529090  9.6878E-01
     333    1.529480  9.6943E-01
     334    1.529870  9.7006E-01
     335    1.530260  9.7067E-01
     336    1.530650  9.7126E-01
     337    1.531040  9.7183E-01
     338    1.531430  9.7239E-01
     339    1.531820  9.7293E-01
     340    1.532210  9.7346E-01
     341    1.532600  9.7398E-01
     342    1.532990  9.7449E-01
     343    1.533380  9.7499E-01
     344    1.533770  9.7548E-01
     345    1.534160  9.7597E-01
     346    1.534550  9.7644E-01
     347    1.534940  9.7691E-01
     348    1.535330  9.7738E-01
     349    1.535720  9.7784E-01
     350    1.536110  9.7829E-01
     351    1.536500  9.7875E-01
     352    1.536890  9.7919E-01
     353    1.537280  9.7964E-01
     354    1.537670  9.8008E-01
     355    1.538060  9.8052E-01
     356    1.538450  9.8095E-01
     357    1.538840  9.8139E-01
     358    1.539230  9.8182E-01
     359    1.539620  9.8225E-01
     360    1.540010  9.8267E-01
     361    1.540400  9.8309E-01
     362    1.540790  9.8351E-01
     363    1.541180  9.8393E-01
     364    1.541570  9.8434E-01
     365    1.541960  9.8474E-01
     366    1.542350  9.8515E-01
     367    1.542740  9.8554E-01
     368    1.543130  9.8594E-01
     369    1.543520  9.8632E-01
     370    1.543910  9.8670E-01
     371    1.544300  9.8707E-01
     372    1.544690  9.8743E-01
     373    1.545080  9.8778E-01
     374    1.545470  9.8813E-01
     375    1.545860  9.8846E-01
     376    1.546250  9.8878E-01
     377    1.546640  9.8909E-01
     378    1.547030  9.8938E-01
     379    1.547420  9.8967E-01
     380    1.547810  9.8993E-01
     381    1.548200  9.9018E-01
     382    1.548590  9.9041E-01
     383    1.548980  9.9063E-01
     384    1.549370  9.9083E-01
     385    1.549760  9.9100E-01
     386    1.550150  9.9115E-01
     387    1.550540  9.9129E-01
     388    1.550930  9.9140E-01
     389    1.551320  9.9148E-01
     390    1.551710  9.9154E-01
     391    1.552100  9.9157E-01
     392    1.552490  9.9158E-01
     393    1.552880  9.9156E-01
     394    1.553270  9.9151E-01
     395    1.553660  9.9143E-01
     396    1.554050  9.9132E-01
     397    1.554440  9.9118E-01
     398    1.554830  9.9101E-01
     399    1.555220  9.9080E-01
     400    1.555610  9.9056E-01
     401    1.556000  9.9029E-01
     402    1.556390  9.8999E-01
     403    1.556780  9.8965E-01
     404    1.557170  9.8928E-01
     405    1.557560  9.8887E-01
     406    1.557950  9.8843E-01
     407    1.558340  9.8796E-01
     408    1.558730  9.8745E-01
     409    1.559120  9.8691E-01
     410    1.559510  9.8634E-01
     411    1.559900  9.8574E-01
     412    1.560290  9.8511E-01
     413    1.560680  9.8445E-01
     414    1.561070  9.8377E-01
     415    1.561460  9.8306E-01
     416    1.561850  9.8232E-01
     417    1.562240  9.8157E-01
     418    1.562630  9.8079E-01
     419    1.563020  9.8000E-01
     420    1.563410  9.7919E-01
     421    1.563800  9.7837E-01
     422    1.564190  9.7754E-01
     423    1.564580  9.7671E-01
     424    1.564970  9.7587E-01
     425    1.565360  9.7503E-01
     426    1.565750  9.7419E-01
     427    1.566140  9.7336E-01
     428    1.566530  9.7254E-01
     429    1.566920  9.7174E-01
     430    1.567310  9.7094E-01
     431    1.567700  9.7017E-01
     432    1.568090  9.6942E-01
     433    1.568480  9.6870E-01
     434    1.568870  9.6800E-01
     435    1.569260  9.6734E-01
     436    1.569650  9.6671E-01
     437    1.570040  9.6612E-01
     438    1.570430  9.6557E-01
     439    1.570820  9.6507E-01
     440    1.571210  9.6460E-01
     441    1.571600  9.6419E-01
     442    1.571990  9.6382E-01
     443    1.572380  9.6350E-01
     444    1.572770  9.6323E-01
     445    1.573160  9.6302E-01
     446    1.573550  9.6286E-01
     447    1.573940  9.6274E-01
     448    1.574330  9.6269E-01
     449    1.574720  9.6268E-01
     450    1.575110  9.6272E-01
     451    1.575500  9.6282E-01
     452    1.575890  9.6296E-01
     453    1.576280  9.6315E-01
     454    1.576670  9.6339E-01
     455    1.577060  9.6367E-01
     456    1.577450  9.6399E-01
     457    1.577840  9.6435E-01
     458    1.578230  9.6475E-01
     459    1.578620  9.6518E-01
     460    1.579010  9.6563E-01
     461    1.579400  9.6611E-01
     462    1.579790  9.6661E-01
     463    1.580180  9.6713E-01
     464    1.580570  9.6767E-01
     465    1.580960  9.6821E-01
     466    1.581350  9.6875E-01
     467    1.581740  9.6930E-01
     468    1.582130  9.6984E-01
     469    1.582520  9.7037E-01
     470    1.582910  9.7089E-01
     471    1.583300  9.7139E-01
     472    1.583690  9.7187E-01
     473    1.584080  9.7232E-01
     474    1.584470  9.7274E-01
     475    1.584860  9.7313E-01
     476    1.585250  9.7348E-01
     477    1.585640  9.7378E-01
     478    1.586030  9.7404E-01
     479    1.586420  9.7426E-01
     480    1.586810  9.7441E-01
     481    1.587200  9.7452E-01
     482    1.587590  9.7456E-01
     483    1.587980  9.7455E-01
     484    1.588370  9.7448E-01
     485    1.588760  9.7434E-01
     486    1.589150  9.7414E-01
     487    1.589540  9.7388E-01
     488    1.589930  9.7355E-01
     489    1.590320  9.7316E-01
     490    1.590710  9.7271E-01
     491    1.591100  9.7219E-01
     492    1.591490  9.7161E-01
     493    1.591880  9.7098E-01
     494    1.592270  9.7028E-01
     495    1.592660  9.6954E-01
     496    1.593050  9.6874E-01
     497    1.593440  9.6790E-01
     498    1.593830  9.6701E-01
     499    1.594220  9.6609E-01
     500    1.594610  9.6513E-01
     501    1.595000  9.6414E-01
     502    1.595390  9.6313E-01
     503    1.595780  9.6210E-01
     504    1.596170  9.6105E-01
     505    1.596560  9.6000E-01
     506    1.596950  9.5895E-01
     507    1.597340  9.5790E-01
     508    1.597730  9.5686E-01
     509    1.598120  9.5584E-01
     510    1.598510  9.5484E-01
     511    1.598900  9.5386E-01
     512    1.599290  9.5292E-01
     513    1.599680  9.5202E-01
     514    1.600070  9.5116E-01
     515    1.600460  9.5036E-01
     516    1.600850  9.4960E-01
     517    1.601240  9.4890E-01
     518    1.601630  9.4827E-01
     519    1.602020  9.4770E-01
     520    1.602410  9.4720E-01
     521    1.602800  9.4677E-01
     522    1.603190  9.4641E-01
     523    1.603580  9.4613E-01
     524    1.603970  9.4593E-01
     525    1.604360  9.4581E-01
     526    1.604750  9.4577E-01
     527    1.605140  9.4580E-01
     528    1.605530  9.4592E-01
     529    1.605920  9.4611E-01
     530    1.606310  9.4639E-01
     531    1.606700  9.4673E-01
     532    1.607090  9.4716E-01
     533    1.607480  9.4765E-01
     534    1.607870  9.4821E-01
     535    1.608260  9.4884E-01
     536    1.608650  9.4953E-01
     537    1.609040  9.5029E-01
     538    1.609430  9.5109E-01
     539    1.609820  9.5195E-01
     540    1.610210  9.5286E-01
     541    1.610600  9.5381E-01
     542    1.610990  9.5480E-01
     543    1.611380  9.5583E-01
     544    1.611770  9.5689E-01
     545    1.612160  9.5798E-01
     546    1.612550  9.5908E-01
     547    1.612940  9.6021E-01
     548    1.613330  9.6135E-01
     549    1.613720  9.6250E-01
     550    1.614110  9.6365E-01
     551    1.614500  9.6480E-01
     552    1.614890  9.6596E-01
     553    1.615280  9.6710E-01
     554    1.615670  9.6824E-01
     555    1.616060  9.6937E-01
     556    1.616450  9.7048E-01
     557    1.616840  9.7157E-01
     558    1.617230  9.7263E-01
     559    1.617620  9.7368E-01
     560    1.618010  9.7470E-01
     561    1.618400  9.7569E-01
     562    1.618790  9.7665E-01
     563    1.619180  9.7757E-01
     564    1.619570  9.7847E-01
     565    1.619960  9.7933E-01
     566    1.620350  9.8016E-01
     567    1.620740  9.8095E-01
     568    1.621130  9.8170E-01
     569    1.621520  9.8241E-01
     570    1.621910  9.8309E-01
     571    1.622300  9.8374E-01
     572    1.622690  9.8434E-01
     573    1.623080  9.8491E-01
     574    1.623470  9.8544E-01
     575    1.623860  9.8594E-01
     576    1.624250  9.8640E-01
     577    1.624640  9.8683E-01
     578    1.625030  9.8723E-01
     579    1.625420  9.8759E-01
     580    1.625810  9.8792E-01
     581    1.626200  9.8823E-01
     582    1.626590  9.8850E-01
     583    1.626980  9.8875E-01
     584    1.627370  9.8897E-01
     585    1.627760  9.8916E-01
     586    1.628150  9.8934E-01
     587    1.628540  9.8949E-01
     588    1.628930  9.8962E-01
     589    1.629320  9.8973E-01
     590    1.629710  9.8982E-01
     591    1.630100  9.8989E-01
     592    1.630490  9.8994E-01
     593    1.630880  9.8998E-01
     594    1.631270  9.9001E-01
     595    1.631660  9.9002E-01
     596    1.632050  9.9002E-01
     597    1.632440  9.9001E-01
     598    1.632830  9.8998E-01
     599    1.633220  9.8995E-01
     600    1.633610  9.8990E-01
     601    1.634000  9.8985E-01
     602    1.634390  9.8978E-01
     603    1.634780  9.8971E-01
     604    1.635170  9.8963E-01
     605    1.635560  9.8954E-01
     606    1.635950  9.8944E-01
     607    1.636340  9.8933E-01
     608    1.636730  9.8922E-01
     609    1.637120  9.8910E-01
     610    1.637510  9.8897E-01
     611    1.637900  9.8884E-01
     612    1.638290  9.8869E-01
     613    1.638680  9.8854E-01
     614    1.639070  9.8838E-01
     615    1.639460  9.8821E-01
     616    1.639850  9.8804E-01
     617    1.640240  9.8786E-01
     618    1.640630  9.8767E-01
     619    1.641020  9.8747E-01
     620    1.641410  9.8727E-01
     621    1.641800  9.8705E-01
     622    1.642190  9.8683E-01
     623    1.642580  9.8660E-01
     624    1.642970  9.8637E-01
     625    1.643360  9.8612E-01
     626    1.643750  9.8587E-01
     627    1.644140  9.8561E-01
     628    1.644530  9.8534E-01
     629    1.644920  9.8507E-01
     630    1.645310  9.8478E-01
     631    1.645700  9.8449E-01
     632    1.646090  9.8419E-01
     633    1.646480  9.8389E-01
     634    1.646870  9.8357E-01
     635    1.647260  9.8325E-01
     636    1.647650  9.8292E-01
     637    1.648040  9.8258E-01
     638    1.648430  9.8224E-01
     639    1.648820  9.8189E-01
     640    1.649210  9.8153E-01
     641    1.649600  9.8117E-01
     642    1.649990  9.8080E-01
     643    1.650380  9.8043E-01
     644    1.650770  9.8004E-01
     645    1.651160  9.7965E-01
     646    1.651550  9.7926E-01
     647    1.651940  9.7886E-01
     648    1.652330  9.7846E-01
     649    1.652720  9.7805E-01
     650    1.653110  9.7763E-01
     651    1.653500  9.7722E-01
     652    1.653890  9.7680E-01
     653    1.654280  9.7637E-01
     654    1.654670  9.7595E-01
     655    1.655060  9.7552E-01
     656    1.655450  9.7509E-01
     657    1.655840  9.7467E-01
     658    1.656230  9.7424E-01
     659    1.656620  9.7382E-01
     660    1.657010  9.7340E-01
     661    1.657400  9.7298E-01
     662    1.657790  9.7257E-01
     663    1.658180  9.7217E-01
     664    1.658570  9.7177E-01
     665    1.658960  9.7139E-01
     666    1.659350  9.7101E-01
     667    1.659740  9.7065E-01
     668    1.660130  9.7030E-01
     669    1.660520  9.6996E-01
     670    1.660910  9.6964E-01
     671    1.661300  9.6934E-01
     672    1.661690  9.6906E-01
     673    1.662080  9.6879E-01
     674    1.662470  9.6855E-01
     675    1.662860  9.6833E-01
     676    1.663250  9.6813E-01
     677    1.663640  9.6796E-01
     678    1.664030  9.6781E-01
     679    1.664420  9.6769E-01
     680    1.664810  9.6759E-01
     681    1.665200  9.6752E-01
     682    1.665590  9.6747E-01
     683    1.665980  9.6745E-01
     684    1.666370  9.6746E-01
     685    1.666760  9.6749E-01
     686    1.667150  9.6754E-01
     687    1.667540  9.6762E-01
     688    1.667930  9.6772E-01
     689    1.668320  9.6784E-01
     690    1.668710  9.6798E-01
     691    1.669100  9.6815E-01
     692    1.669490  9.6833E-01
     693    1.669880  9.6852E-01
     694    1.670270  9.6874E-01
     695    1.670660  9.6896E-01
     696    1.671050  9.6920E-01
     697    1.671440  9.6944E-01
     698    1.671830  9.6969E-01
     699    1.672220  9.6995E-01
     700    1.672610  9.7021E-01
     701    1.673000  9.7048E-01
     702    1.673390  9.7074E-01
     703    1.673780  9.7100E-01
     704    1.674170  9.7126E-01
     705    1.674560  9.7151E-01
     706    1.674950  9.7176E-01
     707    1.675340  9.7199E-01
     708    1.675730  9.7222E-01
     709    1.676120  9.7244E-01
     710    1.676510  9.7264E-01
     711    1.676900  9.7283E-01
     712    1.677290  9.7301E-01
     713    1.677680  9.7317E-01
     714    1.678070  9.7331E-01
     715    1.678460  9.7344E-01
     716    1.678850  9.7354E-01
     717    1.679240  9.7363E-01
     718    1.679630  9.7370E-01
     719    1.680020  9.7375E-01
     720    1.680410  9.7378E-01
     721    1.680800  9.7379E-01
     722    1.681190  9.7378E-01
     723    1.681580  9.7375E-01
     724    1.681970  9.7370E-01
     725    1.682360  9.7363E-01
     726    1.682750  9.7353E-01
     727    1.683140  9.7342E-01
     728    1.683530  9.7329E-01
     729    1.683920  9.7314E-01
     730    1.684310  9.7297E-01
     731    1.684700  9.7278E-01
     732    1.685090  9.7258E-01
     733    1.685480  9.7235E-01
     734    1.685870  9.7211E-01
     735    1.686260  9.7186E-01
     736    1.686650  9.7158E-01
     737    1.687040  9.7130E-01
     738    1.687430  9.7099E-01
     739    1.687820  9.7068E-01
     740    1.688210  9.7035E-01
     741    1.688600  9.7001E-01
     742    1.688990  9.6965E-01
     743    1.689380  9.6929E-01
     744    1.689770  9.6891E-01
     745    1.690160  9.6853E-01
     746    1.690550  9.6813E-01
     747    1.690940  9.6773E-01
     748    1.691330  9.6732E-01
     749    1.691720  9.6690E-01
     750    1.692110  9.6647E-01
     751    1.692500  9.6604E-01
     752    1.692890  9.6559E-01
     753    1.693280  9.6515E-01
     754    1.693670  9.6470E-01
     755    1.694060  9.6424E-01
     756    1.694450  9.6378E-01
     757    1.694840  9.6331E-01
     758    1.695230  9.6284E-01
     759    1.695620  9.6236E-01
     760    1.696010  9.6188E-01
     761    1.696400  9.6139E-01
     762    1.696790  9.6090E-01
     763    1.697180  9.6040E-01
     764    1.697570  9.5990E-01
     765    1.697960  9.5939E-01
     766    1.698350  9.5888E-01
     767    1.698740  9.5837E-01
     768    1.699130  9.5785E-01
     769    1.699520  9.5733E-01
     770    1.699910  9.5680E-01
     771    1.700300  9.5626E-01
     772    1.700690  9.5573E-01
     773    1.701080  9.5519E-01
     774    1.701470  9.5464E-01
     775    1.701860  9.5409E-01
     776    1.702250  9.5354E-01
     777    1.702640  9.5299E-01
     778    1.703030  9.5243E-01
     779    1.703420  9.5187E-01
     780    1.703810  9.5132E-01
     781    1.704200  9.5076E-01
     782    1.704590  9.5020E-01
     783    1.704980  9.4964E-01
     784    1.705370  9.4908E-01
     785    1.705760  9.4852E-01
     786    1.706150  9.4797E-01
     787    1.706540  9.4742E-01
     788    1.706930  9.4687E-01
     789    1.707320  9.4633E-01
     790    1.707710  9.4579E-01
     791    1.708100  9.4526E-01
     792    1.708490  9.4474E-01
     793    1.708880  9.4422E-01
     794    1.709270  9.4371E-01
     795    1.709660  9.4321E-01
     796    1.710050  9.4271E-01
     797    1.710440  9.4223E-01
     798    1.710830  9.4175E-01
     799    1.711220  9.4128E-01
     800    1.711610  9.4082E-01
     801    1.712000  9.4037E-01
     802    1.712390  9.3992E-01
     803    1.712780  9.3948E-01
     804    1.713170  9.3905E-01
     805    1.713560  9.3863E-01
     806    1.713950  9.3821E-01
     807    1.714340  9.3780E-01
     808    1.714730  9.3739E-01
     809    1.715120  9.3698E-01
     810    1.715510  9.3658E-01
     811    1.715900  9.3619E-01
     812    1.716290  9.3579E-01
     813    1.716680  9.3539E-01
     814    1.717070  9.3499E-01
     815    1.717460  9.3459E-01
     816    1.717850  9.3419E-01
     817    1.718240  9.3378E-01
     818    1.718630  9.3337E-01
     819    1.719020  9.3295E-01
     820    1.719410  9.3252E-01
     821    1.719800  9.3208E-01
     822    1.720190  9.3162E-01
     823    1.720580  9.3116E-01
     824    1.720970  9.3068E-01
     825    1.721360  9.3018E-01
     826    1.721750  9.2967E-01
     827    1.722140  9.2913E-01
     828    1.722530  9.2858E-01
     829    1.722920  9.2799E-01
     830    1.723310  9.2739E-01
     831    1.723700  9.2675E-01
     832    1.724090  9.2608E-01
     833    1.724480  9.2538E-01
     834    1.724870  9.2465E-01
     835    1.725260  9.2388E-01
     836    1.725650  9.2307E-01
     837    1.726040  9.2221E-01
     838    1.726430  9.2131E-01
     839    1.726820  9.2037E-01
     840    1.727210  9.1937E-01
     841    1.727600  9.1832E-01
     842    1.727990  9.1722E-01
     843    1.728380  9.1607E-01
     844    1.728770  9.1485E-01
     845    1.729160  9.1358E-01
     846    1.729550  9.1225E-01
     847    1.729940  9.1085E-01
     848    1.730330  9.0940E-01
     849    1.730720  9.0788E-01
     850    1.731110  9.0629E-01
     851    1.731500  9.0465E-01
     852    1.731890  9.0294E-01
     853    1.732280  9.0117E-01
     854    1.732670  8.9934E-01
     855    1.733060  8.9745E-01
     856    1.733450  8.9550E-01
     857    1.733840  8.9351E-01
     858    1.734230  8.9146E-01
     859    1.734620  8.8937E-01
     860    1.735010  8.8723E-01
     861    1.735400  8.8506E-01
     862    1.735790  8.8286E-01
     863    1.736180  8.8063E-01
     864    1.736570  8.7837E-01
     865    1.736960  8.7610E-01
     866    1.737350  8.7383E-01
     867    1.737740  8.7155E-01
     868    1.738130  8.6927E-01
     869    1.738520  8.6701E-01
     870    1.738910  8.6476E-01
     871    1.739300  8.6253E-01
     872    1.739690  8.6034E-01
     873    1.740080  8.5818E-01
     874    1.740470  8.5607E-01
     875    1.740860  8.5400E-01
     876    1.741250  8.5199E-01
     877    1.741640  8.5004E-01
     878    1.742030  8.4816E-01
     879    1.742420  8.4634E-01
     880    1.742810  8.4459E-01
     881    1.743200  8.4293E-01
     882    1.743590  8.4133E-01
     883    1.743980  8.3982E-01
     884    1.744370  8.3839E-01
     885    1.744760  8.3705E-01
     886    1.745150  8.3578E-01
     887    1.745540  8.3459E-01
     888    1.745930  8.3349E-01
     889    1.746320  8.3245E-01
     890    1.746710  8.3150E-01
     891    1.747100  8.3061E-01
     892    1.747490  8.2979E-01
     893    1.747880  8.2903E-01
     894    1.748270  8.2832E-01
     895    1.748660  8.2766E-01
     896    1.749050  8.2705E-01
     897    1.749440  8.2648E-01
     898    1.749830  8.2594E-01
     899    1.750220  8.2542E-01
     900    1.750610  8.2491E-01
     901    1.751000  8.2442E-01
     902    1.751390  8.2393E-01
     903    1.751780  8.2343E-01
     904    1.752170  8.2292E-01
     905    1.752560  8.2239E-01
     906    1.752950  8.2183E-01
     907    1.753340  8.2124E-01
     908    1.753730  8.2061E-01
     909    1.754120  8.1993E-01
     910    1.754510  8.1920E-01
     911    1.754900  8.1841E-01
     912    1.755290  8.1756E-01
     913    1.755680  8.1663E-01
     914    1.756070  8.1563E-01
     915    1.756460  8.1455E-01
     916    1.756850  8.1339E-01
     917    1.757240  8.1213E-01
     918    1.757630  8.1079E-01
     919    1.758020  8.0935E-01
     920    1.758410  8.0781E-01
     921    1.758800  8.0617E-01
     922    1.759190  8.0442E-01
     923    1.759580  8.0256E-01
     924    1.759970  8.0059E-01
     925    1.760360  7.9851E-01
     926    1.760750  7.9632E-01
     927    1.761140  7.9400E-01
     928    1.761530  7.9156E-01
     929    1.761920  7.8900E-01
     930    1.762310  7.8632E-01
     931    1.762700  7.8351E-01
     932    1.763090  7.8057E-01
     933    1.763480  7.7750E-01
     934    1.763870  7.7430E-01
     935    1.764260  7.7096E-01
     936    1.764650  7.6749E-01
     937    1.765040  7.6388E-01
     938    1.765430  7.6014E-01
     939    1.765820  7.5625E-01
     940    1.766210  7.5223E-01
     941    1.766600  7.4807E-01
     942    1.766990  7.4377E-01
     943    1.767380  7.3932E-01
     944    1.767770  7.3474E-01
     945    1.768160  7.3003E-01
     946    1.768550  7.2517E-01
     947    1.768940  7.2018E-01
     948    1.769330  7.1506E-01
     949    1.769720  7.0981E-01
     950    1.770110  7.0444E-01
     951    1.770500  6.9894E-01
     952    1.770890  6.9332E-01
     953    1.771280  6.8759E-01
     954    1.771670  6.8176E-01
     955    1.772060  6.7582E-01
     956    1.772450  6.6978E-01
     957    1.772840  6.6365E-01
     958    1.773230  6.5744E-01
     959    1.773620  6.5115E-01
     960    1.774010  6.4480E-01
     961    1.774400  6.3838E-01
     962    1.774790  6.3190E-01
     963    1.775180  6.2538E-01
     964    1.775570  6.1882E-01
     965    1.775960  6.1223E-01
     966    1.776350  6.0561E-01
     967    1.776740  5.9898E-01
     968    1.777130  5.9234E-01
     969    1.777520  5.8569E-01
     970    1.777910  5.7905E-01
     971    1.778300  5.7241E-01
     972    1.778690  5.6579E-01
     973    1.779080  5.5920E-01
     974    1.779470  5.5262E-01
     975    1.779860  5.4608E-01
     976    1.780250  5.3957E-01
     977    1.780640  5.3310E-01
     978    1.781030  5.2667E-01
     979    1.781420  5.2027E-01
     980    1.781810  5.1392E-01
     981    1.782200  5.0761E-01
     982    1.782590  5.0135E-01
     983    1.782980  4.9513E-01
     984    1.783370  4.8894E-01
     985    1.783760  4.8280E-01
     986    1.784150  4.7670E-01
     987    1.784540  4.7063E-01
     988    1.784930  4.6460E-01
     989    1.785320  4.5859E-01
     990    1.785710  4.5261E-01
     991    1.786100  4.4665E-01
     992    1.786490  4.4071E-01
     993    1.786880  4.3479E-01
     994    1.787270  4.2888E-01
     995    1.787660  4.2297E-01
     996    1.788050  4.1706E-01
     997    1.788440  4.1116E-01
     998    1.788830  4.0524E-01
     999    1.789220  3.9932E-01
    1000    1.789610  3.9339E-01
    1001    1.790000  3.8744E-01
    1002    1.790390  3.8147E-01
    1003    1.790780  3.7548E-01
    1004    1.791170  3.6947E-01
    1005    1.791560  3.6343E-01
    1006    1.791950  3.5736E-01
    1007    1.792340  3.5127E-01
    1008    1.792730  3.4515E-01
    1009    1.793120  3.3900E-01
    1010    1.793510  3.3283E-01
    1011    1.793900  3.2663E-01
    1012    1.794290  3.2040E-01
    1013    1.794680  3.1416E-01
    1014    1.795070  3.0789E-01
    1015    1.795460  3.0160E-01
    1016    1.795850  2.9530E-01
    1017    1.796240  2.8899E-01
    1018    1.796630  2.8267E-01
    1019    1.797020  2.7635E-01
    1020    1.797410  2.7003E-01
    1021    1.797800  2.6372E-01
    1022    1.798190  2.5742E-01
    1023    1.798580  2.5113E-01
    1024    1.798970  2.4487E-01
    1025    1.799360  2.3863E-01
    1026    1.799750  2.3243E-01
    1027    1.800140  2.2626E-01
    1028    1.800530  2.2014E-01
    1029    1.800920  2.1407E-01
    1030    1.801310  2.0805E-01
    1031    1.801700  2.0209E-01
    1032    1.802090  1.9619E-01
    1033    1.802480  1.9037E-01
    1034    1.802870  1.8461E-01
    1035    1.803260  1.7894E-01
    1036    1.803650  1.7335E-01
    1037    1.804040  1.6784E-01
    1038    1.804430  1.6243E-01
    1039    1.804820  1.5711E-01
    1040    1.805210  1.5188E-01
    1041    1.805600  1.4676E-01
    1042    1.805990  1.4173E-01
    1043    1.806380  1.3682E-01
    1044    1.806770  1.3201E-01
    1045    1.807160  1.2730E-01
    1046    1.807550  1.2271E-01
    1047    1.807940  1.1823E-01
    1048    1.808330  1.1386E-01
    1049    1.808720  1.0960E-01
    1050    1.809110  1.0546E-01
    1051    1.809500  1.0143E-01
    1052    1.809890  9.7510E-02
    1053    1.810280  9.3706E-02
    1054    1.810670  9.0014E-02
    1055    1.811060  8.6434E-02
    1056    1.811450  8.2965E-02
    1057    1.811840  7.9607E-02
    1058    1.812230  7.6357E-02
    1059    1.812620  7.3215E-02
    1060    1.813010  7.0180E-02
    1061    1.813400  6.7249E-02
    1062    1.813790  6.4422E-02
    1063    1.814180  6.1695E-02
    1064    1.814570  5.9069E-02
    1065    1.814960  5.6539E-02
    1066    1.815350  5.4105E-02
    1067    1.815740  5.1764E-02
    1068    1.816130  4.9514E-02
    1069    1.816520  4.7353E-02
    1070    1.816910  4.5277E-02
    1071    1.817300  4.3286E-02
    1072    1.817690  4.1376E-02
    1073    1.818080  3.9544E-02
    1074    1.818470  3.7789E-02
    1075    1.818860  3.6107E-02
    1076    1.819250  3.4496E-02
    1077    1.819640  3.2953E-02
    1078    1.820030  3.1476E-02
    1079    1.820420  3.0062E-02
    1080    1.820810  2.8708E-02
    1081    1.821200  2.7412E-02
    1082    1.821590  2.6172E-02
    1083    1.821980  2.4984E-02
    1084    1.822370  2.3847E-02
    1085    1.822760  2.2758E-02
    1086    1.823150  2.1714E-02
    1087    1.823540  2.0714E-02
    1088    1.823930  1.9755E-02
    1089    1.824320  1.8836E-02
    1090    1.824710  1.7954E-02
    1091    1.825100  1.7108E-02
    1092    1.825490  1.6296E-02
    1093    1.825880  1.5515E-02
    1094    1.826270  1.4766E-02
    1095    1.826660  1.4046E-02
    1096    1.827050  1.3353E-02
    1097    1.827440  1.2687E-02
    1098    1.827830  1.2047E-02
    1099    1.828220  1.1431E-02
    1100    1.828610  1.0839E-02
    1101    1.829000  1.0270E-02
    1102    1.829390  9.7225E-03
    1103    1.829780  9.1963E-03
    1104    1.830170  8.6906E-03
    1105    1.830560  8.2051E-03
    1106    1.830950  7.7390E-03
    1107    1.831340  7.2919E-03
    1108    1.831730  6.8633E-03
    1109    1.832120  6.4529E-03
    1110    1.832510  6.0603E-03
    1111    1.832900  5.6851E-03
    1112    1.833290  5.3269E-03
    1113    1.833680  4.9854E-03
    1114    1.834070  4.6603E-03
    1115    1.834460  4.3512E-03
    1116    1.834850  4.0577E-03
    1117    1.835240  3.7796E-03
    1118    1.835630  3.5164E-03
    1119    1.836020  3.2679E-03
    1120    1.836410  3.0335E-03
    1121    1.836800  2.8129E-03
    1122    1.837190  2.6058E-03
    1123    1.837580  2.4116E-03
    1124    1.837970  2.2299E-03
    1125    1.838360  2.0604E-03
    1126    1.838750  1.9025E-03
    1127    1.839140  1.7558E-03
    1128    1.839530  1.6198E-03
    1129    1.839920  1.4941E-03
    1130    1.840310  1.3781E-03
    1131    1.840700  1.2715E-03
    1132    1.841090  1.1736E-03
    1133    1.841480  1.0841E-03
    1134    1.841870  1.0024E-03
    1135    1.842260  9.2823E-04
    1136    1.842650  8.6100E-04
    1137    1.843040  8.0032E-04
    1138    1.843430  7.4577E-04
    1139    1.843820  6.9693E-04
    1140    1.844210  6.5343E-04
    1141    1.844600  6.1487E-04
    1142    1.844990  5.8092E-04
    1143    1.845380  5.5122E-04
    1144    1.845770  5.2546E-04
    1145    1.846160  5.0333E-04
    1146    1.846550  4.8455E-04
    1147    1.846940  4.6886E-04
    1148    1.847330  4.5601E-04
    1149    1.847720  4.4577E-04
    1150    1.848110  4.3793E-04
    1151    1.848500  4.3228E-04
    1152    1.848890  4.2866E-04
    1153    1.849280  4.2688E-04
    1154    1.849670  4.2681E-04
    1155    1.850060  4.2830E-04
    1156    1.850450  4.3121E-04
    1157    1.850840  4.3544E-04
    1158    1.851230  4.4088E-04
    1159    1.851620  4.4742E-04
    1160    1.852010  4.5497E-04
    1161    1.852400  4.6346E-04
    1162    1.852790  4.7280E-04
    1163    1.853180  4.8292E-04
    1164    1.853570  4.9375E-04
    1165    1.853960  5.0523E-04
    1166    1.854350  5.1730E-04
    1167    1.854740  5.2991E-04
    1168    1.855130  5.4300E-04
    1169    1.855520  5.5652E-04
    1170    1.855910  5.7042E-04
    1171    1.856300  5.8467E-04
    1172    1.856690  5.9922E-04
    1173    1.857080  6.1403E-04
    1174    1.857470  6.2908E-04
    1175    1.857860  6.4433E-04
    1176    1.858250  6.5975E-04
    1177    1.858640  6.7534E-04
    1178    1.859030  6.9106E-04
    1179    1.859420  7.0692E-04
    1180    1.859810  7.2292E-04
    1181    1.860200  7.3905E-04
    1182    1.860590  7.5534E-04
    1183    1.860980  7.7180E-04
    1184    1.861370  7.8846E-04
    1185    1.861760  8.0537E-04
    1186    1.862150  8.2257E-04
    1187    1.862540  8.4011E-04
    1188    1.862930  8.5808E-04
    1189    1.863320  8.7654E-04
    1190    1.863710  8.9558E-04
    1191    1.864100  9.1531E-04
    1192    1.864490  9.3582E-04
    1193    1.864880  9.5723E-04
    1194    1.865270  9.7967E-04
    1195    1.865660  1.0033E-03
    1196    1.866050  1.0281E-03
    1197    1.866440  1.0545E-03
    1198    1.866830  1.0824E-03
    1199    1.867220  1.1120E-03
    1200    1.867610  1.1435E-03
    1201    1.868000  1.1770E-03
    1202    1.868390  1.2128E-03
    1203    1.868780  1.2508E-03
    1204    1.869170  1.2914E-03
    1205    1.869560  1.3345E-03
    1206    1.869950  1.3804E-03
    1207    1.870340  1.4291E-03
    1208    1.870730  1.4808E-03
    1209    1.871120  1.5356E-03
    1210    1.871510  1.5934E-03
    1211    1.871900  1.6545E-03
    1212    1.872290  1.7188E-03
    1213    1.872680  1.7864E-03
    1214    1.873070  1.8573E-03
    1215    1.873460  1.9314E-03
    1216    1.873850  2.0088E-03
    1217    1.874240  2.0893E-03
    1218    1.874630  2.1729E-03
    1219    1.875020  2.2595E-03
    1220    1.875410  2.3489E-03
    1221    1.875800  2.4411E-03
    1222    1.876190  2.5358E-03
    1223    1.876580  2.6328E-03
    1224    1.876970  2.7319E-03
    1225    1.877360  2.8329E-03
    1226    1.877750  2.9355E-03
    1227    1.878140  3.0394E-03
    1228    1.878530  3.1444E-03
    1229    1.878920  3.2501E-03
    1230    1.879310  3.3562E-03
    1231    1.879700  3.4624E-03
    1232    1.880090  3.5682E-03
    1233    1.880480  3.6734E-03
    1234    1.880870  3.7775E-03
    1235    1.881260  3.8803E-03
    1236    1.881650  3.9813E-03
    1237    1.882040  4.0801E-03
    1238    1.882430  4.1763E-03
    1239    1.882820  4.2697E-03
    1240    1.883210  4.3597E-03
    1241    1.883600  4.4462E-03
    1242    1.883990  4.5286E-03
    1243    1.884380  4.6067E-03
    1244    1.884770  4.6801E-03
    1245    1.885160  4.7486E-03
    1246    1.885550  4.8118E-03
    1247    1.885940  4.8695E-03
    1248    1.886330  4.9214E-03
    1249    1.886720  4.9673E-03
    1250    1.887110  5.0070E-03
    1251    1.887500  5.0403E-03
    1252    1.887890  5.0671E-03
    1253    1.888280  5.0872E-03
    1254    1.888670  5.1006E-03
    1255    1.889060  5.1072E-03
    1256    1.889450  5.1070E-03
    1257    1.889840  5.0999E-03
    1258    1.890230  5.0860E-03
    1259    1.890620  5.0654E-03
    1260    1.891010  5.0382E-03
    1261    1.891400  5.0045E-03
    1262    1.891790  4.9645E-03
    1263    1.892180  4.9183E-03
    1264    1.892570  4.8663E-03
    1265    1.892960  4.8085E-03
    1266    1.893350  4.7455E-03
    1267    1.893740  4.6774E-03
    1268    1.894130  4.6046E-03
    1269    1.894520  4.5275E-03
    1270    1.894910  4.4464E-03
    1271    1.895300  4.3619E-03
    1272    1.895690  4.2743E-03
    1273    1.896080  4.1842E-03
    1274    1.896470  4.0919E-03
    1275    1.896860  3.9980E-03
    1276    1.897250  3.9030E-03
    1277    1.897640  3.8074E-03
    1278    1.898030  3.7118E-03
    1279    1.898420  3.6167E-03
    1280    1.898810  3.5226E-03
    1281    1.899200  3.4301E-03
    1282    1.899590  3.3398E-03
    1283    1.899980  3.2521E-03
    1284    1.900370  3.1676E-03
    1285    1.900760  3.0869E-03
    1286    1.901150  3.0105E-03
    1287    1.901540  2.9388E-03
    1288    1.901930  2.8725E-03
    1289    1.902320  2.8118E-03
    1290    1.902710  2.7574E-03
    1291    1.903100  2.7096E-03
    1292    1.903490  2.6689E-03
    1293    1.903880  2.6356E-03
    1294    1.904270  2.6101E-03
    1295    1.904660  2.5928E-03
    1296    1.905050  2.5839E-03
    1297    1.905440  2.5838E-03
    1298    1.905830  2.5926E-03
    1299    1.906220  2.6106E-03
    1300    1.906610  2.6380E-03
    1301    1.907000  2.6749E-03
    1302    1.907390  2.7214E-03
    1303    1.907780  2.7777E-03
    1304    1.908170  2.8438E-03
    1305    1.908560  2.9196E-03
    1306    1.908950  3.0053E-03
    1307    1.909340  3.1008E-03
    1308    1.909730  3.2060E-03
    1309    1.910120  3.3209E-03
    1310    1.910510  3.4454E-03
    1311    1.910900  3.5793E-03
    1312    1.911290  3.7225E-03
    1313    1.911680  3.8748E-03
    1314    1.912070  4.0362E-03
    1315    1.912460  4.2065E-03
    1316    1.912850  4.3854E-03
    1317    1.913240  4.5729E-03
    1318    1.913630  4.7687E-03
    1319    1.914020  4.9728E-03
    1320    1.914410  5.1849E-03
    1321    1.914800  5.4050E-03
    1322    1.915190  5.6330E-03
    1323    1.915580  5.8688E-03
    1324    1.915970  6.1123E-03
    1325    1.916360  6.3636E-03
    1326    1.916750  6.6226E-03
    1327    1.917140  6.8895E-03
    1328    1.917530  7.1644E-03
    1329    1.917920  7.4474E-03
    1330    1.918310  7.7388E-03
    1331    1.918700  8.0388E-03
    1332    1.919090  8.3478E-03
    1333    1.919480  8.6661E-03
    1334    1.919870  8.9942E-03
    1335    1.920260  9.3327E-03
    1336    1.920650  9.6821E-03
    1337    1.921040  1.0043E-02
    1338    1.921430  1.0416E-02
    1339    1.921820  1.0802E-02
    1340    1.922210  1.1203E-02
    1341    1.922600  1.1617E-02
    1342    1.922990  1.2048E-02
    1343    1.923380  1.2495E-02
    1344    1.923770  1.2960E-02
    1345    1.924160  1.3444E-02
    1346    1.924550  1.3949E-02
    1347    1.924940  1.4474E-02
    1348    1.925330  1.5022E-02
    1349    1.925720  1.5593E-02
    1350    1.926110  1.6189E-02
    1351    1.926500  1.6812E-02
    1352    1.926890  1.7462E-02
    1353    1.927280  1.8141E-02
    1354    1.927670  1.8850E-02
    1355    1.928060  1.9591E-02
    1356    1.928450  2.0364E-02
    1357    1.928840  2.1170E-02
    1358    1.929230  2.2012E-02
    1359    1.929620  2.2889E-02
    1360    1.930010  2.3803E-02
    1361    1.930400  2.4755E-02
    1362    1.930790  2.5746E-02
    1363    1.931180  2.6776E-02
    1364    1.931570  2.7845E-02
    1365    1.931960  2.8955E-02
    1366    1.932350  3.0106E-02
    1367    1.932740  3.1298E-02
    1368    1.933130  3.2530E-02
    1369    1.933520  3.3803E-02
    1370    1.933910  3.5117E-02
    1371    1.934300  3.6471E-02
    1372    1.934690  3.7864E-02
    1373    1.935080  3.9295E-02
    1374    1.935470  4.0765E-02
    1375    1.935860  4.2270E-02
    1376    1.936250  4.3811E-02
    1377    1.936640  4.5386E-02
    1378    1.937030  4.6992E-02
    1379    1.937420  4.8628E-02
    1380    1.937810  5.0293E-02
    1381    1.938200  5.1983E-02
    1382    1.938590  5.3697E-02
    1383    1.938980  5.5433E-02
    1384    1.939370  5.7188E-02
    1385    1.939760  5.8960E-02
    1386    1.940150  6.0746E-02
    1387    1.940540  6.2544E-02
    1388    1.940930  6.4351E-02
    1389    1.941320  6.6166E-02
    1390    1.941710  6.7987E-02
    1391    1.942100  6.9810E-02
    1392    1.942490  7.1635E-02
    1393    1.942880  7.3461E-02
    1394    1.943270  7.5285E-02
    1395    1.943660  7.7107E-02
    1396    1.944050  7.8927E-02
    1397    1.944440  8.0745E-02
    1398    1.944830  8.2560E-02
    1399    1.945220  8.4374E-02
    1400    1.945610  8.6188E-02
    1401    1.946000  8.8004E-02
    1402    1.946390  8.9824E-02
    1403    1.946780  9.1652E-02
    1404    1.947170  9.3492E-02
    1405    1.947560  9.5347E-02
    1406    1.947950  9.7222E-02
    1407    1.948340  9.9124E-02
    1408    1.948730  1.0106E-01
    1409    1.949120  1.0303E-01
    1410    1.949510  1.0505E-01
    1411    1.949900  1.0713E-01
    1412    1.950290  1.0926E-01
    1413    1.950680  1.1147E-01
    1414    1.951070  1.1377E-01
    1415    1.951460  1.1615E-01
    1416    1.951850  1.1863E-01
    1417    1.952240  1.2122E-01
    1418    1.952630  1.2394E-01
    1419    1.953020  1.2679E-01
    1420    1.953410  1.2978E-01
    1421    1.953800  1.3292E-01
    1422    1.954190  1.3623E-01
    1423    1.954580  1.3971E-01
    1424    1.954970  1.4337E-01
    1425    1.955360  1.4722E-01
    1426    1.955750  1.5127E-01
    1427    1.956140  1.5553E-01
    1428    1.956530  1.6000E-01
    1429    1.956920  1.6469E-01
    1430    1.957310  1.6961E-01
    1431    1.957700  1.7477E-01
    1432    1.958090  1.8015E-01
    1433    1.958480  1.8577E-01
    1434    1.958870  1.9163E-01
    1435    1.959260  1.9773E-01
    1436    1.959650  2.0406E-01
    1437    1.960040  2.1063E-01
    1438    1.960430  2.1743E-01
    1439    1.960820  2.2446E-01
    1440    1.961210  2.3171E-01
    1441    1.961600  2.3918E-01
    1442    1.961990  2.4685E-01
    1443    1.962380  2.5472E-01
    1444    1.962770  2.6279E-01
    1445    1.963160  2.7103E-01
    1446    1.963550  2.7943E-01
    1447    1.963940  2.8799E-01
    1448    1.964330  2.9669E-01
    1449    1.964720  3.0552E-01
    1450    1.965110  3.1447E-01
    1451    1.965500  3.2351E-01
    1452    1.965890  3.3264E-01
    1453    1.966280  3.4183E-01
    1454    1.966670  3.5108E-01
    1455    1.967060  3.6036E-01
    1456    1.967450  3.6967E-01
    1457    1.967840  3.7898E-01
    1458    1.968230  3.8829E-01
    1459    1.968620  3.9757E-01
    1460    1.969010  4.0682E-01
    1461    1.969400  4.1601E-01
    1462    1.969790  4.2513E-01
    1463    1.970180  4.3418E-01
    1464    1.970570  4.4313E-01
    1465    1.970960  4.5198E-01
    1466    1.971350  4.6072E-01
    1467    1.971740  4.6933E-01
    1468    1.972130  4.7780E-01
    1469    1.972520  4.8612E-01
    1470    1.972910  4.9429E-01
    1471    1.973300  5.0229E-01
    1472    1.973690  5.1013E-01
    1473    1.974080  5.1778E-01
    1474    1.974470  5.2525E-01
    1475    1.974860  5.3252E-01
    1476    1.975250  5.3959E-01
    1477    1.975640  5.4646E-01
    1478    1.976030  5.5312E-01
    1479    1.976420  5.5956E-01
    1480    1.976810  5.6578E-01
    1481    1.977200  5.7177E-01
    1482    1.977590  5.7753E-01
    1483    1.977980  5.8306E-01
    1484    1.978370  5.8834E-01
    1485    1.978760  5.9337E-01
    1486    1.979150  5.9814E-01
    1487    1.979540  6.0266E-01
    1488    1.979930  6.0691E-01
    1489    1.980320  6.1089E-01
    1490    1.980710  6.1458E-01
    1491    1.981100  6.1799E-01
    1492    1.981490  6.2110E-01
    1493    1.981880  6.2391E-01
    1494    1.982270  6.2640E-01
    1495    1.982660  6.2857E-01
    1496    1.983050  6.3042E-01
    1497    1.983440  6.3193E-01
    1498    1.983830  6.3309E-01
    1499    1.984220  6.3389E-01
    1500    1.984610  6.3433E-01
    1501    1.985000  6.3440E-01
    1502    1.985390  6.3409E-01
    1503    1.985780  6.3340E-01
    1504    1.986170  6.3230E-01
    1505    1.986560  6.3081E-01
    1506    1.986950  6.2892E-01
    1507    1.987340  6.2662E-01
    1508    1.987730  6.2390E-01
    1509    1.988120  6.2078E-01
    1510    1.988510  6.1724E-01
    1511    1.988900  6.1328E-01
    1512    1.989290  6.0892E-01
    1513    1.989680  6.0416E-01
    1514    1.990070  5.9900E-01
    1515    1.990460  5.9344E-01
    1516    1.990850  5.8751E-01
    1517    1.991240  5.8121E-01
    1518    1.991630  5.7455E-01
    1519    1.992020  5.6755E-01
    1520    1.992410  5.6023E-01
    1521    1.992800  5.5260E-01
    1522    1.993190  5.4469E-01
    1523    1.993580  5.3652E-01
    1524    1.993970  5.2812E-01
    1525    1.994360  5.1950E-01
    1526    1.994750  5.1069E-01
    1527    1.995140  5.0173E-01
    1528    1.995530  4.9263E-01
    1529    1.995920  4.8343E-01
    1530    1.996310  4.7416E-01
    1531    1.996700  4.6486E-01
    1532    1.997090  4.5554E-01
    1533    1.997480  4.4623E-01
    1534    1.997870  4.3698E-01
    1535    1.998260  4.2781E-01
    1536    1.998650  4.1875E-01
    1537    1.999040  4.0983E-01
    1538    1.999430  4.0107E-01
    1539    1.999820  3.9251E-01
    1540    2.000210  3.8417E-01
    1541    2.000600  3.7607E-01
    1542    2.000990  3.6824E-01
    1543    2.001380  3.6069E-01
    1544    2.001770  3.5346E-01
    1545    2.002160  3.4655E-01
    1546    2.002550  3.4000E-01
    1547    2.002940  3.3380E-01
    1548    2.003330  3.2797E-01
    1549    2.003720  3.2254E-01
    1550    2.004110  3.1750E-01
    1551    2.004500  3.1287E-01
    1552    2.004890  3.0866E-01
    1553    2.005280  3.0487E-01
    1554    2.005670  3.0150E-01
    1555    2.006060  2.9857E-01
    1556    2.006450  2.9607E-01
    1557    2.006840  2.9401E-01
    1558    2.007230  2.9239E-01
    1559    2.007620  2.9120E-01
    1560    2.008010  2.9045E-01
    1561    2.008400  2.9013E-01
    1562    2.008790  2.9025E-01
    1563    2.009180  2.9080E-01
    1564    2.009570  2.9178E-01
    1565    2.009960  2.9318E-01
    1566    2.010350  2.9501E-01
    1567    2.010740  2.9725E-01
    1568    2.011130  2.9991E-01
    1569    2.011520  3.0298E-01
    1570    2.011910  3.0646E-01
    1571    2.012300  3.1034E-01
    1572    2.012690  3.1461E-01
    1573    2.013080  3.1928E-01
    1574    2.013470  3.2434E-01
    1575    2.013860  3.2977E-01
    1576    2.014250  3.3558E-01
    1577    2.014640  3.4176E-01
    1578    2.015030  3.4831E-01
    1579    2.015420  3.5520E-01
    1580    2.015810  3.6245E-01
    1581    2.016200  3.7002E-01
    1582    2.016590  3.7793E-01
    1583    2.016980  3.8615E-01
    1584    2.017370  3.9468E-01
    1585    2.017760  4.0350E-01
    1586    2.018150  4.1260E-01
    1587    2.018540  4.2197E-01
    1588    2.018930  4.3159E-01
    1589    2.019320  4.4145E-01
    1590    2.019710  4.5152E-01
    1591    2.020100  4.6179E-01
    1592    2.020490  4.7225E-01
    1593    2.020880  4.8288E-01
    1594    2.021270  4.9364E-01
    1595    2.021660  5.0453E-01
    1596    2.022050  5.1553E-01
    1597    2.022440  5.2660E-01
    1598    2.022830  5.3773E-01
    1599    2.023220  5.4890E-01
    1600    2.023610  5.6009E-01
    1601    2.024000  5.7126E-01
    1602    2.024390  5.8241E-01
    1603    2.024780  5.9350E-01
    1604    2.025170  6.0451E-01
    1605    2.025560  6.1542E-01
    1606    2.025950  6.2621E-01
    1607    2.026340  6.3686E-01
    1608    2.026730  6.4734E-01
    1609    2.027120  6.5764E-01
    1610    2.027510  6.6773E-01
    1611    2.027900  6.7760E-01
    1612    2.028290  6.8723E-01
    1613    2.028680  6.9659E-01
    1614    2.029070  7.0568E-01
    1615    2.029460  7.1448E-01
    1616    2.029850  7.2297E-01
    1617    2.030240  7.3114E-01
    1618    2.030630  7.3898E-01
    1619    2.031020  7.4647E-01
    1620    2.031410  7.5361E-01
    1621    2.031800  7.6038E-01
    1622    2.032190  7.6678E-01
    1623    2.032580  7.7279E-01
    1624    2.032970  7.7842E-01
    1625    2.033360  7.8366E-01
    1626    2.033750  7.8850E-01
    1627    2.034140  7.9293E-01
    1628    2.034530  7.9697E-01
    1629    2.034920  8.0060E-01
    1630    2.035310  8.0382E-01
    1631    2.035700  8.0664E-01
    1632    2.036090  8.0905E-01
    1633    2.036480  8.1106E-01
    1634    2.036870  8.1268E-01
    1635    2.037260  8.1390E-01
    1636    2.037650  8.1472E-01
    1637    2.038040  8.1517E-01
    1638    2.038430  8.1523E-01
    1639    2.038820  8.1493E-01
    1640    2.039210  8.1426E-01
    1641    2.039600  8.1323E-01
    1642    2.039990  8.1186E-01
    1643    2.040380  8.1016E-01
    1644    2.040770  8.0813E-01
    1645    2.041160  8.0579E-01
    1646    2.041550  8.0316E-01
    1647    2.041940  8.0024E-01
    1648    2.042330  7.9704E-01
    1649    2.042720  7.9360E-01
    1650    2.043110  7.8991E-01
    1651    2.043500  7.8599E-01
    1652    2.043890  7.8187E-01
    1653    2.044280  7.7756E-01
    1654    2.044670  7.7308E-01
    1655    2.045060  7.6844E-01
    1656    2.045450  7.6367E-01
    1657    2.045840  7.5877E-01
    1658    2.046230  7.5379E-01
    1659    2.046620  7.4872E-01
    1660    2.047010  7.4359E-01
    1661    2.047400  7.3842E-01
    1662    2.047790  7.3323E-01
    1663    2.048180  7.2804E-01
    1664    2.048570  7.2287E-01
    1665    2.048960  7.1773E-01
    1666    2.049350  7.1265E-01
    1667    2.049740  7.0763E-01
    1668    2.050130  7.0270E-01
    1669    2.050520  6.9788E-01
    1670    2.050910  6.9317E-01
    1671    2.051300  6.8860E-01
    1672    2.051690  6.8417E-01
    1673    2.052080  6.7990E-01
    1674    2.052470  6.7581E-01
    1675    2.052860  6.7189E-01
    1676    2.053250  6.6817E-01
    1677    2.053640  6.6464E-01
    1678    2.054030  6.6133E-01
    1679    2.054420  6.5823E-01
    1680    2.054810  6.5534E-01
    1681    2.055200  6.5269E-01
    1682    2.055590  6.5026E-01
    1683    2.055980  6.4806E-01
    1684    2.056370  6.4609E-01
    1685    2.056760  6.4436E-01
    1686    2.057150  6.4286E-01
    1687    2.057540  6.4160E-01
    1688    2.057930  6.4057E-01
    1689    2.058320  6.3977E-01
    1690    2.058710  6.3920E-01
    1691    2.059100  6.3886E-01
    1692    2.059490  6.3874E-01
    1693    2.059880  6.3885E-01
    1694    2.060270  6.3917E-01
    1695    2.060660  6.3970E-01
    1696    2.061050  6.4045E-01
    1697    2.061440  6.4140E-01
    1698    2.061830  6.4256E-01
    1699    2.062220  6.4391E-01
    1700    2.062610  6.4546E-01
    1701    2.063000  6.4720E-01
    1702    2.063390  6.4912E-01
    1703    2.063780  6.5123E-01
    1704    2.064170  6.5351E-01
    1705    2.064560  6.5596E-01
    1706    2.064950  6.5859E-01
    1707    2.065340  6.6137E-01
    1708    2.065730  6.6432E-01
    1709    2.066120  6.6742E-01
    1710    2.066510  6.7067E-01
    1711    2.066900  6.7406E-01
    1712    2.067290  6.7759E-01
    1713    2.067680  6.8126E-01
    1714    2.068070  6.8505E-01
    1715    2.068460  6.8896E-01
    1716    2.068850  6.9299E-01
    1717    2.069240  6.9712E-01
    1718    2.069630  7.0136E-01
    1719    2.070020  7.0569E-01
    1720    2.070410  7.1011E-01
    1721    2.070800  7.1461E-01
    1722    2.071190  7.1918E-01
    1723    2.071580  7.2382E-01
    1724    2.071970  7.2851E-01
    1725    2.072360  7.3326E-01
    1726    2.072750  7.3804E-01
    1727    2.073140  7.4286E-01
    1728    2.073530  7.4771E-01
    1729    2.073920  7.5257E-01
    1730    2.074310  7.5744E-01
    1731    2.074700  7.6231E-01
    1732    2.075090  7.6718E-01
    1733    2.075480  7.7204E-01
    1734    2.075870  7.7687E-01
    1735    2.076260  7.8168E-01
    1736    2.076650  7.8646E-01
    1737    2.077040  7.9119E-01
    1738    2.077430  7.9588E-01
    1739    2.077820  8.0052E-01
    1740    2.078210  8.0510E-01
    1741    2.078600  8.0962E-01
    1742    2.078990  8.1407E-01
    1743    2.079380  8.1846E-01
    1744    2.079770  8.2277E-01
    1745    2.080160  8.2700E-01
    1746    2.080550  8.3115E-01
    1747    2.080940  8.3521E-01
    1748    2.081330  8.3919E-01
    1749    2.081720  8.4309E-01
    1750    2.082110  8.4689E-01
    1751    2.082500  8.5060E-01
    1752    2.082890  8.5422E-01
    1753    2.083280  8.5774E-01
    1754    2.083670  8.6117E-01
    1755    2.084060  8.6451E-01
    1756    2.084450  8.6775E-01
    1757    2.084840  8.7089E-01
    1758    2.085230  8.7394E-01
    1759    2.085620  8.7689E-01
    1760    2.086010  8.7975E-01
    1761    2.086400  8.8252E-01
    1762    2.086790  8.8519E-01
    1763    2.087180  8.8776E-01
    1764    2.087570  8.9025E-01
    1765    2.087960  8.9265E-01
    1766    2.088350  8.9495E-01
    1767    2.088740  8.9717E-01
    1768    2.089130  8.9930E-01
    1769    2.089520  9.0134E-01
    1770    2.089910  9.0330E-01
    1771    2.090300  9.0518E-01
    1772    2.090690  9.0698E-01
    1773    2.091080  9.0871E-01
    1774    2.091470  9.1035E-01
    1775    2.091860  9.1193E-01
    1776    2.092250  9.1343E-01
    1777    2.092640  9.1487E-01
    1778    2.093030  9.1624E-01
    1779    2.093420  9.1755E-01
    1780    2.093810  9.1880E-01
    1781    2.094200  9.2000E-01
    1782    2.094590  9.2114E-01
    1783    2.094980  9.2223E-01
    1784    2.095370  9.2327E-01
    1785    2.095760  9.2427E-01
    1786    2.096150  9.2523E-01
    1787    2.096540  9.2615E-01
    1788    2.096930  9.2704E-01
    1789    2.097320  9.2789E-01
    1790    2.097710  9.2871E-01
    1791    2.098100  9.2951E-01
    1792    2.098490  9.3028E-01
    1793    2.098880  9.3103E-01
    1794    2.099270  9.3177E-01
    1795    2.099660  9.3248E-01
    1796    2.100050  9.3318E-01
    1797    2.100440  9.3386E-01
    1798    2.100830  9.3454E-01
    1799    2.101220  9.3520E-01
    1800    2.101610  9.3585E-01
    1801    2.102000  9.3649E-01
    1802    2.102390  9.3713E-01
    1803    2.102780  9.3776E-01
    1804    2.103170  9.3838E-01
    1805    2.103560  9.3900E-01
    1806    2.103950  9.3961E-01
    1807    2.104340  9.4021E-01
    1808    2.104730  9.4081E-01
    1809    2.105120  9.4140E-01
    1810    2.105510  9.4199E-01
    1811    2.105900  9.4257E-01
    1812    2.106290  9.4314E-01
    1813    2.106680  9.4371E-01
    1814    2.107070  9.4427E-01
    1815    2.107460  9.4482E-01
    1816    2.107850  9.4536E-01
    1817    2.108240  9.4589E-01
    1818    2.108630  9.4641E-01
    1819    2.109020  9.4692E-01
    1820    2.109410  9.4742E-01
    1821    2.109800  9.4791E-01
    1822    2.110190  9.4839E-01
    1823    2.110580  9.4885E-01
    1824    2.110970  9.4931E-01
    1825    2.111360  9.4975E-01
    1826    2.111750  9.5018E-01
    1827    2.112140  9.5059E-01
    1828    2.112530  9.5100E-01
    1829    2.112920  9.5139E-01
    1830    2.113310  9.5177E-01
    1831    2.113700  9.5213E-01
    1832    2.114090  9.5249E-01
    1833    2.114480  9.5283E-01
    1834    2.114870  9.5316E-01
    1835    2.115260  9.5348E-01
    1836    2.115650  9.5379E-01
    1837    2.116040  9.5410E-01
    1838    2.116430  9.5439E-01
    1839    2.116820  9.5467E-01
    1840    2.117210  9.5495E-01
    1841    2.117600  9.5522E-01
    1842    2.117990  9.5548E-01
    1843    2.118380  9.5574E-01
    1844    2.118770  9.5600E-01
    1845    2.119160  9.5625E-01
    1846    2.119550  9.5650E-01
    1847    2.119940  9.5675E-01
    1848    2.120330  9.5700E-01
    1849    2.120720  9.5725E-01
    1850    2.121110  9.5750E-01
    1851    2.121500  9.5776E-01
    1852    2.121890  9.5803E-01
    1853    2.122280  9.5829E-01
    1854    2.122670  9.5857E-01
    1855    2.123060  9.5885E-01
    1856    2.123450  9.5914E-01
    1857    2.123840  9.5944E-01
    1858    2.124230  9.5976E-01
    1859    2.124620  9.6008E-01
    1860    2.125010  9.6041E-01
    1861    2.125400  9.6076E-01
    1862    2.125790  9.6112E-01
    1863    2.126180  9.6149E-01
    1864    2.126570  9.6188E-01
    1865    2.126960  9.6227E-01
    1866    2.127350  9.6268E-01
    1867    2.127740  9.6311E-01
    1868    2.128130  9.6354E-01
    1869    2.128520  9.6398E-01
    1870    2.128910  9.6444E-01
    1871    2.129300  9.6490E-01
    1872    2.129690  9.6538E-01
    1873    2.130080  9.6585E-01
    1874    2.130470  9.6634E-01
    1875    2.130860  9.6683E-01
    1876    2.131250  9.6731E-01
    1877    2.131640  9.6780E-01
    1878    2.132030  9.6829E-01
    1879    2.132420  9.6878E-01
    1880    2.132810  9.6926E-01
    1881    2.133200  9.6973E-01
    1882    2.133590  9.7019E-01
    1883    2.133980  9.7064E-01
    1884    2.134370  9.7107E-01
    1885    2.134760  9.7149E-01
    1886    2.135150  9.7189E-01
    1887    2.135540  9.7227E-01
    1888    2.135930  9.7263E-01
    1889    2.136320  9.7296E-01
    1890    2.136710  9.7327E-01
    1891    2.137100  9.7355E-01
    1892    2.137490  9.7379E-01
    1893    2.137880  9.7401E-01
    1894    2.138270  9.7420E-01
    1895    2.138660  9.7434E-01
    1896    2.139050  9.7446E-01
    1897    2.139440  9.7454E-01
    1898    2.139830  9.7458E-01
    1899    2.140220  9.7458E-01
    1900    2.140610  9.7455E-01
    1901    2.141000  9.7447E-01
    1902    2.141390  9.7436E-01
    1903    2.141780  9.7421E-01
    1904    2.142170  9.7402E-01
    1905    2.142560  9.7379E-01
    1906    2.142950  9.7352E-01
    1907    2.143340  9.7322E-01
    1908    2.143730  9.7287E-01
    1909    2.144120  9.7250E-01
    1910    2.144510  9.7208E-01
    1911    2.144900  9.7164E-01
    1912    2.145290  9.7116E-01
    1913    2.145680  9.7065E-01
    1914    2.146070  9.7011E-01
    1915    2.146460  9.6954E-01
    1916    2.146850  9.6894E-01
    1917    2.147240  9.6831E-01
    1918    2.147630  9.6766E-01
    1919    2.148020  9.6699E-01
    1920    2.148410  9.6629E-01
    1921    2.148800  9.6557E-01
    1922    2.149190  9.6484E-01
    1923    2.149580  9.6408E-01
    1924    2.149970  9.6331E-01
    1925    2.150360  9.6252E-01
    1926    2.150750  9.6172E-01
    1927    2.151140  9.6090E-01
    1928    2.151530  9.6007E-01
    1929    2.151920  9.5923E-01
    1930    2.152310  9.5838E-01
    1931    2.152700  9.5751E-01
    1932    2.153090  9.5664E-01
    1933    2.153480  9.5576E-01
    1934    2.153870  9.5487E-01
    1935    2.154260  9.5398E-01
    1936    2.154650  9.5308E-01
    1937    2.155040  9.5217E-01
    1938    2.155430  9.5126E-01
    1939    2.155820  9.5035E-01
    1940    2.156210  9.4943E-01
    1941    2.156600  9.4851E-01
    1942    2.156990  9.4759E-01
    1943    2.157380  9.4667E-01
    1944    2.157770  9.4575E-01
    1945    2.158160  9.4483E-01
    1946    2.158550  9.4392E-01
    1947    2.158940  9.4300E-01
    1948    2.159330  9.4209E-01
    1949    2.159720  9.4119E-01
    1950    2.160110  9.4030E-01
    1951    2.160500  9.3941E-01
    1952    2.160890  9.3853E-01
    1953    2.161280  9.3767E-01
    1954    2.161670  9.3681E-01
    1955    2.162060  9.3597E-01
    1956    2.162450  9.3515E-01
    1957    2.162840  9.3434E-01
    1958    2.163230  9.3355E-01
    1959    2.163620  9.3278E-01
    1960    2.164010  9.3204E-01
    1961    2.164400  9.3131E-01
    1962    2.164790  9.3060E-01
    1963    2.165180  9.2992E-01
    1964    2.165570  9.2926E-01
    1965    2.165960  9.2863E-01
    1966    2.166350  9.2803E-01
    1967    2.166740  9.2744E-01
    1968    2.167130  9.2689E-01
    1969    2.167520  9.2636E-01
    1970    2.167910  9.2586E-01
    1971    2.168300  9.2538E-01
    1972    2.168690  9.2492E-01
    1973    2.169080  9.2449E-01
    1974    2.169470  9.2409E-01
    1975    2.169860  9.2371E-01
    1976    2.170250  9.2334E-01
    1977    2.170640  9.2300E-01
    1978    2.171030  9.2268E-01
    1979    2.171420  9.2237E-01
    1980    2.171810  9.2208E-01
    1981    2.172200  9.2181E-01
    1982    2.172590  9.2155E-01
    1983    2.172980  9.2130E-01
    1984    2.173370  9.2106E-01
    1985    2.173760  9.2082E-01
    1986    2.174150  9.2060E-01
    1987    2.174540  9.2038E-01
    1988    2.174930  9.2017E-01
    1989    2.175320  9.1996E-01
    1990    2.175710  9.1975E-01
    1991    2.176100  9.1954E-01
    1992    2.176490  9.1934E-01
    1993    2.176880  9.1913E-01
    1994    2.177270  9.1893E-01
    1995    2.177660  9.1872E-01
    1996    2.178050  9.1852E-01
    1997    2.178440  9.1831E-01
    1998    2.178830  9.1811E-01
    1999    2.179220  9.1790E-01
    2000    2.179610  9.1770E-01
    2001    2.180000  9.1750E-01
    2002    2.180390  9.1730E-01
    2003    2.180780  9.1711E-01
    2004    2.181170  9.1692E-01
    2005    2.181560  9.1673E-01
    2006    2.181950  9.1655E-01
    2007    2.182340  9.1638E-01
    2008    2.182730  9.1621E-01
    2009    2.183120  9.1606E-01
    2010    2.183510  9.1591E-01
    2011    2.183900  9.1577E-01
    2012    2.184290  9.1565E-01
    2013    2.184680  9.1554E-01
    2014    2.185070  9.1544E-01
    2015    2.185460  9.1535E-01
    2016    2.185850  9.1528E-01
    2017    2.186240  9.1522E-01
    2018    2.186630  9.1518E-01
    2019    2.187020  9.1515E-01
    2020    2.187410  9.1513E-01
    2021    2.187800  9.1513E-01
    2022    2.188190  9.1514E-01
    2023    2.188580  9.1516E-01
    2024    2.188970  9.1519E-01
    2025    2.189360  9.1524E-01
    2026    2.189750  9.1530E-01
    2027    2.190140  9.1537E-01
    2028    2.190530  9.1545E-01
    2029    2.190920  9.1555E-01
    2030    2.191310  9.1565E-01
    2031    2.191700  9.1576E-01
    2032    2.192090  9.1588E-01
    2033    2.192480  9.1601E-01
    2034    2.192870  9.1615E-01
    2035    2.193260  9.1630E-01
    2036    2.193650  9.1646E-01
    2037    2.194040  9.1663E-01
    2038    2.194430  9.1681E-01
    2039    2.194820  9.1700E-01
    2040    2.195210  9.1720E-01
    2041    2.195600  9.1742E-01
    2042    2.195990  9.1765E-01
    2043    2.196380  9.1789E-01
    2044    2.196770  9.1815E-01
    2045    2.197160  9.1842E-01
    2046    2.197550  9.1871E-01
    2047    2.197940  9.1902E-01
    2048    2.198330  9.1935E-01
    2049    2.198720  9.1970E-01
    2050    2.199110  9.2008E-01
    2051    2.199500  9.2048E-01
    2052    2.199890  9.2090E-01
    2053    2.200280  9.2134E-01
    2054    2.200670  9.2182E-01
    2055    2.201060  9.2232E-01
    2056    2.201450  9.2284E-01
    2057    2.201840  9.2340E-01
    2058    2.202230  9.2398E-01
    2059    2.202620  9.2458E-01
    2060    2.203010  9.2522E-01
    2061    2.203400  9.2588E-01
    2062    2.203790  9.2656E-01
    2063    2.204180  9.2727E-01
    2064    2.204570  9.2800E-01
    2065    2.204960  9.2876E-01
    2066    2.205350  9.2953E-01
    2067    2.205740  9.3032E-01
    2068    2.206130  9.3113E-01
    2069    2.206520  9.3195E-01
    2070    2.206910  9.3279E-01
    2071    2.207300  9.3364E-01
    2072    2.207690  9.3449E-01
    2073    2.208080  9.3535E-01
    2074    2.208470  9.3621E-01
    2075    2.208860  9.3707E-01
    2076    2.209250  9.3793E-01
    2077    2.209640  9.3878E-01
    2078    2.210030  9.3963E-01
    2079    2.210420  9.4047E-01
    2080    2.210810  9.4130E-01
    2081    2.211200  9.4211E-01
    2082    2.211590  9.4291E-01
    2083    2.211980  9.4369E-01
    2084    2.212370  9.4445E-01
    2085    2.212760  9.4519E-01
    2086    2.213150  9.4590E-01
    2087    2.213540  9.4660E-01
    2088    2.213930  9.4726E-01
    2089    2.214320  9.4790E-01
    2090    2.214710  9.4852E-01
    2091    2.215100  9.4911E-01
    2092    2.215490  9.4967E-01
    2093    2.215880  9.5020E-01
    2094    2.216270  9.5070E-01
    2095    2.216660  9.5118E-01
    2096    2.217050  9.5163E-01
    2097    2.217440  9.5205E-01
    2098    2.217830  9.5244E-01
    2099    2.218220  9.5281E-01
    2100    2.218610  9.5315E-01
    2101    2.219000  9.5346E-01
    2102    2.219390  9.5375E-01
    2103    2.219780  9.5402E-01
    2104    2.220170  9.5426E-01
    2105    2.220560  9.5448E-01
    2106    2.220950  9.5468E-01
    2107    2.221340  9.5487E-01
    2108    2.221730  9.5503E-01
    2109    2.222120  9.5517E-01
    2110    2.222510  9.5530E-01
    2111    2.222900  9.5541E-01
    2112    2.223290  9.5551E-01
    2113    2.223680  9.5559E-01
    2114    2.224070  9.5566E-01
    2115    2.224460  9.5571E-01
    2116    2.224850  9.5576E-01
    2117    2.225240  9.5579E-01
    2118    2.225630  9.5581E-01
    2119    2.226020  9.5583E-01
    2120    2.226410  9.5583E-01
    2121    2.226800  9.5583E-01
    2122    2.227190  9.5582E-01
    2123    2.227580  9.5579E-01
    2124    2.227970  9.5577E-01
    2125    2.228360  9.5573E-01
    2126    2.228750  9.5569E-01
    2127    2.229140  9.5564E-01
    2128    2.229530  9.5558E-01
    2129    2.229920  9.5552E-01
    2130    2.230310  9.5545E-01
    2131    2.230700  9.5537E-01
    2132    2.231090  9.5529E-01
    2133    2.231480  9.5520E-01
    2134    2.231870  9.5511E-01
    2135    2.232260  9.5501E-01
    2136    2.232650  9.5490E-01
    2137    2.233040  9.5478E-01
    2138    2.233430  9.5466E-01
    2139    2.233820  9.5453E-01
    2140    2.234210  9.5440E-01
    2141    2.234600  9.5425E-01
    2142    2.234990  9.5411E-01
    2143    2.235380  9.5395E-01
    2144    2.235770  9.5379E-01
    2145    2.236160  9.5362E-01
    2146    2.236550  9.5344E-01
    2147    2.236940  9.5326E-01
    2148    2.237330  9.5307E-01
    2149    2.237720  9.5287E-01
    2150    2.238110  9.5267E-01
    2151    2.238500  9.5246E-01
    2152    2.238890  9.5224E-01
    2153    2.239280  9.5202E-01
    2154    2.239670  9.5179E-01
    2155    2.240060  9.5155E-01
    2156    2.240450  9.5130E-01
    2157    2.240840  9.5105E-01
    2158    2.241230  9.5079E-01
    2159    2.241620  9.5053E-01
    2160    2.242010  9.5026E-01
    2161    2.242400  9.4998E-01
    2162    2.242790  9.4970E-01
    2163    2.243180  9.4941E-01
    2164    2.243570  9.4912E-01
    2165    2.243960  9.4882E-01
    2166    2.244350  9.4852E-01
    2167    2.244740  9.4821E-01
    2168    2.245130  9.4790E-01
    2169    2.245520  9.4758E-01
    2170    2.245910  9.4727E-01
    2171    2.246300  9.4694E-01
    2172    2.246690  9.4662E-01
    2173    2.247080  9.4629E-01
    2174    2.247470  9.4596E-01
    2175    2.247860  9.4563E-01
    2176    2.248250  9.4530E-01
    2177    2.248640  9.4497E-01
    2178    2.249030  9.4464E-01
    2179    2.249420  9.4431E-01
    2180    2.249810  9.4398E-01
    2181    2.250200  9.4365E-01
    2182    2.250590  9.4332E-01
    2183    2.250980  9.4299E-01
    2184    2.251370  9.4267E-01
    2185    2.251760  9.4234E-01
    2186    2.252150  9.4202E-01
    2187    2.252540  9.4170E-01
    2188    2.252930  9.4137E-01
    2189    2.253320  9.4106E-01
    2190    2.253710  9.4074E-01
    2191    2.254100  9.4042E-01
    2192    2.254490  9.4010E-01
    2193    2.254880  9.3978E-01
    2194    2.255270  9.3946E-01
    2195    2.255660  9.3913E-01
    2196    2.256050  9.3880E-01
    2197    2.256440  9.3847E-01
    2198    2.256830  9.3814E-01
    2199    2.257220  9.3780E-01
    2200    2.257610  9.3745E-01
    2201    2.258000  9.3710E-01
    2202    2.258390  9.3673E-01
    2203    2.258780  9.3636E-01
    2204    2.259170  9.3598E-01
    2205    2.259560  9.3559E-01
    2206    2.259950  9.3519E-01
    2207    2.260340  9.3478E-01
    2208    2.260730  9.3435E-01
    2209    2.261120  9.3392E-01
    2210    2.261510  9.3347E-01
    2211    2.261900  9.3301E-01
    2212    2.262290  9.3254E-01
    2213    2.262680  9.3206E-01
    2214    2.263070  9.3156E-01
    2215    2.263460  9.3106E-01
    2216    2.263850  9.3055E-01
    2217    2.264240  9.3003E-01
    2218    2.264630  9.2951E-01
    2219    2.265020  9.2898E-01
    2220    2.265410  9.2845E-01
    2221    2.265800  9.2792E-01
    2222    2.266190  9.2739E-01
    2223    2.266580  9.2686E-01
    2224    2.266970  9.2633E-01
    2225    2.267360  9.2582E-01
    2226    2.267750  9.2531E-01
    2227    2.268140  9.2481E-01
    2228    2.268530  9.2432E-01
    2229    2.268920  9.2386E-01
    2230    2.269310  9.2340E-01
    2231    2.269700  9.2297E-01
    2232    2.270090  9.2256E-01
    2233    2.270480  9.2217E-01
    2234    2.270870  9.2180E-01
    2235    2.271260  9.2146E-01
    2236    2.271650  9.2115E-01
    2237    2.272040  9.2086E-01
    2238    2.272430  9.2060E-01
    2239    2.272820  9.2036E-01
    2240    2.273210  9.2016E-01
    2241    2.273600  9.1998E-01
    2242    2.273990  9.1982E-01
    2243    2.274380  9.1970E-01
    2244    2.274770  9.1959E-01
    2245    2.275160  9.1951E-01
    2246    2.275550  9.1945E-01
    2247    2.275940  9.1940E-01
    2248    2.276330  9.1938E-01
    2249    2.276720  9.1937E-01
    2250    2.277110  9.1936E-01
    2251    2.277500  9.1937E-01
    2252    2.277890  9.1939E-01
    2253    2.278280  9.1940E-01
    2254    2.278670  9.1942E-01
    2255    2.279060  9.1943E-01
    2256    2.279450  9.1944E-01
    2257    2.279840  9.1943E-01
    2258    2.280230  9.1941E-01
    2259    2.280620  9.1938E-01
    2260    2.281010  9.1933E-01
    2261    2.281400  9.1925E-01
    2262    2.281790  9.1915E-01
    2263    2.282180  9.1903E-01
    2264    2.282570  9.1887E-01
    2265    2.282960  9.1869E-01
    2266    2.283350  9.1847E-01
    2267    2.283740  9.1821E-01
    2268    2.284130  9.1792E-01
    2269    2.284520  9.1759E-01
    2270    2.284910  9.1723E-01
    2271    2.285300  9.1682E-01
    2272    2.285690  9.1638E-01
    2273    2.286080  9.1589E-01
    2274    2.286470  9.1537E-01
    2275    2.286860  9.1481E-01
    2276    2.287250  9.1422E-01
    2277    2.287640  9.1359E-01
    2278    2.288030  9.1292E-01
    2279    2.288420  9.1222E-01
    2280    2.288810  9.1149E-01
    2281    2.289200  9.1073E-01
    2282    2.289590  9.0995E-01
    2283    2.289980  9.0914E-01
    2284    2.290370  9.0831E-01
    2285    2.290760  9.0746E-01
    2286    2.291150  9.0660E-01
    2287    2.291540  9.0572E-01
    2288    2.291930  9.0483E-01
    2289    2.292320  9.0394E-01
    2290    2.292710  9.0304E-01
    2291    2.293100  9.0214E-01
    2292    2.293490  9.0125E-01
    2293    2.293880  9.0035E-01
    2294    2.294270  8.9947E-01
    2295    2.294660  8.9859E-01
    2296    2.295050  8.9773E-01
    2297    2.295440  8.9688E-01
    2298    2.295830  8.9605E-01
    2299    2.296220  8.9524E-01
    2300    2.296610  8.9444E-01
    2301    2.297000  8.9367E-01
    2302    2.297390  8.9292E-01
    2303    2.297780  8.9219E-01
    2304    2.298170  8.9148E-01
    2305    2.298560  8.9079E-01
    2306    2.298950  8.9012E-01
    2307    2.299340  8.8948E-01
    2308    2.299730  8.8885E-01
    2309    2.300120  8.8825E-01
    2310    2.300510  8.8766E-01
    2311    2.300900  8.8708E-01
    2312    2.301290  8.8651E-01
    2313    2.301680  8.8595E-01
    2314    2.302070  8.8540E-01
    2315    2.302460  8.8485E-01
    2316    2.302850  8.8431E-01
    2317    2.303240  8.8375E-01
    2318    2.303630  8.8319E-01
    2319    2.304020  8.8262E-01
    2320    2.304410  8.8203E-01
    2321    2.304800  8.8143E-01
    2322    2.305190  8.8080E-01
    2323    2.305580  8.8015E-01
    2324    2.305970  8.7947E-01
    2325    2.306360  8.7876E-01
    2326    2.306750  8.7802E-01
    2327    2.307140  8.7725E-01
    2328    2.307530  8.7643E-01
    2329    2.307920  8.7558E-01
    2330    2.308310  8.7469E-01
    2331    2.308700  8.7376E-01
    2332    2.309090  8.7279E-01
    2333    2.309480  8.7178E-01
    2334    2.309870  8.7073E-01
    2335    2.310260  8.6965E-01
    2336    2.310650  8.6853E-01
    2337    2.311040  8.6739E-01
    2338    2.311430  8.6622E-01
    2339    2.311820  8.6502E-01
    2340    2.312210  8.6381E-01
    2341    2.312600  8.6258E-01
    2342    2.312990  8.6135E-01
    2343    2.313380  8.6011E-01
    2344    2.313770  8.5888E-01
    2345    2.314160  8.5765E-01
    2346    2.314550  8.5644E-01
    2347    2.314940  8.5525E-01
    2348    2.315330  8.5409E-01
    2349    2.315720  8.5296E-01
    2350    2.316110  8.5187E-01
    2351    2.316500  8.5082E-01
    2352    2.316890  8.4982E-01
    2353    2.317280  8.4888E-01
    2354    2.317670  8.4800E-01
    2355    2.318060  8.4718E-01
    2356    2.318450  8.4642E-01
    2357    2.318840  8.4573E-01
    2358    2.319230  8.4512E-01
    2359    2.319620  8.4457E-01
    2360    2.320010  8.4409E-01
    2361    2.320400  8.4369E-01
    2362    2.320790  8.4335E-01
    2363    2.321180  8.4308E-01
    2364    2.321570  8.4288E-01
    2365    2.321960  8.4273E-01
    2366    2.322350  8.4265E-01
    2367    2.322740  8.4261E-01
    2368    2.323130  8.4262E-01
    2369    2.323520  8.4267E-01
    2370    2.323910  8.4275E-01
    2371    2.324300  8.4285E-01
    2372    2.324690  8.4298E-01
    2373    2.325080  8.4311E-01
    2374    2.325470  8.4324E-01
    2375    2.325860  8.4337E-01
    2376    2.326250  8.4348E-01
    2377    2.326640  8.4356E-01
    2378    2.327030  8.4362E-01
    2379    2.327420  8.4363E-01
    2380    2.327810  8.4360E-01
    2381    2.328200  8.4351E-01
    2382    2.328590  8.4335E-01
    2383    2.328980  8.4313E-01
    2384    2.329370  8.4283E-01
    2385    2.329760  8.4245E-01
    2386    2.330150  8.4198E-01
    2387    2.330540  8.4142E-01
    2388    2.330930  8.4077E-01
    2389    2.331320  8.4002E-01
    2390    2.331710  8.3917E-01
    2391    2.332100  8.3822E-01
    2392    2.332490  8.3718E-01
    2393    2.332880  8.3602E-01
    2394    2.333270  8.3477E-01
    2395    2.333660  8.3342E-01
    2396    2.334050  8.3198E-01
    2397    2.334440  8.3044E-01
    2398    2.334830  8.2881E-01
    2399    2.335220  8.2710E-01
    2400    2.335610  8.2531E-01
    2401    2.336000  8.2344E-01
    2402    2.336390  8.2150E-01
    2403    2.336780  8.1950E-01
    2404    2.337170  8.1745E-01
    2405    2.337560  8.1535E-01
    2406    2.337950  8.1320E-01
    2407    2.338340  8.1102E-01
    2408    2.338730  8.0882E-01
    2409    2.339120  8.0660E-01
    2410    2.339510  8.0436E-01
    2411    2.339900  8.0213E-01
    2412    2.340290  7.9991E-01
    2413    2.340680  7.9770E-01
    2414    2.341070  7.9551E-01
    2415    2.341460  7.9336E-01
    2416    2.341850  7.9124E-01
    2417    2.342240  7.8917E-01
    2418    2.342630  7.8716E-01
    2419    2.343020  7.8521E-01
    2420    2.343410  7.8333E-01
    2421    2.343800  7.8152E-01
    2422    2.344190  7.7980E-01
    2423    2.344580  7.7816E-01
    2424    2.344970  7.7661E-01
    2425    2.345360  7.7516E-01
    2426    2.345750  7.7381E-01
    2427    2.346140  7.7256E-01
    2428    2.346530  7.7142E-01
    2429    2.346920  7.7039E-01
    2430    2.347310  7.6947E-01
    2431    2.347700  7.6865E-01
    2432    2.348090  7.6795E-01
    2433    2.348480  7.6735E-01
    2434    2.348870  7.6686E-01
    2435    2.349260  7.6647E-01
    2436    2.349650  7.6618E-01
    2437    2.350040  7.6598E-01
    2438    2.350430  7.6588E-01
    2439    2.350820  7.6586E-01
    2440    2.351210  7.6591E-01
    2441    2.351600  7.6603E-01
    2442    2.351990  7.6622E-01
    2443    2.352380  7.6645E-01
    2444    2.352770  7.6673E-01
    2445    2.353160  7.6703E-01
    2446    2.353550  7.6736E-01
    2447    2.353940  7.6770E-01
    2448    2.354330  7.6804E-01
    2449    2.354720  7.6837E-01
    2450    2.355110  7.6867E-01
    2451    2.355500  7.6893E-01
    2452    2.355890  7.6915E-01
    2453    2.356280  7.6931E-01
    2454    2.356670  7.6939E-01
    2455    2.357060  7.6940E-01
    2456    2.357450  7.6932E-01
    2457    2.357840  7.6913E-01
    2458    2.358230  7.6883E-01
    2459    2.358620  7.6842E-01
    2460    2.359010  7.6787E-01
    2461    2.359400  7.6720E-01
    2462    2.359790  7.6638E-01
    2463    2.360180  7.6542E-01
    2464    2.360570  7.6431E-01
    2465    2.360960  7.6304E-01
    2466    2.361350  7.6163E-01
    2467    2.361740  7.6005E-01
    2468    2.362130  7.5832E-01
    2469    2.362520  7.5644E-01
    2470    2.362910  7.5440E-01
    2471    2.363300  7.5221E-01
    2472    2.363690  7.4987E-01
    2473    2.364080  7.4739E-01
    2474    2.364470  7.4478E-01
    2475    2.364860  7.4204E-01
    2476    2.365250  7.3917E-01
    2477    2.365640  7.3618E-01
    2478    2.366030  7.3309E-01
    2479    2.366420  7.2990E-01
    2480    2.366810  7.2662E-01
    2481    2.367200  7.2326E-01
    2482    2.367590  7.1982E-01
    2483    2.367980  7.1633E-01
    2484    2.368370  7.1278E-01
    2485    2.368760  7.0919E-01
    2486    2.369150  7.0557E-01
    2487    2.369540  7.0193E-01
    2488    2.369930  6.9828E-01
    2489    2.370320  6.9463E-01
    2490    2.370710  6.9098E-01
    2491    2.371100  6.8735E-01
    2492    2.371490  6.8375E-01
    2493    2.371880  6.8018E-01
    2494    2.372270  6.7665E-01
    2495    2.372660  6.7318E-01
    2496    2.373050  6.6976E-01
    2497    2.373440  6.6641E-01
    2498    2.373830  6.6314E-01
    2499    2.374220  6.5994E-01
    2500    2.374610  6.5683E-01
    2501    2.375000  6.5382E-01
    2502    2.375390  6.5090E-01
    2503    2.375780  6.4808E-01
    2504    2.376170  6.4538E-01
    2505    2.376560  6.4279E-01
    2506    2.376950  6.4031E-01
    2507    2.377340  6.3796E-01
    2508    2.377730  6.3573E-01
    2509    2.378120  6.3363E-01
    2510    2.378510  6.3166E-01
    2511    2.378900  6.2983E-01
    2512    2.379290  6.2813E-01
    2513    2.379680  6.2657E-01
    2514    2.380070  6.2515E-01
    2515    2.380460  6.2388E-01
    2516    2.380850  6.2274E-01
    2517    2.381240  6.2175E-01
    2518    2.381630  6.2090E-01
    2519    2.382020  6.2019E-01
    2520    2.382410  6.1961E-01
    2521    2.382800  6.1918E-01
    2522    2.383190  6.1889E-01
    2523    2.383580  6.1872E-01
    2524    2.383970  6.1869E-01
    2525    2.384360  6.1879E-01
    2526    2.384750  6.1900E-01
    2527    2.385140  6.1934E-01
    2528    2.385530  6.1978E-01
    2529    2.385920  6.2034E-01
    2530    2.386310  6.2099E-01
    2531    2.386700  6.2173E-01
    2532    2.387090  6.2256E-01
    2533    2.387480  6.2346E-01
    2534    2.387870  6.2443E-01
    2535    2.388260  6.2546E-01
    2536    2.388650  6.2654E-01
    2537    2.389040  6.2766E-01
    2538    2.389430  6.2880E-01
    2539    2.389820  6.2997E-01
    2540    2.390210  6.3114E-01
    2541    2.390600  6.3231E-01
    2542    2.390990  6.3346E-01
    2543    2.391380  6.3459E-01
    2544    2.391770  6.3568E-01
    2545    2.392160  6.3672E-01
    2546    2.392550  6.3771E-01
    2547    2.392940  6.3862E-01
    2548    2.393330  6.3946E-01
    2549    2.393720  6.4020E-01
    2550    2.394110  6.4085E-01
    2551    2.394500  6.4139E-01
    2552    2.394890  6.4181E-01
    2553    2.395280  6.4210E-01
    2554    2.395670  6.4226E-01
    2555    2.396060  6.4228E-01
    2556    2.396450  6.4215E-01
    2557    2.396840  6.4187E-01
    2558    2.397230  6.4144E-01
    2559    2.397620  6.4084E-01
    2560    2.398010  6.4008E-01
    2561    2.398400  6.3915E-01
    2562    2.398790  6.3805E-01
    2563    2.399180  6.3679E-01
    2564    2.399570  6.3535E-01
    2565    2.399960  6.3375E-01
    2566    2.400350  6.3199E-01
    2567    2.400740  6.3006E-01
    2568    2.401130  6.2798E-01
    2569    2.401520  6.2575E-01
    2570    2.401910  6.2337E-01
    2571    2.402300  6.2085E-01
    2572    2.402690  6.1819E-01
    2573    2.403080  6.1541E-01
    2574    2.403470  6.1252E-01
    2575    2.403860  6.0952E-01
    2576    2.404250  6.0643E-01
    2577    2.404640  6.0325E-01
    2578    2.405030  6.0000E-01
    2579    2.405420  5.9668E-01
    2580    2.405810  5.9332E-01
    2581    2.406200  5.8992E-01
    2582    2.406590  5.8649E-01
    2583    2.406980  5.8306E-01
    2584    2.407370  5.7962E-01
    2585    2.407760  5.7621E-01
    2586    2.408150  5.7282E-01
    2587    2.408540  5.6948E-01
    2588    2.408930  5.6619E-01
    2589    2.409320  5.6297E-01
    2590    2.409710  5.5984E-01
    2591    2.410100  5.5680E-01
    2592    2.410490  5.5386E-01
    2593    2.410880  5.5105E-01
    2594    2.411270  5.4836E-01
    2595    2.411660  5.4581E-01
    2596    2.412050  5.4341E-01
    2597    2.412440  5.4116E-01
    2598    2.412830  5.3908E-01
    2599    2.413220  5.3717E-01
    2600    2.413610  5.3543E-01
    2601    2.414000  5.3388E-01
    2602    2.414390  5.3251E-01
    2603    2.414780  5.3132E-01
    2604    2.415170  5.3032E-01
    2605    2.415560  5.2951E-01
    2606    2.415950  5.2888E-01
    2607    2.416340  5.2843E-01
    2608    2.416730  5.2816E-01
    2609    2.417120  5.2806E-01
    2610    2.417510  5.2813E-01
    2611    2.417900  5.2835E-01
    2612    2.418290  5.2873E-01
    2613    2.418680  5.2924E-01
    2614    2.419070  5.2988E-01
    2615    2.419460  5.3064E-01
    2616    2.419850  5.3150E-01
    2617    2.420240  5.3245E-01
    2618    2.420630  5.3349E-01
    2619    2.421020  5.3458E-01
    2620    2.421410  5.3572E-01
    2621    2.421800  5.3690E-01
    2622    2.422190  5.3810E-01
    2623    2.422580  5.3930E-01
    2624    2.422970  5.4049E-01
    2625    2.423360  5.4166E-01
    2626    2.423750  5.4278E-01
    2627    2.424140  5.4386E-01
    2628    2.424530  5.4487E-01
    2629    2.424920  5.4581E-01
    2630    2.425310  5.4666E-01
    2631    2.425700  5.4741E-01
    2632    2.426090  5.4805E-01
    2633    2.426480  5.4858E-01
    2634    2.426870  5.4898E-01
    2635    2.427260  5.4925E-01
    2636    2.427650  5.4938E-01
    2637    2.428040  5.4937E-01
    2638    2.428430  5.4921E-01
    2639    2.428820  5.4891E-01
    2640    2.429210  5.4845E-01
    2641    2.429600  5.4785E-01
    2642    2.429990  5.4709E-01
    2643    2.430380  5.4618E-01
    2644    2.430770  5.4511E-01
    2645    2.431160  5.4390E-01
    2646    2.431550  5.4255E-01
    2647    2.431940  5.4104E-01
    2648    2.432330  5.3940E-01
    2649    2.432720  5.3762E-01
    2650    2.433110  5.3570E-01
    2651    2.433500  5.3365E-01
    2652    2.433890  5.3148E-01
    2653    2.434280  5.2918E-01
    2654    2.434670  5.2677E-01
    2655    2.435060  5.2424E-01
    2656    2.435450  5.2161E-01
    2657    2.435840  5.1887E-01
    2658    2.436230  5.1603E-01
    2659    2.436620  5.1311E-01
    2660    2.437010  5.1009E-01
    2661    2.437400  5.0699E-01
    2662    2.437790  5.0382E-01
    2663    2.438180  5.0058E-01
    2664    2.438570  4.9728E-01
    2665    2.438960  4.9392E-01
    2666    2.439350  4.9051E-01
    2667    2.439740  4.8707E-01
    2668    2.440130  4.8360E-01
    2669    2.440520  4.8010E-01
    2670    2.440910  4.7660E-01
    2671    2.441300  4.7309E-01
    2672    2.441690  4.6960E-01
    2673    2.442080  4.6612E-01
    2674    2.442470  4.6268E-01
    2675    2.442860  4.5928E-01
    2676    2.443250  4.5594E-01
    2677    2.443640  4.5267E-01
    2678    2.444030  4.4948E-01
    2679    2.444420  4.4638E-01
    2680    2.444810  4.4339E-01
    2681    2.445200  4.4052E-01
    2682    2.445590  4.3777E-01
    2683    2.445980  4.3517E-01
    2684    2.446370  4.3271E-01
    2685    2.446760  4.3042E-01
    2686    2.447150  4.2829E-01
    2687    2.447540  4.2633E-01
    2688    2.447930  4.2456E-01
    2689    2.448320  4.2296E-01
    2690    2.448710  4.2156E-01
    2691    2.449100  4.2034E-01
    2692    2.449490  4.1931E-01
    2693    2.449880  4.1847E-01
    2694    2.450270  4.1781E-01
    2695    2.450660  4.1733E-01
    2696    2.451050  4.1701E-01
    2697    2.451440  4.1686E-01
    2698    2.451830  4.1687E-01
    2699    2.452220  4.1701E-01
    2700    2.452610  4.1728E-01
    2701    2.453000  4.1766E-01
    2702    2.453390  4.1814E-01
    2703    2.453780  4.1870E-01
    2704    2.454170  4.1932E-01
    2705    2.454560  4.1998E-01
    2706    2.454950  4.2067E-01
    2707    2.455340  4.2137E-01
    2708    2.455730  4.2205E-01
    2709    2.456120  4.2270E-01
    2710    2.456510  4.2330E-01
    2711    2.456900  4.2383E-01
    2712    2.457290  4.2426E-01
    2713    2.457680  4.2459E-01
    2714    2.458070  4.2479E-01
    2715    2.458460  4.2485E-01
    2716    2.458850  4.2475E-01
    2717    2.459240  4.2448E-01
    2718    2.459630  4.2402E-01
    2719    2.460020  4.2337E-01
    2720    2.460410  4.2251E-01
    2721    2.460800  4.2143E-01
    2722    2.461190  4.2013E-01
    2723    2.461580  4.1861E-01
    2724    2.461970  4.1685E-01
    2725    2.462360  4.1485E-01
    2726    2.462750  4.1261E-01
    2727    2.463140  4.1014E-01
    2728    2.463530  4.0743E-01
    2729    2.463920  4.0449E-01
    2730    2.464310  4.0132E-01
    2731    2.464700  3.9792E-01
    2732    2.465090  3.9430E-01
    2733    2.465480  3.9047E-01
    2734    2.465870  3.8643E-01
    2735    2.466260  3.8220E-01
    2736    2.466650  3.7778E-01
    2737    2.467040  3.7318E-01
    2738    2.467430  3.6841E-01
    2739    2.467820  3.6348E-01
    2740    2.468210  3.5840E-01
    2741    2.468600  3.5319E-01
    2742    2.468990  3.4785E-01
    2743    2.469380  3.4239E-01
    2744    2.469770  3.3683E-01
    2745    2.470160  3.3117E-01
    2746    2.470550  3.2543E-01
    2747    2.470940  3.1962E-01
    2748    2.471330  3.1374E-01
    2749    2.471720  3.0781E-01
    2750    2.472110  3.0183E-01
    2751    2.472500  2.9582E-01
    2752    2.472890  2.8978E-01
    2753    2.473280  2.8372E-01
    2754    2.473670  2.7765E-01
    2755    2.474060  2.7158E-01
    2756    2.474450  2.6552E-01
    2757    2.474840  2.5947E-01
    2758    2.475230  2.5343E-01
    2759    2.475620  2.4743E-01
    2760    2.476010  2.4145E-01
    2761    2.476400  2.3552E-01
    2762    2.476790  2.2963E-01
    2763    2.477180  2.2379E-01
    2764    2.477570  2.1801E-01
    2765    2.477960  2.1229E-01
    2766    2.478350  2.0663E-01
    2767    2.478740  2.0105E-01
    2768    2.479130  1.9555E-01
    2769    2.479520  1.9013E-01
    2770    2.479910  1.8479E-01
    2771    2.480300  1.7955E-01
    2772    2.480690  1.7440E-01
    2773    2.481080  1.6936E-01
    2774    2.481470  1.6441E-01
    2775    2.481860  1.5958E-01
    2776    2.482250  1.5485E-01
    2777    2.482640  1.5024E-01
    2778    2.483030  1.4574E-01
    2779    2.483420  1.4136E-01
    2780    2.483810  1.3711E-01
    2781    2.484200  1.3298E-01
    2782    2.484590  1.2897E-01
    2783    2.484980  1.2508E-01
    2784    2.485370  1.2133E-01
    2785    2.485760  1.1769E-01
    2786    2.486150  1.1419E-01
    2787    2.486540  1.1080E-01
    2788    2.486930  1.0755E-01
    2789    2.487320  1.0441E-01
    2790    2.487710  1.0139E-01
    2791    2.488100  9.8495E-02
    2792    2.488490  9.5711E-02
    2793    2.488880  9.3038E-02
    2794    2.489270  9.0472E-02
    2795    2.489660  8.8010E-02
    2796    2.490050  8.5647E-02
    2797    2.490440  8.3379E-02
    2798    2.490830  8.1200E-02
    2799    2.491220  7.9106E-02
    2800    2.491610  7.7092E-02
    2801    2.492000  7.5151E-02
    2802    2.492390  7.3279E-02
    2803    2.492780  7.1470E-02
    2804    2.493170  6.9719E-02
    2805    2.493560  6.8020E-02
    2806    2.493950  6.6368E-02
    2807    2.494340  6.4758E-02
    2808    2.494730  6.3185E-02
    2809    2.495120  6.1644E-02
    2810    2.495510  6.0130E-02
    2811    2.495900  5.8640E-02
    2812    2.496290  5.7169E-02
    2813    2.496680  5.5713E-02
    2814    2.497070  5.4271E-02
    2815    2.497460  5.2838E-02
    2816    2.497850  5.1412E-02
    2817    2.498240  4.9992E-02
    2818    2.498630  4.8576E-02
    2819    2.499020  4.7161E-02
    2820    2.499410  4.5748E-02
    2821    2.499800  4.4337E-02
