       1    1.400000  1.8488E-03
       2    1.400390  2.8390E-01
       3    1.400780  2.9641E-01
       4    1.401170  3.0905E-01
       5    1.401560  3.2181E-01
       6    1.401950  3.3465E-01
       7    1.402340  3.4756E-01
       8    1.402730  3.6051E-01
       9    1.403120  3.7347E-01
      10    1.403510  3.8642E-01
      11    1.403900  3.9933E-01
      12    1.404290  4.1219E-01
      13    1.404680  4.2497E-01
      14    1.405070  4.3764E-01
      15    1.405460  4.5018E-01
      16    1.405850  4.6257E-01
      17    1.406240  4.7479E-01
      18    1.406630  4.8681E-01
      19    1.407020  4.9862E-01
      20    1.407410  5.1020E-01
      21    1.407800  5.2154E-01
      22    1.408190  5.3260E-01
      23    1.408580  5.4339E-01
      24    1.408970  5.5389E-01
      25    1.409360  5.6408E-01
      26    1.409750  5.7395E-01
      27    1.410140  5.8349E-01
      28    1.410530  5.9271E-01
      29    1.410920  6.0158E-01
      30    1.411310  6.1010E-01
      31    1.411700  6.1827E-01
      32    1.412090  6.2609E-01
      33    1.412480  6.3355E-01
      34    1.412870  6.4066E-01
      35    1.413260  6.4742E-01
      36    1.413650  6.5382E-01
      37    1.414040  6.5988E-01
      38    1.414430  6.6559E-01
      39    1.414820  6.7097E-01
      40    1.415210  6.7602E-01
      41    1.415600  6.8075E-01
      42    1.415990  6.8516E-01
      43    1.416380  6.8927E-01
      44    1.416770  6.9309E-01
      45    1.417160  6.9663E-01
      46    1.417550  6.9990E-01
      47    1.417940  7.0291E-01
      48    1.418330  7.0568E-01
      49    1.418720  7.0822E-01
      50    1.419110  7.1055E-01
      51    1.419500  7.1267E-01
      52    1.419890  7.1460E-01
      53    1.420280  7.1636E-01
      54    1.420670  7.1796E-01
      55    1.421060  7.1942E-01
      56    1.421450  7.2074E-01
      57    1.421840  7.2195E-01
      58    1.422230  7.2304E-01
      59    1.422620  7.2405E-01
      60    1.423010  7.2498E-01
      61    1.423400  7.2584E-01
      62    1.423790  7.2664E-01
      63    1.424180  7.2740E-01
      64    1.424570  7.2813E-01
      65    1.424960  7.2883E-01
      66    1.425350  7.2951E-01
      67    1.425740  7.3018E-01
      68    1.426130  7.3085E-01
      69    1.426520  7.3153E-01
      70    1.426910  7.3222E-01
      71    1.427300  7.3292E-01
      72    1.427690  7.3364E-01
      73    1.428080  7.3438E-01
      74    1.428470  7.3515E-01
      75    1.428860  7.3595E-01
      76    1.429250  7.3677E-01
      77    1.429640  7.3763E-01
      78    1.430030  7.3851E-01
      79    1.430420  7.3942E-01
      80    1.430810  7.4035E-01
      81    1.431200  7.4131E-01
      82    1.431590  7.4229E-01
      83    1.431980  7.4330E-01
      84    1.432370  7.4431E-01
      85    1.432760  7.4535E-01
      86    1.433150  7.4639E-01
      87    1.433540  7.4744E-01
      88    1.433930  7.4850E-01
      89    1.434320  7.4955E-01
      90    1.434710  7.5060E-01
      91    1.435100  7.5165E-01
      92    1.435490  7.5269E-01
      93    1.435880  7.5371E-01
      94    1.436270  7.5471E-01
      95    1.436660  7.5570E-01
      96    1.437050  7.5667E-01
      97    1.437440  7.5761E-01
      98    1.437830  7.5854E-01
      99    1.438220  7.5943E-01
     100    1.438610  7.6030E-01
     101    1.439000  7.6114E-01
     102    1.439390  7.6195E-01
     103    1.439780  7.6273E-01
     104    1.440170  7.6349E-01
     105    1.440560  7.6423E-01
     106    1.440950  7.6493E-01
     107    1.441340  7.6562E-01
     108    1.441730  7.6629E-01
     109    1.442120  7.6693E-01
     110    1.442510  7.6757E-01
     111    1.442900  7.6819E-01
     112    1.443290  7.6880E-01
     113    1.443680  7.6941E-01
     114    1.444070  7.7001E-01
     115    1.444460  7.7062E-01
     116    1.444850  7.7123E-01
     117    1.445240  7.7186E-01
     118    1.445630  7.7249E-01
     119    1.446020  7.7315E-01
     120    1.446410  7.7383E-01
     121    1.446800  7.7453E-01
     122    1.447190  7.7527E-01
     123    1.447580  7.7604E-01
     124    1.447970  7.7684E-01
     125    1.448360  7.7768E-01
     126    1.448750  7.7857E-01
     127    1.449140  7.7950E-01
     128    1.449530  7.8047E-01
     129    1.449920  7.8150E-01
     130    1.450310  7.8257E-01
     131    1.450700  7.8370E-01
     132    1.451090  7.8487E-01
     133    1.451480  7.8610E-01
     134    1.451870  7.8738E-01
     135    1.452260  7.8871E-01
     136    1.452650  7.9009E-01
     137    1.453040  7.9151E-01
     138    1.453430  7.9299E-01
     139    1.453820  7.9450E-01
     140    1.454210  7.9607E-01
     141    1.454600  7.9767E-01
     142    1.454990  7.9931E-01
     143    1.455380  8.0098E-01
     144    1.455770  8.0269E-01
     145    1.456160  8.0442E-01
     146    1.456550  8.0619E-01
     147    1.456940  8.0797E-01
     148    1.457330  8.0978E-01
     149    1.457720  8.1161E-01
     150    1.458110  8.1346E-01
     151    1.458500  8.1531E-01
     152    1.458890  8.1718E-01
     153    1.459280  8.1906E-01
     154    1.459670  8.2095E-01
     155    1.460060  8.2285E-01
     156    1.460450  8.2474E-01
     157    1.460840  8.2665E-01
     158    1.461230  8.2855E-01
     159    1.461620  8.3046E-01
     160    1.462010  8.3238E-01
     161    1.462400  8.3429E-01
     162    1.462790  8.3620E-01
     163    1.463180  8.3812E-01
     164    1.463570  8.4004E-01
     165    1.463960  8.4196E-01
     166    1.464350  8.4389E-01
     167    1.464740  8.4581E-01
     168    1.465130  8.4775E-01
     169    1.465520  8.4968E-01
     170    1.465910  8.5162E-01
     171    1.466300  8.5357E-01
     172    1.466690  8.5551E-01
     173    1.467080  8.5747E-01
     174    1.467470  8.5943E-01
     175    1.467860  8.6139E-01
     176    1.468250  8.6336E-01
     177    1.468640  8.6533E-01
     178    1.469030  8.6731E-01
     179    1.469420  8.6928E-01
     180    1.469810  8.7126E-01
     181    1.470200  8.7324E-01
     182    1.470590  8.7522E-01
     183    1.470980  8.7719E-01
     184    1.471370  8.7916E-01
     185    1.471760  8.8113E-01
     186    1.472150  8.8309E-01
     187    1.472540  8.8504E-01
     188    1.472930  8.8698E-01
     189    1.473320  8.8890E-01
     190    1.473710  8.9082E-01
     191    1.474100  8.9271E-01
     192    1.474490  8.9459E-01
     193    1.474880  8.9646E-01
     194    1.475270  8.9830E-01
     195    1.475660  9.0012E-01
     196    1.476050  9.0192E-01
     197    1.476440  9.0369E-01
     198    1.476830  9.0544E-01
     199    1.477220  9.0717E-01
     200    1.477610  9.0887E-01
     201    1.478000  9.1054E-01
     202    1.478390  9.1219E-01
     203    1.478780  9.1382E-01
     204    1.479170  9.1541E-01
     205    1.479560  9.1698E-01
     206    1.479950  9.1853E-01
     207    1.480340  9.2005E-01
     208    1.480730  9.2154E-01
     209    1.481120  9.2301E-01
     210    1.481510  9.2446E-01
     211    1.481900  9.2588E-01
     212    1.482290  9.2728E-01
     213    1.482680  9.2866E-01
     214    1.483070  9.3002E-01
     215    1.483460  9.3135E-01
     216    1.483850  9.3267E-01
     217    1.484240  9.3397E-01
     218    1.484630  9.3526E-01
     219    1.485020  9.3652E-01
     220    1.485410  9.3777E-01
     221    1.485800  9.3901E-01
     222    1.486190  9.4023E-01
     223    1.486580  9.4143E-01
     224    1.486970  9.4263E-01
     225    1.487360  9.4381E-01
     226    1.487750  9.4498E-01
     227    1.488140  9.4613E-01
     228    1.488530  9.4728E-01
     229    1.488920  9.4841E-01
     230    1.489310  9.4953E-01
     231    1.489700  9.5065E-01
     232    1.490090  9.5175E-01
     233    1.490480  9.5284E-01
     234    1.490870  9.5391E-01
     235    1.491260  9.5498E-01
     236    1.491650  9.5604E-01
     237    1.492040  9.5708E-01
     238    1.492430  9.5811E-01
     239    1.492820  9.5913E-01
     240    1.493210  9.6014E-01
     241    1.493600  9.6113E-01
     242    1.493990  9.6211E-01
     243    1.494380  9.6307E-01
     244    1.494770  9.6402E-01
     245    1.495160  9.6495E-01
     246    1.495550  9.6586E-01
     247    1.495940  9.6676E-01
     248    1.496330  9.6764E-01
     249    1.496720  9.6850E-01
     250    1.497110  9.6934E-01
     251    1.497500  9.7016E-01
     252    1.497890  9.7096E-01
     253    1.498280  9.7174E-01
     254    1.498670  9.7250E-01
     255    1.499060  9.7323E-01
     256    1.499450  9.7395E-01
     257    1.499840  9.7465E-01
     258    1.500230  9.7532E-01
     259    1.500620  9.7597E-01
     260    1.501010  9.7661E-01
     261    1.501400  9.7722E-01
     262    1.501790  9.7781E-01
     263    1.502180  9.7838E-01
     264    1.502570  9.7894E-01
     265    1.502960  9.7947E-01
     266    1.503350  9.7999E-01
     267    1.503740  9.8049E-01
     268    1.504130  9.8098E-01
     269    1.504520  9.8145E-01
     270    1.504910  9.8191E-01
     271    1.505300  9.8236E-01
     272    1.505690  9.8280E-01
     273    1.506080  9.8322E-01
     274    1.506470  9.8364E-01
     275    1.506860  9.8405E-01
     276    1.507250  9.8445E-01
     277    1.507640  9.8485E-01
     278    1.508030  9.8524E-01
     279    1.508420  9.8562E-01
     280    1.508810  9.8601E-01
     281    1.509200  9.8639E-01
     282    1.509590  9.8676E-01
     283    1.509980  9.8714E-01
     284    1.510370  9.8751E-01
     285    1.510760  9.8788E-01
     286    1.511150  9.8825E-01
     287    1.511540  9.8862E-01
     288    1.511930  9.8898E-01
     289    1.512320  9.8935E-01
     290    1.512710  9.8971E-01
     291    1.513100  9.9007E-01
     292    1.513490  9.9043E-01
     293    1.513880  9.9078E-01
     294    1.514270  9.9113E-01
     295    1.514660  9.9147E-01
     296    1.515050  9.9182E-01
     297    1.515440  9.9215E-01
     298    1.515830  9.9248E-01
     299    1.516220  9.9280E-01
     300    1.516610  9.9312E-01
     301    1.517000  9.9342E-01
     302    1.517390  9.9372E-01
     303    1.517780  9.9401E-01
     304    1.518170  9.9429E-01
     305    1.518560  9.9456E-01
     306    1.518950  9.9482E-01
     307    1.519340  9.9506E-01
     308    1.519730  9.9530E-01
     309    1.520120  9.9552E-01
     310    1.520510  9.9573E-01
     311    1.520900  9.9593E-01
     312    1.521290  9.9612E-01
     313    1.521680  9.9629E-01
     314    1.522070  9.9645E-01
     315    1.522460  9.9660E-01
     316    1.522850  9.9673E-01
     317    1.523240  9.9686E-01
     318    1.523630  9.9697E-01
     319    1.524020  9.9707E-01
     320    1.524410  9.9715E-01
     321    1.524800  9.9723E-01
     322    1.525190  9.9729E-01
     323    1.525580  9.9735E-01
     324    1.525970  9.9739E-01
     325    1.526360  9.9742E-01
     326    1.526750  9.9745E-01
     327    1.527140  9.9746E-01
     328    1.527530  9.9747E-01
     329    1.527920  9.9747E-01
     330    1.528310  9.9746E-01
     331    1.528700  9.9745E-01
     332    1.529090  9.9743E-01
     333    1.529480  9.9741E-01
     334    1.529870  9.9738E-01
     335    1.530260  9.9735E-01
     336    1.530650  9.9731E-01
     337    1.531040  9.9727E-01
     338    1.531430  9.9723E-01
     339    1.531820  9.9719E-01
     340    1.532210  9.9715E-01
     341    1.532600  9.9710E-01
     342    1.532990  9.9706E-01
     343    1.533380  9.9702E-01
     344    1.533770  9.9698E-01
     345    1.534160  9.9694E-01
     346    1.534550  9.9691E-01
     347    1.534940  9.9687E-01
     348    1.535330  9.9684E-01
     349    1.535720  9.9682E-01
     350    1.536110  9.9680E-01
     351    1.536500  9.9678E-01
     352    1.536890  9.9676E-01
     353    1.537280  9.9676E-01
     354    1.537670  9.9675E-01
     355    1.538060  9.9675E-01
     356    1.538450  9.9676E-01
     357    1.538840  9.9677E-01
     358    1.539230  9.9679E-01
     359    1.539620  9.9681E-01
     360    1.540010  9.9684E-01
     361    1.540400  9.9688E-01
     362    1.540790  9.9691E-01
     363    1.541180  9.9696E-01
     364    1.541570  9.9700E-01
     365    1.541960  9.9705E-01
     366    1.542350  9.9711E-01
     367    1.542740  9.9717E-01
     368    1.543130  9.9723E-01
     369    1.543520  9.9729E-01
     370    1.543910  9.9736E-01
     371    1.544300  9.9742E-01
     372    1.544690  9.9749E-01
     373    1.545080  9.9756E-01
     374    1.545470  9.9763E-01
     375    1.545860  9.9770E-01
     376    1.546250  9.9776E-01
     377    1.546640  9.9783E-01
     378    1.547030  9.9789E-01
     379    1.547420  9.9795E-01
     380    1.547810  9.9801E-01
     381    1.548200  9.9806E-01
     382    1.548590  9.9811E-01
     383    1.548980  9.9815E-01
     384    1.549370  9.9818E-01
     385    1.549760  9.9821E-01
     386    1.550150  9.9823E-01
     387    1.550540  9.9824E-01
     388    1.550930  9.9825E-01
     389    1.551320  9.9824E-01
     390    1.551710  9.9823E-01
     391    1.552100  9.9820E-01
     392    1.552490  9.9816E-01
     393    1.552880  9.9812E-01
     394    1.553270  9.9805E-01
     395    1.553660  9.9798E-01
     396    1.554050  9.9789E-01
     397    1.554440  9.9779E-01
     398    1.554830  9.9768E-01
     399    1.555220  9.9755E-01
     400    1.555610  9.9741E-01
     401    1.556000  9.9725E-01
     402    1.556390  9.9707E-01
     403    1.556780  9.9688E-01
     404    1.557170  9.9668E-01
     405    1.557560  9.9645E-01
     406    1.557950  9.9622E-01
     407    1.558340  9.9596E-01
     408    1.558730  9.9569E-01
     409    1.559120  9.9541E-01
     410    1.559510  9.9511E-01
     411    1.559900  9.9479E-01
     412    1.560290  9.9446E-01
     413    1.560680  9.9412E-01
     414    1.561070  9.9376E-01
     415    1.561460  9.9339E-01
     416    1.561850  9.9301E-01
     417    1.562240  9.9261E-01
     418    1.562630  9.9221E-01
     419    1.563020  9.9180E-01
     420    1.563410  9.9138E-01
     421    1.563800  9.9096E-01
     422    1.564190  9.9053E-01
     423    1.564580  9.9010E-01
     424    1.564970  9.8967E-01
     425    1.565360  9.8924E-01
     426    1.565750  9.8880E-01
     427    1.566140  9.8838E-01
     428    1.566530  9.8795E-01
     429    1.566920  9.8754E-01
     430    1.567310  9.8713E-01
     431    1.567700  9.8674E-01
     432    1.568090  9.8635E-01
     433    1.568480  9.8598E-01
     434    1.568870  9.8563E-01
     435    1.569260  9.8529E-01
     436    1.569650  9.8497E-01
     437    1.570040  9.8467E-01
     438    1.570430  9.8439E-01
     439    1.570820  9.8414E-01
     440    1.571210  9.8391E-01
     441    1.571600  9.8370E-01
     442    1.571990  9.8352E-01
     443    1.572380  9.8337E-01
     444    1.572770  9.8324E-01
     445    1.573160  9.8314E-01
     446    1.573550  9.8306E-01
     447    1.573940  9.8302E-01
     448    1.574330  9.8300E-01
     449    1.574720  9.8301E-01
     450    1.575110  9.8305E-01
     451    1.575500  9.8311E-01
     452    1.575890  9.8320E-01
     453    1.576280  9.8331E-01
     454    1.576670  9.8345E-01
     455    1.577060  9.8361E-01
     456    1.577450  9.8379E-01
     457    1.577840  9.8399E-01
     458    1.578230  9.8421E-01
     459    1.578620  9.8444E-01
     460    1.579010  9.8469E-01
     461    1.579400  9.8495E-01
     462    1.579790  9.8522E-01
     463    1.580180  9.8550E-01
     464    1.580570  9.8578E-01
     465    1.580960  9.8607E-01
     466    1.581350  9.8635E-01
     467    1.581740  9.8664E-01
     468    1.582130  9.8692E-01
     469    1.582520  9.8719E-01
     470    1.582910  9.8746E-01
     471    1.583300  9.8771E-01
     472    1.583690  9.8795E-01
     473    1.584080  9.8818E-01
     474    1.584470  9.8838E-01
     475    1.584860  9.8857E-01
     476    1.585250  9.8873E-01
     477    1.585640  9.8887E-01
     478    1.586030  9.8898E-01
     479    1.586420  9.8906E-01
     480    1.586810  9.8911E-01
     481    1.587200  9.8913E-01
     482    1.587590  9.8911E-01
     483    1.587980  9.8907E-01
     484    1.588370  9.8899E-01
     485    1.588760  9.8887E-01
     486    1.589150  9.8871E-01
     487    1.589540  9.8852E-01
     488    1.589930  9.8830E-01
     489    1.590320  9.8803E-01
     490    1.590710  9.8774E-01
     491    1.591100  9.8740E-01
     492    1.591490  9.8704E-01
     493    1.591880  9.8663E-01
     494    1.592270  9.8620E-01
     495    1.592660  9.8574E-01
     496    1.593050  9.8525E-01
     497    1.593440  9.8473E-01
     498    1.593830  9.8419E-01
     499    1.594220  9.8363E-01
     500    1.594610  9.8305E-01
     501    1.595000  9.8246E-01
     502    1.595390  9.8185E-01
     503    1.595780  9.8123E-01
     504    1.596170  9.8061E-01
     505    1.596560  9.7998E-01
     506    1.596950  9.7936E-01
     507    1.597340  9.7873E-01
     508    1.597730  9.7812E-01
     509    1.598120  9.7751E-01
     510    1.598510  9.7692E-01
     511    1.598900  9.7635E-01
     512    1.599290  9.7580E-01
     513    1.599680  9.7527E-01
     514    1.600070  9.7477E-01
     515    1.600460  9.7430E-01
     516    1.600850  9.7386E-01
     517    1.601240  9.7345E-01
     518    1.601630  9.7309E-01
     519    1.602020  9.7276E-01
     520    1.602410  9.7248E-01
     521    1.602800  9.7224E-01
     522    1.603190  9.7204E-01
     523    1.603580  9.7189E-01
     524    1.603970  9.7178E-01
     525    1.604360  9.7172E-01
     526    1.604750  9.7171E-01
     527    1.605140  9.7175E-01
     528    1.605530  9.7183E-01
     529    1.605920  9.7196E-01
     530    1.606310  9.7213E-01
     531    1.606700  9.7235E-01
     532    1.607090  9.7261E-01
     533    1.607480  9.7291E-01
     534    1.607870  9.7325E-01
     535    1.608260  9.7363E-01
     536    1.608650  9.7404E-01
     537    1.609040  9.7449E-01
     538    1.609430  9.7497E-01
     539    1.609820  9.7548E-01
     540    1.610210  9.7601E-01
     541    1.610600  9.7657E-01
     542    1.610990  9.7715E-01
     543    1.611380  9.7774E-01
     544    1.611770  9.7836E-01
     545    1.612160  9.7898E-01
     546    1.612550  9.7962E-01
     547    1.612940  9.8027E-01
     548    1.613330  9.8092E-01
     549    1.613720  9.8157E-01
     550    1.614110  9.8223E-01
     551    1.614500  9.8289E-01
     552    1.614890  9.8354E-01
     553    1.615280  9.8418E-01
     554    1.615670  9.8482E-01
     555    1.616060  9.8545E-01
     556    1.616450  9.8607E-01
     557    1.616840  9.8668E-01
     558    1.617230  9.8728E-01
     559    1.617620  9.8786E-01
     560    1.618010  9.8842E-01
     561    1.618400  9.8897E-01
     562    1.618790  9.8951E-01
     563    1.619180  9.9002E-01
     564    1.619570  9.9051E-01
     565    1.619960  9.9099E-01
     566    1.620350  9.9145E-01
     567    1.620740  9.9188E-01
     568    1.621130  9.9230E-01
     569    1.621520  9.9270E-01
     570    1.621910  9.9308E-01
     571    1.622300  9.9344E-01
     572    1.622690  9.9377E-01
     573    1.623080  9.9409E-01
     574    1.623470  9.9440E-01
     575    1.623860  9.9468E-01
     576    1.624250  9.9495E-01
     577    1.624640  9.9519E-01
     578    1.625030  9.9543E-01
     579    1.625420  9.9564E-01
     580    1.625810  9.9584E-01
     581    1.626200  9.9603E-01
     582    1.626590  9.9620E-01
     583    1.626980  9.9636E-01
     584    1.627370  9.9650E-01
     585    1.627760  9.9664E-01
     586    1.628150  9.9676E-01
     587    1.628540  9.9687E-01
     588    1.628930  9.9697E-01
     589    1.629320  9.9706E-01
     590    1.629710  9.9714E-01
     591    1.630100  9.9722E-01
     592    1.630490  9.9729E-01
     593    1.630880  9.9735E-01
     594    1.631270  9.9740E-01
     595    1.631660  9.9745E-01
     596    1.632050  9.9749E-01
     597    1.632440  9.9753E-01
     598    1.632830  9.9756E-01
     599    1.633220  9.9759E-01
     600    1.633610  9.9761E-01
     601    1.634000  9.9763E-01
     602    1.634390  9.9765E-01
     603    1.634780  9.9766E-01
     604    1.635170  9.9767E-01
     605    1.635560  9.9768E-01
     606    1.635950  9.9769E-01
     607    1.636340  9.9769E-01
     608    1.636730  9.9769E-01
     609    1.637120  9.9769E-01
     610    1.637510  9.9768E-01
     611    1.637900  9.9768E-01
     612    1.638290  9.9767E-01
     613    1.638680  9.9766E-01
     614    1.639070  9.9765E-01
     615    1.639460  9.9763E-01
     616    1.639850  9.9762E-01
     617    1.640240  9.9760E-01
     618    1.640630  9.9758E-01
     619    1.641020  9.9755E-01
     620    1.641410  9.9753E-01
     621    1.641800  9.9750E-01
     622    1.642190  9.9747E-01
     623    1.642580  9.9743E-01
     624    1.642970  9.9739E-01
     625    1.643360  9.9735E-01
     626    1.643750  9.9731E-01
     627    1.644140  9.9726E-01
     628    1.644530  9.9720E-01
     629    1.644920  9.9714E-01
     630    1.645310  9.9708E-01
     631    1.645700  9.9701E-01
     632    1.646090  9.9694E-01
     633    1.646480  9.9686E-01
     634    1.646870  9.9677E-01
     635    1.647260  9.9668E-01
     636    1.647650  9.9658E-01
     637    1.648040  9.9648E-01
     638    1.648430  9.9636E-01
     639    1.648820  9.9624E-01
     640    1.649210  9.9611E-01
     641    1.649600  9.9598E-01
     642    1.649990  9.9583E-01
     643    1.650380  9.9567E-01
     644    1.650770  9.9551E-01
     645    1.651160  9.9534E-01
     646    1.651550  9.9515E-01
     647    1.651940  9.9496E-01
     648    1.652330  9.9476E-01
     649    1.652720  9.9455E-01
     650    1.653110  9.9433E-01
     651    1.653500  9.9410E-01
     652    1.653890  9.9386E-01
     653    1.654280  9.9362E-01
     654    1.654670  9.9337E-01
     655    1.655060  9.9311E-01
     656    1.655450  9.9284E-01
     657    1.655840  9.9257E-01
     658    1.656230  9.9229E-01
     659    1.656620  9.9201E-01
     660    1.657010  9.9173E-01
     661    1.657400  9.9144E-01
     662    1.657790  9.9116E-01
     663    1.658180  9.9087E-01
     664    1.658570  9.9059E-01
     665    1.658960  9.9031E-01
     666    1.659350  9.9003E-01
     667    1.659740  9.8976E-01
     668    1.660130  9.8950E-01
     669    1.660520  9.8924E-01
     670    1.660910  9.8899E-01
     671    1.661300  9.8876E-01
     672    1.661690  9.8854E-01
     673    1.662080  9.8833E-01
     674    1.662470  9.8813E-01
     675    1.662860  9.8795E-01
     676    1.663250  9.8779E-01
     677    1.663640  9.8765E-01
     678    1.664030  9.8752E-01
     679    1.664420  9.8741E-01
     680    1.664810  9.8732E-01
     681    1.665200  9.8725E-01
     682    1.665590  9.8720E-01
     683    1.665980  9.8717E-01
     684    1.666370  9.8716E-01
     685    1.666760  9.8717E-01
     686    1.667150  9.8720E-01
     687    1.667540  9.8725E-01
     688    1.667930  9.8731E-01
     689    1.668320  9.8740E-01
     690    1.668710  9.8750E-01
     691    1.669100  9.8762E-01
     692    1.669490  9.8775E-01
     693    1.669880  9.8789E-01
     694    1.670270  9.8805E-01
     695    1.670660  9.8822E-01
     696    1.671050  9.8840E-01
     697    1.671440  9.8860E-01
     698    1.671830  9.8879E-01
     699    1.672220  9.8900E-01
     700    1.672610  9.8921E-01
     701    1.673000  9.8943E-01
     702    1.673390  9.8965E-01
     703    1.673780  9.8987E-01
     704    1.674170  9.9010E-01
     705    1.674560  9.9032E-01
     706    1.674950  9.9055E-01
     707    1.675340  9.9077E-01
     708    1.675730  9.9099E-01
     709    1.676120  9.9121E-01
     710    1.676510  9.9143E-01
     711    1.676900  9.9164E-01
     712    1.677290  9.9185E-01
     713    1.677680  9.9205E-01
     714    1.678070  9.9225E-01
     715    1.678460  9.9244E-01
     716    1.678850  9.9263E-01
     717    1.679240  9.9281E-01
     718    1.679630  9.9299E-01
     719    1.680020  9.9316E-01
     720    1.680410  9.9333E-01
     721    1.680800  9.9349E-01
     722    1.681190  9.9365E-01
     723    1.681580  9.9380E-01
     724    1.681970  9.9395E-01
     725    1.682360  9.9409E-01
     726    1.682750  9.9423E-01
     727    1.683140  9.9436E-01
     728    1.683530  9.9448E-01
     729    1.683920  9.9461E-01
     730    1.684310  9.9472E-01
     731    1.684700  9.9484E-01
     732    1.685090  9.9494E-01
     733    1.685480  9.9505E-01
     734    1.685870  9.9515E-01
     735    1.686260  9.9524E-01
     736    1.686650  9.9533E-01
     737    1.687040  9.9541E-01
     738    1.687430  9.9549E-01
     739    1.687820  9.9557E-01
     740    1.688210  9.9564E-01
     741    1.688600  9.9571E-01
     742    1.688990  9.9577E-01
     743    1.689380  9.9582E-01
     744    1.689770  9.9587E-01
     745    1.690160  9.9592E-01
     746    1.690550  9.9596E-01
     747    1.690940  9.9599E-01
     748    1.691330  9.9603E-01
     749    1.691720  9.9605E-01
     750    1.692110  9.9607E-01
     751    1.692500  9.9609E-01
     752    1.692890  9.9610E-01
     753    1.693280  9.9611E-01
     754    1.693670  9.9611E-01
     755    1.694060  9.9611E-01
     756    1.694450  9.9610E-01
     757    1.694840  9.9609E-01
     758    1.695230  9.9607E-01
     759    1.695620  9.9606E-01
     760    1.696010  9.9604E-01
     761    1.696400  9.9601E-01
     762    1.696790  9.9599E-01
     763    1.697180  9.9596E-01
     764    1.697570  9.9593E-01
     765    1.697960  9.9589E-01
     766    1.698350  9.9586E-01
     767    1.698740  9.9582E-01
     768    1.699130  9.9579E-01
     769    1.699520  9.9575E-01
     770    1.699910  9.9571E-01
     771    1.700300  9.9568E-01
     772    1.700690  9.9564E-01
     773    1.701080  9.9561E-01
     774    1.701470  9.9557E-01
     775    1.701860  9.9554E-01
     776    1.702250  9.9551E-01
     777    1.702640  9.9548E-01
     778    1.703030  9.9545E-01
     779    1.703420  9.9542E-01
     780    1.703810  9.9540E-01
     781    1.704200  9.9538E-01
     782    1.704590  9.9536E-01
     783    1.704980  9.9535E-01
     784    1.705370  9.9533E-01
     785    1.705760  9.9533E-01
     786    1.706150  9.9532E-01
     787    1.706540  9.9532E-01
     788    1.706930  9.9531E-01
     789    1.707320  9.9532E-01
     790    1.707710  9.9532E-01
     791    1.708100  9.9533E-01
     792    1.708490  9.9534E-01
     793    1.708880  9.9535E-01
     794    1.709270  9.9537E-01
     795    1.709660  9.9539E-01
     796    1.710050  9.9540E-01
     797    1.710440  9.9543E-01
     798    1.710830  9.9545E-01
     799    1.711220  9.9547E-01
     800    1.711610  9.9550E-01
     801    1.712000  9.9552E-01
     802    1.712390  9.9555E-01
     803    1.712780  9.9557E-01
     804    1.713170  9.9560E-01
     805    1.713560  9.9563E-01
     806    1.713950  9.9565E-01
     807    1.714340  9.9567E-01
     808    1.714730  9.9570E-01
     809    1.715120  9.9572E-01
     810    1.715510  9.9574E-01
     811    1.715900  9.9576E-01
     812    1.716290  9.9578E-01
     813    1.716680  9.9579E-01
     814    1.717070  9.9580E-01
     815    1.717460  9.9581E-01
     816    1.717850  9.9582E-01
     817    1.718240  9.9582E-01
     818    1.718630  9.9582E-01
     819    1.719020  9.9581E-01
     820    1.719410  9.9581E-01
     821    1.719800  9.9579E-01
     822    1.720190  9.9578E-01
     823    1.720580  9.9576E-01
     824    1.720970  9.9573E-01
     825    1.721360  9.9570E-01
     826    1.721750  9.9566E-01
     827    1.722140  9.9562E-01
     828    1.722530  9.9557E-01
     829    1.722920  9.9552E-01
     830    1.723310  9.9546E-01
     831    1.723700  9.9539E-01
     832    1.724090  9.9531E-01
     833    1.724480  9.9523E-01
     834    1.724870  9.9513E-01
     835    1.725260  9.9503E-01
     836    1.725650  9.9492E-01
     837    1.726040  9.9479E-01
     838    1.726430  9.9466E-01
     839    1.726820  9.9451E-01
     840    1.727210  9.9435E-01
     841    1.727600  9.9418E-01
     842    1.727990  9.9399E-01
     843    1.728380  9.9379E-01
     844    1.728770  9.9358E-01
     845    1.729160  9.9335E-01
     846    1.729550  9.9310E-01
     847    1.729940  9.9283E-01
     848    1.730330  9.9255E-01
     849    1.730720  9.9225E-01
     850    1.731110  9.9194E-01
     851    1.731500  9.9160E-01
     852    1.731890  9.9125E-01
     853    1.732280  9.9088E-01
     854    1.732670  9.9049E-01
     855    1.733060  9.9008E-01
     856    1.733450  9.8965E-01
     857    1.733840  9.8921E-01
     858    1.734230  9.8875E-01
     859    1.734620  9.8828E-01
     860    1.735010  9.8779E-01
     861    1.735400  9.8728E-01
     862    1.735790  9.8676E-01
     863    1.736180  9.8624E-01
     864    1.736570  9.8570E-01
     865    1.736960  9.8515E-01
     866    1.737350  9.8460E-01
     867    1.737740  9.8404E-01
     868    1.738130  9.8348E-01
     869    1.738520  9.8293E-01
     870    1.738910  9.8237E-01
     871    1.739300  9.8182E-01
     872    1.739690  9.8127E-01
     873    1.740080  9.8073E-01
     874    1.740470  9.8021E-01
     875    1.740860  9.7970E-01
     876    1.741250  9.7920E-01
     877    1.741640  9.7873E-01
     878    1.742030  9.7827E-01
     879    1.742420  9.7784E-01
     880    1.742810  9.7743E-01
     881    1.743200  9.7706E-01
     882    1.743590  9.7670E-01
     883    1.743980  9.7639E-01
     884    1.744370  9.7610E-01
     885    1.744760  9.7584E-01
     886    1.745150  9.7562E-01
     887    1.745540  9.7544E-01
     888    1.745930  9.7529E-01
     889    1.746320  9.7517E-01
     890    1.746710  9.7509E-01
     891    1.747100  9.7504E-01
     892    1.747490  9.7503E-01
     893    1.747880  9.7505E-01
     894    1.748270  9.7511E-01
     895    1.748660  9.7519E-01
     896    1.749050  9.7531E-01
     897    1.749440  9.7545E-01
     898    1.749830  9.7562E-01
     899    1.750220  9.7581E-01
     900    1.750610  9.7602E-01
     901    1.751000  9.7624E-01
     902    1.751390  9.7649E-01
     903    1.751780  9.7674E-01
     904    1.752170  9.7701E-01
     905    1.752560  9.7728E-01
     906    1.752950  9.7755E-01
     907    1.753340  9.7783E-01
     908    1.753730  9.7810E-01
     909    1.754120  9.7836E-01
     910    1.754510  9.7862E-01
     911    1.754900  9.7886E-01
     912    1.755290  9.7909E-01
     913    1.755680  9.7931E-01
     914    1.756070  9.7950E-01
     915    1.756460  9.7967E-01
     916    1.756850  9.7981E-01
     917    1.757240  9.7993E-01
     918    1.757630  9.8002E-01
     919    1.758020  9.8007E-01
     920    1.758410  9.8010E-01
     921    1.758800  9.8009E-01
     922    1.759190  9.8005E-01
     923    1.759580  9.7997E-01
     924    1.759970  9.7985E-01
     925    1.760360  9.7970E-01
     926    1.760750  9.7951E-01
     927    1.761140  9.7928E-01
     928    1.761530  9.7902E-01
     929    1.761920  9.7872E-01
     930    1.762310  9.7839E-01
     931    1.762700  9.7802E-01
     932    1.763090  9.7761E-01
     933    1.763480  9.7718E-01
     934    1.763870  9.7671E-01
     935    1.764260  9.7622E-01
     936    1.764650  9.7570E-01
     937    1.765040  9.7515E-01
     938    1.765430  9.7458E-01
     939    1.765820  9.7399E-01
     940    1.766210  9.7338E-01
     941    1.766600  9.7275E-01
     942    1.766990  9.7211E-01
     943    1.767380  9.7145E-01
     944    1.767770  9.7079E-01
     945    1.768160  9.7012E-01
     946    1.768550  9.6944E-01
     947    1.768940  9.6876E-01
     948    1.769330  9.6808E-01
     949    1.769720  9.6740E-01
     950    1.770110  9.6672E-01
     951    1.770500  9.6605E-01
     952    1.770890  9.6538E-01
     953    1.771280  9.6472E-01
     954    1.771670  9.6407E-01
     955    1.772060  9.6343E-01
     956    1.772450  9.6279E-01
     957    1.772840  9.6216E-01
     958    1.773230  9.6154E-01
     959    1.773620  9.6093E-01
     960    1.774010  9.6032E-01
     961    1.774400  9.5972E-01
     962    1.774790  9.5912E-01
     963    1.775180  9.5852E-01
     964    1.775570  9.5793E-01
     965    1.775960  9.5733E-01
     966    1.776350  9.5672E-01
     967    1.776740  9.5610E-01
     968    1.777130  9.5547E-01
     969    1.777520  9.5483E-01
     970    1.777910  9.5417E-01
     971    1.778300  9.5348E-01
     972    1.778690  9.5277E-01
     973    1.779080  9.5203E-01
     974    1.779470  9.5126E-01
     975    1.779860  9.5045E-01
     976    1.780250  9.4959E-01
     977    1.780640  9.4870E-01
     978    1.781030  9.4776E-01
     979    1.781420  9.4677E-01
     980    1.781810  9.4572E-01
     981    1.782200  9.4462E-01
     982    1.782590  9.4347E-01
     983    1.782980  9.4226E-01
     984    1.783370  9.4098E-01
     985    1.783760  9.3965E-01
     986    1.784150  9.3826E-01
     987    1.784540  9.3681E-01
     988    1.784930  9.3529E-01
     989    1.785320  9.3372E-01
     990    1.785710  9.3209E-01
     991    1.786100  9.3040E-01
     992    1.786490  9.2866E-01
     993    1.786880  9.2687E-01
     994    1.787270  9.2503E-01
     995    1.787660  9.2314E-01
     996    1.788050  9.2121E-01
     997    1.788440  9.1924E-01
     998    1.788830  9.1724E-01
     999    1.789220  9.1521E-01
    1000    1.789610  9.1314E-01
    1001    1.790000  9.1106E-01
    1002    1.790390  9.0896E-01
    1003    1.790780  9.0684E-01
    1004    1.791170  9.0472E-01
    1005    1.791560  9.0258E-01
    1006    1.791950  9.0045E-01
    1007    1.792340  8.9831E-01
    1008    1.792730  8.9618E-01
    1009    1.793120  8.9405E-01
    1010    1.793510  8.9193E-01
    1011    1.793900  8.8982E-01
    1012    1.794290  8.8772E-01
    1013    1.794680  8.8563E-01
    1014    1.795070  8.8355E-01
    1015    1.795460  8.8148E-01
    1016    1.795850  8.7942E-01
    1017    1.796240  8.7737E-01
    1018    1.796630  8.7532E-01
    1019    1.797020  8.7327E-01
    1020    1.797410  8.7122E-01
    1021    1.797800  8.6917E-01
    1022    1.798190  8.6710E-01
    1023    1.798580  8.6502E-01
    1024    1.798970  8.6292E-01
    1025    1.799360  8.6078E-01
    1026    1.799750  8.5862E-01
    1027    1.800140  8.5640E-01
    1028    1.800530  8.5414E-01
    1029    1.800920  8.5183E-01
    1030    1.801310  8.4945E-01
    1031    1.801700  8.4699E-01
    1032    1.802090  8.4446E-01
    1033    1.802480  8.4184E-01
    1034    1.802870  8.3912E-01
    1035    1.803260  8.3630E-01
    1036    1.803650  8.3337E-01
    1037    1.804040  8.3033E-01
    1038    1.804430  8.2716E-01
    1039    1.804820  8.2386E-01
    1040    1.805210  8.2043E-01
    1041    1.805600  8.1686E-01
    1042    1.805990  8.1315E-01
    1043    1.806380  8.0930E-01
    1044    1.806770  8.0530E-01
    1045    1.807160  8.0115E-01
    1046    1.807550  7.9685E-01
    1047    1.807940  7.9240E-01
    1048    1.808330  7.8780E-01
    1049    1.808720  7.8306E-01
    1050    1.809110  7.7818E-01
    1051    1.809500  7.7315E-01
    1052    1.809890  7.6799E-01
    1053    1.810280  7.6269E-01
    1054    1.810670  7.5728E-01
    1055    1.811060  7.5174E-01
    1056    1.811450  7.4609E-01
    1057    1.811840  7.4034E-01
    1058    1.812230  7.3449E-01
    1059    1.812620  7.2856E-01
    1060    1.813010  7.2254E-01
    1061    1.813400  7.1646E-01
    1062    1.813790  7.1031E-01
    1063    1.814180  7.0411E-01
    1064    1.814570  6.9786E-01
    1065    1.814960  6.9158E-01
    1066    1.815350  6.8528E-01
    1067    1.815740  6.7895E-01
    1068    1.816130  6.7262E-01
    1069    1.816520  6.6628E-01
    1070    1.816910  6.5995E-01
    1071    1.817300  6.5362E-01
    1072    1.817690  6.4732E-01
    1073    1.818080  6.4103E-01
    1074    1.818470  6.3477E-01
    1075    1.818860  6.2854E-01
    1076    1.819250  6.2235E-01
    1077    1.819640  6.1619E-01
    1078    1.820030  6.1007E-01
    1079    1.820420  6.0399E-01
    1080    1.820810  5.9795E-01
    1081    1.821200  5.9195E-01
    1082    1.821590  5.8600E-01
    1083    1.821980  5.8009E-01
    1084    1.822370  5.7421E-01
    1085    1.822760  5.6838E-01
    1086    1.823150  5.6259E-01
    1087    1.823540  5.5683E-01
    1088    1.823930  5.5111E-01
    1089    1.824320  5.4543E-01
    1090    1.824710  5.3978E-01
    1091    1.825100  5.3416E-01
    1092    1.825490  5.2858E-01
    1093    1.825880  5.2303E-01
    1094    1.826270  5.1750E-01
    1095    1.826660  5.1201E-01
    1096    1.827050  5.0656E-01
    1097    1.827440  5.0113E-01
    1098    1.827830  4.9574E-01
    1099    1.828220  4.9039E-01
    1100    1.828610  4.8507E-01
    1101    1.829000  4.7980E-01
    1102    1.829390  4.7456E-01
    1103    1.829780  4.6938E-01
    1104    1.830170  4.6425E-01
    1105    1.830560  4.5918E-01
    1106    1.830950  4.5416E-01
    1107    1.831340  4.4922E-01
    1108    1.831730  4.4434E-01
    1109    1.832120  4.3954E-01
    1110    1.832510  4.3481E-01
    1111    1.832900  4.3018E-01
    1112    1.833290  4.2564E-01
    1113    1.833680  4.2119E-01
    1114    1.834070  4.1685E-01
    1115    1.834460  4.1261E-01
    1116    1.834850  4.0849E-01
    1117    1.835240  4.0448E-01
    1118    1.835630  4.0059E-01
    1119    1.836020  3.9682E-01
    1120    1.836410  3.9319E-01
    1121    1.836800  3.8968E-01
    1122    1.837190  3.8631E-01
    1123    1.837580  3.8307E-01
    1124    1.837970  3.7997E-01
    1125    1.838360  3.7701E-01
    1126    1.838750  3.7419E-01
    1127    1.839140  3.7151E-01
    1128    1.839530  3.6898E-01
    1129    1.839920  3.6658E-01
    1130    1.840310  3.6433E-01
    1131    1.840700  3.6222E-01
    1132    1.841090  3.6025E-01
    1133    1.841480  3.5841E-01
    1134    1.841870  3.5672E-01
    1135    1.842260  3.5517E-01
    1136    1.842650  3.5376E-01
    1137    1.843040  3.5248E-01
    1138    1.843430  3.5133E-01
    1139    1.843820  3.5032E-01
    1140    1.844210  3.4944E-01
    1141    1.844600  3.4869E-01
    1142    1.844990  3.4807E-01
    1143    1.845380  3.4758E-01
    1144    1.845770  3.4721E-01
    1145    1.846160  3.4697E-01
    1146    1.846550  3.4685E-01
    1147    1.846940  3.4686E-01
    1148    1.847330  3.4698E-01
    1149    1.847720  3.4722E-01
    1150    1.848110  3.4757E-01
    1151    1.848500  3.4804E-01
    1152    1.848890  3.4862E-01
    1153    1.849280  3.4930E-01
    1154    1.849670  3.5008E-01
    1155    1.850060  3.5097E-01
    1156    1.850450  3.5194E-01
    1157    1.850840  3.5301E-01
    1158    1.851230  3.5416E-01
    1159    1.851620  3.5539E-01
    1160    1.852010  3.5669E-01
    1161    1.852400  3.5806E-01
    1162    1.852790  3.5948E-01
    1163    1.853180  3.6096E-01
    1164    1.853570  3.6247E-01
    1165    1.853960  3.6402E-01
    1166    1.854350  3.6559E-01
    1167    1.854740  3.6717E-01
    1168    1.855130  3.6876E-01
    1169    1.855520  3.7034E-01
    1170    1.855910  3.7190E-01
    1171    1.856300  3.7343E-01
    1172    1.856690  3.7493E-01
    1173    1.857080  3.7638E-01
    1174    1.857470  3.7777E-01
    1175    1.857860  3.7909E-01
    1176    1.858250  3.8034E-01
    1177    1.858640  3.8150E-01
    1178    1.859030  3.8257E-01
    1179    1.859420  3.8354E-01
    1180    1.859810  3.8440E-01
    1181    1.860200  3.8515E-01
    1182    1.860590  3.8579E-01
    1183    1.860980  3.8631E-01
    1184    1.861370  3.8671E-01
    1185    1.861760  3.8699E-01
    1186    1.862150  3.8716E-01
    1187    1.862540  3.8722E-01
    1188    1.862930  3.8716E-01
    1189    1.863320  3.8700E-01
    1190    1.863710  3.8675E-01
    1191    1.864100  3.8641E-01
    1192    1.864490  3.8600E-01
    1193    1.864880  3.8552E-01
    1194    1.865270  3.8499E-01
    1195    1.865660  3.8442E-01
    1196    1.866050  3.8383E-01
    1197    1.866440  3.8324E-01
    1198    1.866830  3.8265E-01
    1199    1.867220  3.8209E-01
    1200    1.867610  3.8158E-01
    1201    1.868000  3.8112E-01
    1202    1.868390  3.8075E-01
    1203    1.868780  3.8047E-01
    1204    1.869170  3.8030E-01
    1205    1.869560  3.8026E-01
    1206    1.869950  3.8037E-01
    1207    1.870340  3.8064E-01
    1208    1.870730  3.8108E-01
    1209    1.871120  3.8170E-01
    1210    1.871510  3.8251E-01
    1211    1.871900  3.8353E-01
    1212    1.872290  3.8476E-01
    1213    1.872680  3.8621E-01
    1214    1.873070  3.8788E-01
    1215    1.873460  3.8976E-01
    1216    1.873850  3.9187E-01
    1217    1.874240  3.9420E-01
    1218    1.874630  3.9675E-01
    1219    1.875020  3.9950E-01
    1220    1.875410  4.0245E-01
    1221    1.875800  4.0560E-01
    1222    1.876190  4.0893E-01
    1223    1.876580  4.1243E-01
    1224    1.876970  4.1609E-01
    1225    1.877360  4.1988E-01
    1226    1.877750  4.2380E-01
    1227    1.878140  4.2783E-01
    1228    1.878530  4.3194E-01
    1229    1.878920  4.3612E-01
    1230    1.879310  4.4035E-01
    1231    1.879700  4.4461E-01
    1232    1.880090  4.4888E-01
    1233    1.880480  4.5313E-01
    1234    1.880870  4.5736E-01
    1235    1.881260  4.6154E-01
    1236    1.881650  4.6564E-01
    1237    1.882040  4.6966E-01
    1238    1.882430  4.7357E-01
    1239    1.882820  4.7735E-01
    1240    1.883210  4.8099E-01
    1241    1.883600  4.8448E-01
    1242    1.883990  4.8779E-01
    1243    1.884380  4.9092E-01
    1244    1.884770  4.9384E-01
    1245    1.885160  4.9656E-01
    1246    1.885550  4.9906E-01
    1247    1.885940  5.0133E-01
    1248    1.886330  5.0336E-01
    1249    1.886720  5.0515E-01
    1250    1.887110  5.0670E-01
    1251    1.887500  5.0799E-01
    1252    1.887890  5.0902E-01
    1253    1.888280  5.0981E-01
    1254    1.888670  5.1034E-01
    1255    1.889060  5.1061E-01
    1256    1.889450  5.1064E-01
    1257    1.889840  5.1041E-01
    1258    1.890230  5.0995E-01
    1259    1.890620  5.0925E-01
    1260    1.891010  5.0832E-01
    1261    1.891400  5.0716E-01
    1262    1.891790  5.0580E-01
    1263    1.892180  5.0423E-01
    1264    1.892570  5.0246E-01
    1265    1.892960  5.0052E-01
    1266    1.893350  4.9840E-01
    1267    1.893740  4.9613E-01
    1268    1.894130  4.9371E-01
    1269    1.894520  4.9116E-01
    1270    1.894910  4.8850E-01
    1271    1.895300  4.8573E-01
    1272    1.895690  4.8288E-01
    1273    1.896080  4.7995E-01
    1274    1.896470  4.7696E-01
    1275    1.896860  4.7393E-01
    1276    1.897250  4.7087E-01
    1277    1.897640  4.6780E-01
    1278    1.898030  4.6472E-01
    1279    1.898420  4.6167E-01
    1280    1.898810  4.5864E-01
    1281    1.899200  4.5566E-01
    1282    1.899590  4.5274E-01
    1283    1.899980  4.4989E-01
    1284    1.900370  4.4712E-01
    1285    1.900760  4.4445E-01
    1286    1.901150  4.4189E-01
    1287    1.901540  4.3944E-01
    1288    1.901930  4.3712E-01
    1289    1.902320  4.3494E-01
    1290    1.902710  4.3291E-01
    1291    1.903100  4.3103E-01
    1292    1.903490  4.2931E-01
    1293    1.903880  4.2776E-01
    1294    1.904270  4.2639E-01
    1295    1.904660  4.2519E-01
    1296    1.905050  4.2417E-01
    1297    1.905440  4.2335E-01
    1298    1.905830  4.2271E-01
    1299    1.906220  4.2226E-01
    1300    1.906610  4.2200E-01
    1301    1.907000  4.2194E-01
    1302    1.907390  4.2207E-01
    1303    1.907780  4.2239E-01
    1304    1.908170  4.2290E-01
    1305    1.908560  4.2360E-01
    1306    1.908950  4.2449E-01
    1307    1.909340  4.2557E-01
    1308    1.909730  4.2682E-01
    1309    1.910120  4.2825E-01
    1310    1.910510  4.2986E-01
    1311    1.910900  4.3163E-01
    1312    1.911290  4.3357E-01
    1313    1.911680  4.3566E-01
    1314    1.912070  4.3791E-01
    1315    1.912460  4.4030E-01
    1316    1.912850  4.4284E-01
    1317    1.913240  4.4551E-01
    1318    1.913630  4.4831E-01
    1319    1.914020  4.5123E-01
    1320    1.914410  4.5426E-01
    1321    1.914800  4.5741E-01
    1322    1.915190  4.6066E-01
    1323    1.915580  4.6400E-01
    1324    1.915970  4.6743E-01
    1325    1.916360  4.7094E-01
    1326    1.916750  4.7453E-01
    1327    1.917140  4.7819E-01
    1328    1.917530  4.8191E-01
    1329    1.917920  4.8569E-01
    1330    1.918310  4.8952E-01
    1331    1.918700  4.9340E-01
    1332    1.919090  4.9732E-01
    1333    1.919480  5.0127E-01
    1334    1.919870  5.0526E-01
    1335    1.920260  5.0928E-01
    1336    1.920650  5.1332E-01
    1337    1.921040  5.1738E-01
    1338    1.921430  5.2146E-01
    1339    1.921820  5.2556E-01
    1340    1.922210  5.2967E-01
    1341    1.922600  5.3379E-01
    1342    1.922990  5.3793E-01
    1343    1.923380  5.4207E-01
    1344    1.923770  5.4622E-01
    1345    1.924160  5.5038E-01
    1346    1.924550  5.5454E-01
    1347    1.924940  5.5872E-01
    1348    1.925330  5.6289E-01
    1349    1.925720  5.6708E-01
    1350    1.926110  5.7127E-01
    1351    1.926500  5.7547E-01
    1352    1.926890  5.7967E-01
    1353    1.927280  5.8388E-01
    1354    1.927670  5.8809E-01
    1355    1.928060  5.9231E-01
    1356    1.928450  5.9653E-01
    1357    1.928840  6.0075E-01
    1358    1.929230  6.0497E-01
    1359    1.929620  6.0919E-01
    1360    1.930010  6.1341E-01
    1361    1.930400  6.1762E-01
    1362    1.930790  6.2183E-01
    1363    1.931180  6.2602E-01
    1364    1.931570  6.3020E-01
    1365    1.931960  6.3436E-01
    1366    1.932350  6.3850E-01
    1367    1.932740  6.4262E-01
    1368    1.933130  6.4670E-01
    1369    1.933520  6.5074E-01
    1370    1.933910  6.5475E-01
    1371    1.934300  6.5871E-01
    1372    1.934690  6.6262E-01
    1373    1.935080  6.6647E-01
    1374    1.935470  6.7026E-01
    1375    1.935860  6.7399E-01
    1376    1.936250  6.7764E-01
    1377    1.936640  6.8121E-01
    1378    1.937030  6.8470E-01
    1379    1.937420  6.8810E-01
    1380    1.937810  6.9141E-01
    1381    1.938200  6.9461E-01
    1382    1.938590  6.9771E-01
    1383    1.938980  7.0070E-01
    1384    1.939370  7.0358E-01
    1385    1.939760  7.0634E-01
    1386    1.940150  7.0897E-01
    1387    1.940540  7.1148E-01
    1388    1.940930  7.1386E-01
    1389    1.941320  7.1611E-01
    1390    1.941710  7.1822E-01
    1391    1.942100  7.2019E-01
    1392    1.942490  7.2203E-01
    1393    1.942880  7.2372E-01
    1394    1.943270  7.2527E-01
    1395    1.943660  7.2668E-01
    1396    1.944050  7.2794E-01
    1397    1.944440  7.2906E-01
    1398    1.944830  7.3004E-01
    1399    1.945220  7.3089E-01
    1400    1.945610  7.3159E-01
    1401    1.946000  7.3217E-01
    1402    1.946390  7.3261E-01
    1403    1.946780  7.3293E-01
    1404    1.947170  7.3312E-01
    1405    1.947560  7.3321E-01
    1406    1.947950  7.3318E-01
    1407    1.948340  7.3305E-01
    1408    1.948730  7.3284E-01
    1409    1.949120  7.3253E-01
    1410    1.949510  7.3215E-01
    1411    1.949900  7.3171E-01
    1412    1.950290  7.3121E-01
    1413    1.950680  7.3067E-01
    1414    1.951070  7.3010E-01
    1415    1.951460  7.2950E-01
    1416    1.951850  7.2890E-01
    1417    1.952240  7.2830E-01
    1418    1.952630  7.2772E-01
    1419    1.953020  7.2717E-01
    1420    1.953410  7.2666E-01
    1421    1.953800  7.2621E-01
    1422    1.954190  7.2583E-01
    1423    1.954580  7.2553E-01
    1424    1.954970  7.2532E-01
    1425    1.955360  7.2522E-01
    1426    1.955750  7.2524E-01
    1427    1.956140  7.2539E-01
    1428    1.956530  7.2568E-01
    1429    1.956920  7.2611E-01
    1430    1.957310  7.2671E-01
    1431    1.957700  7.2747E-01
    1432    1.958090  7.2840E-01
    1433    1.958480  7.2951E-01
    1434    1.958870  7.3081E-01
    1435    1.959260  7.3229E-01
    1436    1.959650  7.3397E-01
    1437    1.960040  7.3584E-01
    1438    1.960430  7.3790E-01
    1439    1.960820  7.4016E-01
    1440    1.961210  7.4261E-01
    1441    1.961600  7.4525E-01
    1442    1.961990  7.4808E-01
    1443    1.962380  7.5108E-01
    1444    1.962770  7.5427E-01
    1445    1.963160  7.5762E-01
    1446    1.963550  7.6114E-01
    1447    1.963940  7.6481E-01
    1448    1.964330  7.6862E-01
    1449    1.964720  7.7257E-01
    1450    1.965110  7.7664E-01
    1451    1.965500  7.8083E-01
    1452    1.965890  7.8512E-01
    1453    1.966280  7.8950E-01
    1454    1.966670  7.9396E-01
    1455    1.967060  7.9849E-01
    1456    1.967450  8.0306E-01
    1457    1.967840  8.0768E-01
    1458    1.968230  8.1233E-01
    1459    1.968620  8.1699E-01
    1460    1.969010  8.2165E-01
    1461    1.969400  8.2631E-01
    1462    1.969790  8.3094E-01
    1463    1.970180  8.3554E-01
    1464    1.970570  8.4009E-01
    1465    1.970960  8.4459E-01
    1466    1.971350  8.4902E-01
    1467    1.971740  8.5337E-01
    1468    1.972130  8.5764E-01
    1469    1.972520  8.6181E-01
    1470    1.972910  8.6588E-01
    1471    1.973300  8.6983E-01
    1472    1.973690  8.7367E-01
    1473    1.974080  8.7737E-01
    1474    1.974470  8.8095E-01
    1475    1.974860  8.8438E-01
    1476    1.975250  8.8767E-01
    1477    1.975640  8.9081E-01
    1478    1.976030  8.9379E-01
    1479    1.976420  8.9661E-01
    1480    1.976810  8.9927E-01
    1481    1.977200  9.0176E-01
    1482    1.977590  9.0408E-01
    1483    1.977980  9.0622E-01
    1484    1.978370  9.0818E-01
    1485    1.978760  9.0996E-01
    1486    1.979150  9.1156E-01
    1487    1.979540  9.1296E-01
    1488    1.979930  9.1418E-01
    1489    1.980320  9.1519E-01
    1490    1.980710  9.1601E-01
    1491    1.981100  9.1661E-01
    1492    1.981490  9.1701E-01
    1493    1.981880  9.1720E-01
    1494    1.982270  9.1717E-01
    1495    1.982660  9.1691E-01
    1496    1.983050  9.1643E-01
    1497    1.983440  9.1571E-01
    1498    1.983830  9.1475E-01
    1499    1.984220  9.1355E-01
    1500    1.984610  9.1209E-01
    1501    1.985000  9.1038E-01
    1502    1.985390  9.0841E-01
    1503    1.985780  9.0618E-01
    1504    1.986170  9.0367E-01
    1505    1.986560  9.0088E-01
    1506    1.986950  8.9782E-01
    1507    1.987340  8.9448E-01
    1508    1.987730  8.9084E-01
    1509    1.988120  8.8692E-01
    1510    1.988510  8.8272E-01
    1511    1.988900  8.7822E-01
    1512    1.989290  8.7344E-01
    1513    1.989680  8.6837E-01
    1514    1.990070  8.6301E-01
    1515    1.990460  8.5738E-01
    1516    1.990850  8.5148E-01
    1517    1.991240  8.4531E-01
    1518    1.991630  8.3889E-01
    1519    1.992020  8.3222E-01
    1520    1.992410  8.2532E-01
    1521    1.992800  8.1820E-01
    1522    1.993190  8.1087E-01
    1523    1.993580  8.0335E-01
    1524    1.993970  7.9566E-01
    1525    1.994360  7.8781E-01
    1526    1.994750  7.7983E-01
    1527    1.995140  7.7173E-01
    1528    1.995530  7.6353E-01
    1529    1.995920  7.5527E-01
    1530    1.996310  7.4696E-01
    1531    1.996700  7.3862E-01
    1532    1.997090  7.3028E-01
    1533    1.997480  7.2196E-01
    1534    1.997870  7.1368E-01
    1535    1.998260  7.0548E-01
    1536    1.998650  6.9737E-01
    1537    1.999040  6.8938E-01
    1538    1.999430  6.8153E-01
    1539    1.999820  6.7384E-01
    1540    2.000210  6.6634E-01
    1541    2.000600  6.5903E-01
    1542    2.000990  6.5196E-01
    1543    2.001380  6.4512E-01
    1544    2.001770  6.3855E-01
    1545    2.002160  6.3225E-01
    1546    2.002550  6.2624E-01
    1547    2.002940  6.2053E-01
    1548    2.003330  6.1515E-01
    1549    2.003720  6.1009E-01
    1550    2.004110  6.0536E-01
    1551    2.004500  6.0099E-01
    1552    2.004890  5.9696E-01
    1553    2.005280  5.9330E-01
    1554    2.005670  5.9000E-01
    1555    2.006060  5.8707E-01
    1556    2.006450  5.8451E-01
    1557    2.006840  5.8232E-01
    1558    2.007230  5.8051E-01
    1559    2.007620  5.7908E-01
    1560    2.008010  5.7801E-01
    1561    2.008400  5.7733E-01
    1562    2.008790  5.7701E-01
    1563    2.009180  5.7707E-01
    1564    2.009570  5.7749E-01
    1565    2.009960  5.7829E-01
    1566    2.010350  5.7944E-01
    1567    2.010740  5.8095E-01
    1568    2.011130  5.8282E-01
    1569    2.011520  5.8503E-01
    1570    2.011910  5.8760E-01
    1571    2.012300  5.9050E-01
    1572    2.012690  5.9374E-01
    1573    2.013080  5.9731E-01
    1574    2.013470  6.0120E-01
    1575    2.013860  6.0541E-01
    1576    2.014250  6.0993E-01
    1577    2.014640  6.1475E-01
    1578    2.015030  6.1986E-01
    1579    2.015420  6.2526E-01
    1580    2.015810  6.3094E-01
    1581    2.016200  6.3688E-01
    1582    2.016590  6.4307E-01
    1583    2.016980  6.4951E-01
    1584    2.017370  6.5618E-01
    1585    2.017760  6.6306E-01
    1586    2.018150  6.7015E-01
    1587    2.018540  6.7742E-01
    1588    2.018930  6.8487E-01
    1589    2.019320  6.9248E-01
    1590    2.019710  7.0022E-01
    1591    2.020100  7.0809E-01
    1592    2.020490  7.1606E-01
    1593    2.020880  7.2412E-01
    1594    2.021270  7.3225E-01
    1595    2.021660  7.4043E-01
    1596    2.022050  7.4863E-01
    1597    2.022440  7.5685E-01
    1598    2.022830  7.6506E-01
    1599    2.023220  7.7324E-01
    1600    2.023610  7.8138E-01
    1601    2.024000  7.8945E-01
    1602    2.024390  7.9744E-01
    1603    2.024780  8.0533E-01
    1604    2.025170  8.1310E-01
    1605    2.025560  8.2073E-01
    1606    2.025950  8.2821E-01
    1607    2.026340  8.3553E-01
    1608    2.026730  8.4266E-01
    1609    2.027120  8.4960E-01
    1610    2.027510  8.5634E-01
    1611    2.027900  8.6286E-01
    1612    2.028290  8.6915E-01
    1613    2.028680  8.7520E-01
    1614    2.029070  8.8100E-01
    1615    2.029460  8.8655E-01
    1616    2.029850  8.9184E-01
    1617    2.030240  8.9687E-01
    1618    2.030630  9.0162E-01
    1619    2.031020  9.0610E-01
    1620    2.031410  9.1030E-01
    1621    2.031800  9.1423E-01
    1622    2.032190  9.1787E-01
    1623    2.032580  9.2124E-01
    1624    2.032970  9.2432E-01
    1625    2.033360  9.2713E-01
    1626    2.033750  9.2965E-01
    1627    2.034140  9.3191E-01
    1628    2.034530  9.3389E-01
    1629    2.034920  9.3560E-01
    1630    2.035310  9.3705E-01
    1631    2.035700  9.3823E-01
    1632    2.036090  9.3916E-01
    1633    2.036480  9.3983E-01
    1634    2.036870  9.4026E-01
    1635    2.037260  9.4044E-01
    1636    2.037650  9.4039E-01
    1637    2.038040  9.4010E-01
    1638    2.038430  9.3959E-01
    1639    2.038820  9.3885E-01
    1640    2.039210  9.3791E-01
    1641    2.039600  9.3675E-01
    1642    2.039990  9.3540E-01
    1643    2.040380  9.3385E-01
    1644    2.040770  9.3211E-01
    1645    2.041160  9.3020E-01
    1646    2.041550  9.2811E-01
    1647    2.041940  9.2586E-01
    1648    2.042330  9.2346E-01
    1649    2.042720  9.2091E-01
    1650    2.043110  9.1822E-01
    1651    2.043500  9.1540E-01
    1652    2.043890  9.1246E-01
    1653    2.044280  9.0942E-01
    1654    2.044670  9.0627E-01
    1655    2.045060  9.0304E-01
    1656    2.045450  8.9973E-01
    1657    2.045840  8.9635E-01
    1658    2.046230  8.9292E-01
    1659    2.046620  8.8944E-01
    1660    2.047010  8.8593E-01
    1661    2.047400  8.8240E-01
    1662    2.047790  8.7887E-01
    1663    2.048180  8.7533E-01
    1664    2.048570  8.7181E-01
    1665    2.048960  8.6831E-01
    1666    2.049350  8.6486E-01
    1667    2.049740  8.6145E-01
    1668    2.050130  8.5811E-01
    1669    2.050520  8.5484E-01
    1670    2.050910  8.5165E-01
    1671    2.051300  8.4855E-01
    1672    2.051690  8.4556E-01
    1673    2.052080  8.4268E-01
    1674    2.052470  8.3992E-01
    1675    2.052860  8.3730E-01
    1676    2.053250  8.3481E-01
    1677    2.053640  8.3246E-01
    1678    2.054030  8.3027E-01
    1679    2.054420  8.2823E-01
    1680    2.054810  8.2635E-01
    1681    2.055200  8.2464E-01
    1682    2.055590  8.2310E-01
    1683    2.055980  8.2174E-01
    1684    2.056370  8.2055E-01
    1685    2.056760  8.1953E-01
    1686    2.057150  8.1869E-01
    1687    2.057540  8.1803E-01
    1688    2.057930  8.1755E-01
    1689    2.058320  8.1724E-01
    1690    2.058710  8.1711E-01
    1691    2.059100  8.1715E-01
    1692    2.059490  8.1737E-01
    1693    2.059880  8.1775E-01
    1694    2.060270  8.1829E-01
    1695    2.060660  8.1900E-01
    1696    2.061050  8.1986E-01
    1697    2.061440  8.2087E-01
    1698    2.061830  8.2204E-01
    1699    2.062220  8.2334E-01
    1700    2.062610  8.2478E-01
    1701    2.063000  8.2636E-01
    1702    2.063390  8.2806E-01
    1703    2.063780  8.2989E-01
    1704    2.064170  8.3183E-01
    1705    2.064560  8.3388E-01
    1706    2.064950  8.3604E-01
    1707    2.065340  8.3829E-01
    1708    2.065730  8.4064E-01
    1709    2.066120  8.4307E-01
    1710    2.066510  8.4559E-01
    1711    2.066900  8.4818E-01
    1712    2.067290  8.5083E-01
    1713    2.067680  8.5355E-01
    1714    2.068070  8.5633E-01
    1715    2.068460  8.5916E-01
    1716    2.068850  8.6203E-01
    1717    2.069240  8.6493E-01
    1718    2.069630  8.6787E-01
    1719    2.070020  8.7084E-01
    1720    2.070410  8.7383E-01
    1721    2.070800  8.7683E-01
    1722    2.071190  8.7984E-01
    1723    2.071580  8.8285E-01
    1724    2.071970  8.8586E-01
    1725    2.072360  8.8887E-01
    1726    2.072750  8.9186E-01
    1727    2.073140  8.9484E-01
    1728    2.073530  8.9780E-01
    1729    2.073920  9.0073E-01
    1730    2.074310  9.0363E-01
    1731    2.074700  9.0650E-01
    1732    2.075090  9.0933E-01
    1733    2.075480  9.1212E-01
    1734    2.075870  9.1486E-01
    1735    2.076260  9.1756E-01
    1736    2.076650  9.2022E-01
    1737    2.077040  9.2282E-01
    1738    2.077430  9.2537E-01
    1739    2.077820  9.2786E-01
    1740    2.078210  9.3030E-01
    1741    2.078600  9.3268E-01
    1742    2.078990  9.3500E-01
    1743    2.079380  9.3727E-01
    1744    2.079770  9.3947E-01
    1745    2.080160  9.4162E-01
    1746    2.080550  9.4371E-01
    1747    2.080940  9.4573E-01
    1748    2.081330  9.4770E-01
    1749    2.081720  9.4961E-01
    1750    2.082110  9.5146E-01
    1751    2.082500  9.5325E-01
    1752    2.082890  9.5499E-01
    1753    2.083280  9.5667E-01
    1754    2.083670  9.5829E-01
    1755    2.084060  9.5986E-01
    1756    2.084450  9.6138E-01
    1757    2.084840  9.6284E-01
    1758    2.085230  9.6426E-01
    1759    2.085620  9.6562E-01
    1760    2.086010  9.6694E-01
    1761    2.086400  9.6820E-01
    1762    2.086790  9.6942E-01
    1763    2.087180  9.7060E-01
    1764    2.087570  9.7173E-01
    1765    2.087960  9.7281E-01
    1766    2.088350  9.7386E-01
    1767    2.088740  9.7486E-01
    1768    2.089130  9.7582E-01
    1769    2.089520  9.7674E-01
    1770    2.089910  9.7762E-01
    1771    2.090300  9.7846E-01
    1772    2.090690  9.7927E-01
    1773    2.091080  9.8004E-01
    1774    2.091470  9.8078E-01
    1775    2.091860  9.8148E-01
    1776    2.092250  9.8214E-01
    1777    2.092640  9.8278E-01
    1778    2.093030  9.8338E-01
    1779    2.093420  9.8396E-01
    1780    2.093810  9.8450E-01
    1781    2.094200  9.8502E-01
    1782    2.094590  9.8550E-01
    1783    2.094980  9.8596E-01
    1784    2.095370  9.8640E-01
    1785    2.095760  9.8681E-01
    1786    2.096150  9.8719E-01
    1787    2.096540  9.8756E-01
    1788    2.096930  9.8790E-01
    1789    2.097320  9.8822E-01
    1790    2.097710  9.8852E-01
    1791    2.098100  9.8880E-01
    1792    2.098490  9.8907E-01
    1793    2.098880  9.8931E-01
    1794    2.099270  9.8955E-01
    1795    2.099660  9.8976E-01
    1796    2.100050  9.8997E-01
    1797    2.100440  9.9016E-01
    1798    2.100830  9.9033E-01
    1799    2.101220  9.9050E-01
    1800    2.101610  9.9066E-01
    1801    2.102000  9.9081E-01
    1802    2.102390  9.9095E-01
    1803    2.102780  9.9108E-01
    1804    2.103170  9.9120E-01
    1805    2.103560  9.9132E-01
    1806    2.103950  9.9143E-01
    1807    2.104340  9.9154E-01
    1808    2.104730  9.9164E-01
    1809    2.105120  9.9173E-01
    1810    2.105510  9.9183E-01
    1811    2.105900  9.9192E-01
    1812    2.106290  9.9201E-01
    1813    2.106680  9.9209E-01
    1814    2.107070  9.9218E-01
    1815    2.107460  9.9226E-01
    1816    2.107850  9.9234E-01
    1817    2.108240  9.9242E-01
    1818    2.108630  9.9250E-01
    1819    2.109020  9.9258E-01
    1820    2.109410  9.9266E-01
    1821    2.109800  9.9274E-01
    1822    2.110190  9.9282E-01
    1823    2.110580  9.9290E-01
    1824    2.110970  9.9298E-01
    1825    2.111360  9.9305E-01
    1826    2.111750  9.9314E-01
    1827    2.112140  9.9322E-01
    1828    2.112530  9.9330E-01
    1829    2.112920  9.9338E-01
    1830    2.113310  9.9346E-01
    1831    2.113700  9.9354E-01
    1832    2.114090  9.9363E-01
    1833    2.114480  9.9371E-01
    1834    2.114870  9.9380E-01
    1835    2.115260  9.9388E-01
    1836    2.115650  9.9397E-01
    1837    2.116040  9.9405E-01
    1838    2.116430  9.9414E-01
    1839    2.116820  9.9423E-01
    1840    2.117210  9.9431E-01
    1841    2.117600  9.9440E-01
    1842    2.117990  9.9449E-01
    1843    2.118380  9.9458E-01
    1844    2.118770  9.9467E-01
    1845    2.119160  9.9475E-01
    1846    2.119550  9.9484E-01
    1847    2.119940  9.9493E-01
    1848    2.120330  9.9502E-01
    1849    2.120720  9.9511E-01
    1850    2.121110  9.9519E-01
    1851    2.121500  9.9528E-01
    1852    2.121890  9.9537E-01
    1853    2.122280  9.9546E-01
    1854    2.122670  9.9555E-01
    1855    2.123060  9.9563E-01
    1856    2.123450  9.9572E-01
    1857    2.123840  9.9581E-01
    1858    2.124230  9.9590E-01
    1859    2.124620  9.9598E-01
    1860    2.125010  9.9607E-01
    1861    2.125400  9.9616E-01
    1862    2.125790  9.9624E-01
    1863    2.126180  9.9633E-01
    1864    2.126570  9.9641E-01
    1865    2.126960  9.9650E-01
    1866    2.127350  9.9658E-01
    1867    2.127740  9.9667E-01
    1868    2.128130  9.9675E-01
    1869    2.128520  9.9683E-01
    1870    2.128910  9.9691E-01
    1871    2.129300  9.9699E-01
    1872    2.129690  9.9707E-01
    1873    2.130080  9.9715E-01
    1874    2.130470  9.9723E-01
    1875    2.130860  9.9731E-01
    1876    2.131250  9.9738E-01
    1877    2.131640  9.9745E-01
    1878    2.132030  9.9752E-01
    1879    2.132420  9.9759E-01
    1880    2.132810  9.9766E-01
    1881    2.133200  9.9772E-01
    1882    2.133590  9.9778E-01
    1883    2.133980  9.9784E-01
    1884    2.134370  9.9790E-01
    1885    2.134760  9.9795E-01
    1886    2.135150  9.9800E-01
    1887    2.135540  9.9805E-01
    1888    2.135930  9.9809E-01
    1889    2.136320  9.9813E-01
    1890    2.136710  9.9817E-01
    1891    2.137100  9.9820E-01
    1892    2.137490  9.9823E-01
    1893    2.137880  9.9826E-01
    1894    2.138270  9.9828E-01
    1895    2.138660  9.9830E-01
    1896    2.139050  9.9831E-01
    1897    2.139440  9.9832E-01
    1898    2.139830  9.9833E-01
    1899    2.140220  9.9833E-01
    1900    2.140610  9.9833E-01
    1901    2.141000  9.9832E-01
    1902    2.141390  9.9831E-01
    1903    2.141780  9.9830E-01
    1904    2.142170  9.9828E-01
    1905    2.142560  9.9826E-01
    1906    2.142950  9.9824E-01
    1907    2.143340  9.9821E-01
    1908    2.143730  9.9817E-01
    1909    2.144120  9.9813E-01
    1910    2.144510  9.9809E-01
    1911    2.144900  9.9805E-01
    1912    2.145290  9.9800E-01
    1913    2.145680  9.9794E-01
    1914    2.146070  9.9789E-01
    1915    2.146460  9.9782E-01
    1916    2.146850  9.9776E-01
    1917    2.147240  9.9769E-01
    1918    2.147630  9.9761E-01
    1919    2.148020  9.9754E-01
    1920    2.148410  9.9745E-01
    1921    2.148800  9.9737E-01
    1922    2.149190  9.9727E-01
    1923    2.149580  9.9718E-01
    1924    2.149970  9.9708E-01
    1925    2.150360  9.9697E-01
    1926    2.150750  9.9686E-01
    1927    2.151140  9.9675E-01
    1928    2.151530  9.9663E-01
    1929    2.151920  9.9650E-01
    1930    2.152310  9.9637E-01
    1931    2.152700  9.9624E-01
    1932    2.153090  9.9610E-01
    1933    2.153480  9.9595E-01
    1934    2.153870  9.9580E-01
    1935    2.154260  9.9564E-01
    1936    2.154650  9.9548E-01
    1937    2.155040  9.9532E-01
    1938    2.155430  9.9515E-01
    1939    2.155820  9.9497E-01
    1940    2.156210  9.9479E-01
    1941    2.156600  9.9461E-01
    1942    2.156990  9.9442E-01
    1943    2.157380  9.9423E-01
    1944    2.157770  9.9404E-01
    1945    2.158160  9.9384E-01
    1946    2.158550  9.9364E-01
    1947    2.158940  9.9344E-01
    1948    2.159330  9.9324E-01
    1949    2.159720  9.9304E-01
    1950    2.160110  9.9283E-01
    1951    2.160500  9.9263E-01
    1952    2.160890  9.9243E-01
    1953    2.161280  9.9223E-01
    1954    2.161670  9.9204E-01
    1955    2.162060  9.9184E-01
    1956    2.162450  9.9166E-01
    1957    2.162840  9.9147E-01
    1958    2.163230  9.9130E-01
    1959    2.163620  9.9112E-01
    1960    2.164010  9.9096E-01
    1961    2.164400  9.9080E-01
    1962    2.164790  9.9066E-01
    1963    2.165180  9.9052E-01
    1964    2.165570  9.9039E-01
    1965    2.165960  9.9027E-01
    1966    2.166350  9.9016E-01
    1967    2.166740  9.9006E-01
    1968    2.167130  9.8997E-01
    1969    2.167520  9.8989E-01
    1970    2.167910  9.8983E-01
    1971    2.168300  9.8977E-01
    1972    2.168690  9.8973E-01
    1973    2.169080  9.8970E-01
    1974    2.169470  9.8968E-01
    1975    2.169860  9.8967E-01
    1976    2.170250  9.8968E-01
    1977    2.170640  9.8969E-01
    1978    2.171030  9.8972E-01
    1979    2.171420  9.8976E-01
    1980    2.171810  9.8980E-01
    1981    2.172200  9.8986E-01
    1982    2.172590  9.8992E-01
    1983    2.172980  9.9000E-01
    1984    2.173370  9.9008E-01
    1985    2.173760  9.9016E-01
    1986    2.174150  9.9026E-01
    1987    2.174540  9.9036E-01
    1988    2.174930  9.9046E-01
    1989    2.175320  9.9057E-01
    1990    2.175710  9.9068E-01
    1991    2.176100  9.9080E-01
    1992    2.176490  9.9092E-01
    1993    2.176880  9.9103E-01
    1994    2.177270  9.9115E-01
    1995    2.177660  9.9127E-01
    1996    2.178050  9.9139E-01
    1997    2.178440  9.9151E-01
    1998    2.178830  9.9162E-01
    1999    2.179220  9.9173E-01
    2000    2.179610  9.9184E-01
    2001    2.180000  9.9195E-01
    2002    2.180390  9.9205E-01
    2003    2.180780  9.9214E-01
    2004    2.181170  9.9223E-01
    2005    2.181560  9.9232E-01
    2006    2.181950  9.9239E-01
    2007    2.182340  9.9246E-01
    2008    2.182730  9.9253E-01
    2009    2.183120  9.9258E-01
    2010    2.183510  9.9263E-01
    2011    2.183900  9.9267E-01
    2012    2.184290  9.9270E-01
    2013    2.184680  9.9273E-01
    2014    2.185070  9.9274E-01
    2015    2.185460  9.9275E-01
    2016    2.185850  9.9275E-01
    2017    2.186240  9.9274E-01
    2018    2.186630  9.9272E-01
    2019    2.187020  9.9269E-01
    2020    2.187410  9.9265E-01
    2021    2.187800  9.9260E-01
    2022    2.188190  9.9255E-01
    2023    2.188580  9.9249E-01
    2024    2.188970  9.9242E-01
    2025    2.189360  9.9234E-01
    2026    2.189750  9.9225E-01
    2027    2.190140  9.9216E-01
    2028    2.190530  9.9206E-01
    2029    2.190920  9.9196E-01
    2030    2.191310  9.9185E-01
    2031    2.191700  9.9174E-01
    2032    2.192090  9.9162E-01
    2033    2.192480  9.9150E-01
    2034    2.192870  9.9137E-01
    2035    2.193260  9.9125E-01
    2036    2.193650  9.9112E-01
    2037    2.194040  9.9100E-01
    2038    2.194430  9.9087E-01
    2039    2.194820  9.9075E-01
    2040    2.195210  9.9063E-01
    2041    2.195600  9.9051E-01
    2042    2.195990  9.9039E-01
    2043    2.196380  9.9028E-01
    2044    2.196770  9.9018E-01
    2045    2.197160  9.9008E-01
    2046    2.197550  9.8999E-01
    2047    2.197940  9.8991E-01
    2048    2.198330  9.8983E-01
    2049    2.198720  9.8977E-01
    2050    2.199110  9.8971E-01
    2051    2.199500  9.8966E-01
    2052    2.199890  9.8963E-01
    2053    2.200280  9.8960E-01
    2054    2.200670  9.8958E-01
    2055    2.201060  9.8957E-01
    2056    2.201450  9.8958E-01
    2057    2.201840  9.8959E-01
    2058    2.202230  9.8962E-01
    2059    2.202620  9.8965E-01
    2060    2.203010  9.8970E-01
    2061    2.203400  9.8975E-01
    2062    2.203790  9.8981E-01
    2063    2.204180  9.8988E-01
    2064    2.204570  9.8996E-01
    2065    2.204960  9.9004E-01
    2066    2.205350  9.9014E-01
    2067    2.205740  9.9023E-01
    2068    2.206130  9.9033E-01
    2069    2.206520  9.9044E-01
    2070    2.206910  9.9055E-01
    2071    2.207300  9.9066E-01
    2072    2.207690  9.9078E-01
    2073    2.208080  9.9089E-01
    2074    2.208470  9.9101E-01
    2075    2.208860  9.9112E-01
    2076    2.209250  9.9123E-01
    2077    2.209640  9.9135E-01
    2078    2.210030  9.9146E-01
    2079    2.210420  9.9156E-01
    2080    2.210810  9.9166E-01
    2081    2.211200  9.9176E-01
    2082    2.211590  9.9186E-01
    2083    2.211980  9.9194E-01
    2084    2.212370  9.9203E-01
    2085    2.212760  9.9211E-01
    2086    2.213150  9.9218E-01
    2087    2.213540  9.9224E-01
    2088    2.213930  9.9230E-01
    2089    2.214320  9.9236E-01
    2090    2.214710  9.9240E-01
    2091    2.215100  9.9244E-01
    2092    2.215490  9.9248E-01
    2093    2.215880  9.9251E-01
    2094    2.216270  9.9253E-01
    2095    2.216660  9.9254E-01
    2096    2.217050  9.9255E-01
    2097    2.217440  9.9256E-01
    2098    2.217830  9.9255E-01
    2099    2.218220  9.9254E-01
    2100    2.218610  9.9253E-01
    2101    2.219000  9.9251E-01
    2102    2.219390  9.9249E-01
    2103    2.219780  9.9246E-01
    2104    2.220170  9.9243E-01
    2105    2.220560  9.9239E-01
    2106    2.220950  9.9235E-01
    2107    2.221340  9.9230E-01
    2108    2.221730  9.9225E-01
    2109    2.222120  9.9220E-01
    2110    2.222510  9.9214E-01
    2111    2.222900  9.9208E-01
    2112    2.223290  9.9202E-01
    2113    2.223680  9.9195E-01
    2114    2.224070  9.9188E-01
    2115    2.224460  9.9181E-01
    2116    2.224850  9.9173E-01
    2117    2.225240  9.9165E-01
    2118    2.225630  9.9157E-01
    2119    2.226020  9.9149E-01
    2120    2.226410  9.9140E-01
    2121    2.226800  9.9131E-01
    2122    2.227190  9.9122E-01
    2123    2.227580  9.9113E-01
    2124    2.227970  9.9104E-01
    2125    2.228360  9.9094E-01
    2126    2.228750  9.9084E-01
    2127    2.229140  9.9074E-01
    2128    2.229530  9.9064E-01
    2129    2.229920  9.9054E-01
    2130    2.230310  9.9044E-01
    2131    2.230700  9.9034E-01
    2132    2.231090  9.9023E-01
    2133    2.231480  9.9013E-01
    2134    2.231870  9.9002E-01
    2135    2.232260  9.8992E-01
    2136    2.232650  9.8981E-01
    2137    2.233040  9.8971E-01
    2138    2.233430  9.8960E-01
    2139    2.233820  9.8950E-01
    2140    2.234210  9.8940E-01
    2141    2.234600  9.8929E-01
    2142    2.234990  9.8919E-01
    2143    2.235380  9.8909E-01
    2144    2.235770  9.8899E-01
    2145    2.236160  9.8890E-01
    2146    2.236550  9.8880E-01
    2147    2.236940  9.8870E-01
    2148    2.237330  9.8861E-01
    2149    2.237720  9.8852E-01
    2150    2.238110  9.8843E-01
    2151    2.238500  9.8834E-01
    2152    2.238890  9.8826E-01
    2153    2.239280  9.8817E-01
    2154    2.239670  9.8809E-01
    2155    2.240060  9.8801E-01
    2156    2.240450  9.8793E-01
    2157    2.240840  9.8785E-01
    2158    2.241230  9.8778E-01
    2159    2.241620  9.8770E-01
    2160    2.242010  9.8763E-01
    2161    2.242400  9.8755E-01
    2162    2.242790  9.8748E-01
    2163    2.243180  9.8741E-01
    2164    2.243570  9.8734E-01
    2165    2.243960  9.8727E-01
    2166    2.244350  9.8720E-01
    2167    2.244740  9.8713E-01
    2168    2.245130  9.8706E-01
    2169    2.245520  9.8699E-01
    2170    2.245910  9.8691E-01
    2171    2.246300  9.8684E-01
    2172    2.246690  9.8677E-01
    2173    2.247080  9.8669E-01
    2174    2.247470  9.8662E-01
    2175    2.247860  9.8654E-01
    2176    2.248250  9.8646E-01
    2177    2.248640  9.8639E-01
    2178    2.249030  9.8630E-01
    2179    2.249420  9.8622E-01
    2180    2.249810  9.8614E-01
    2181    2.250200  9.8605E-01
    2182    2.250590  9.8596E-01
    2183    2.250980  9.8587E-01
    2184    2.251370  9.8577E-01
    2185    2.251760  9.8567E-01
    2186    2.252150  9.8557E-01
    2187    2.252540  9.8546E-01
    2188    2.252930  9.8535E-01
    2189    2.253320  9.8524E-01
    2190    2.253710  9.8512E-01
    2191    2.254100  9.8499E-01
    2192    2.254490  9.8486E-01
    2193    2.254880  9.8473E-01
    2194    2.255270  9.8459E-01
    2195    2.255660  9.8444E-01
    2196    2.256050  9.8428E-01
    2197    2.256440  9.8412E-01
    2198    2.256830  9.8394E-01
    2199    2.257220  9.8376E-01
    2200    2.257610  9.8357E-01
    2201    2.258000  9.8337E-01
    2202    2.258390  9.8316E-01
    2203    2.258780  9.8294E-01
    2204    2.259170  9.8271E-01
    2205    2.259560  9.8247E-01
    2206    2.259950  9.8221E-01
    2207    2.260340  9.8195E-01
    2208    2.260730  9.8168E-01
    2209    2.261120  9.8139E-01
    2210    2.261510  9.8110E-01
    2211    2.261900  9.8080E-01
    2212    2.262290  9.8048E-01
    2213    2.262680  9.8016E-01
    2214    2.263070  9.7983E-01
    2215    2.263460  9.7949E-01
    2216    2.263850  9.7915E-01
    2217    2.264240  9.7880E-01
    2218    2.264630  9.7845E-01
    2219    2.265020  9.7809E-01
    2220    2.265410  9.7773E-01
    2221    2.265800  9.7737E-01
    2222    2.266190  9.7701E-01
    2223    2.266580  9.7666E-01
    2224    2.266970  9.7631E-01
    2225    2.267360  9.7596E-01
    2226    2.267750  9.7562E-01
    2227    2.268140  9.7529E-01
    2228    2.268530  9.7497E-01
    2229    2.268920  9.7466E-01
    2230    2.269310  9.7436E-01
    2231    2.269700  9.7408E-01
    2232    2.270090  9.7381E-01
    2233    2.270480  9.7356E-01
    2234    2.270870  9.7333E-01
    2235    2.271260  9.7311E-01
    2236    2.271650  9.7292E-01
    2237    2.272040  9.7274E-01
    2238    2.272430  9.7258E-01
    2239    2.272820  9.7244E-01
    2240    2.273210  9.7231E-01
    2241    2.273600  9.7221E-01
    2242    2.273990  9.7213E-01
    2243    2.274380  9.7206E-01
    2244    2.274770  9.7201E-01
    2245    2.275160  9.7198E-01
    2246    2.275550  9.7196E-01
    2247    2.275940  9.7195E-01
    2248    2.276330  9.7195E-01
    2249    2.276720  9.7197E-01
    2250    2.277110  9.7199E-01
    2251    2.277500  9.7202E-01
    2252    2.277890  9.7205E-01
    2253    2.278280  9.7209E-01
    2254    2.278670  9.7213E-01
    2255    2.279060  9.7216E-01
    2256    2.279450  9.7219E-01
    2257    2.279840  9.7222E-01
    2258    2.280230  9.7224E-01
    2259    2.280620  9.7225E-01
    2260    2.281010  9.7224E-01
    2261    2.281400  9.7223E-01
    2262    2.281790  9.7219E-01
    2263    2.282180  9.7215E-01
    2264    2.282570  9.7208E-01
    2265    2.282960  9.7199E-01
    2266    2.283350  9.7189E-01
    2267    2.283740  9.7176E-01
    2268    2.284130  9.7161E-01
    2269    2.284520  9.7143E-01
    2270    2.284910  9.7123E-01
    2271    2.285300  9.7101E-01
    2272    2.285690  9.7077E-01
    2273    2.286080  9.7050E-01
    2274    2.286470  9.7020E-01
    2275    2.286860  9.6989E-01
    2276    2.287250  9.6955E-01
    2277    2.287640  9.6919E-01
    2278    2.288030  9.6881E-01
    2279    2.288420  9.6840E-01
    2280    2.288810  9.6798E-01
    2281    2.289200  9.6755E-01
    2282    2.289590  9.6709E-01
    2283    2.289980  9.6662E-01
    2284    2.290370  9.6614E-01
    2285    2.290760  9.6565E-01
    2286    2.291150  9.6515E-01
    2287    2.291540  9.6464E-01
    2288    2.291930  9.6413E-01
    2289    2.292320  9.6361E-01
    2290    2.292710  9.6309E-01
    2291    2.293100  9.6257E-01
    2292    2.293490  9.6206E-01
    2293    2.293880  9.6155E-01
    2294    2.294270  9.6104E-01
    2295    2.294660  9.6054E-01
    2296    2.295050  9.6005E-01
    2297    2.295440  9.5957E-01
    2298    2.295830  9.5910E-01
    2299    2.296220  9.5864E-01
    2300    2.296610  9.5820E-01
    2301    2.297000  9.5778E-01
    2302    2.297390  9.5737E-01
    2303    2.297780  9.5698E-01
    2304    2.298170  9.5660E-01
    2305    2.298560  9.5624E-01
    2306    2.298950  9.5590E-01
    2307    2.299340  9.5558E-01
    2308    2.299730  9.5528E-01
    2309    2.300120  9.5499E-01
    2310    2.300510  9.5472E-01
    2311    2.300900  9.5446E-01
    2312    2.301290  9.5423E-01
    2313    2.301680  9.5400E-01
    2314    2.302070  9.5380E-01
    2315    2.302460  9.5360E-01
    2316    2.302850  9.5341E-01
    2317    2.303240  9.5324E-01
    2318    2.303630  9.5307E-01
    2319    2.304020  9.5291E-01
    2320    2.304410  9.5276E-01
    2321    2.304800  9.5262E-01
    2322    2.305190  9.5247E-01
    2323    2.305580  9.5233E-01
    2324    2.305970  9.5219E-01
    2325    2.306360  9.5205E-01
    2326    2.306750  9.5191E-01
    2327    2.307140  9.5177E-01
    2328    2.307530  9.5162E-01
    2329    2.307920  9.5148E-01
    2330    2.308310  9.5132E-01
    2331    2.308700  9.5117E-01
    2332    2.309090  9.5101E-01
    2333    2.309480  9.5085E-01
    2334    2.309870  9.5069E-01
    2335    2.310260  9.5053E-01
    2336    2.310650  9.5036E-01
    2337    2.311040  9.5020E-01
    2338    2.311430  9.5003E-01
    2339    2.311820  9.4987E-01
    2340    2.312210  9.4972E-01
    2341    2.312600  9.4957E-01
    2342    2.312990  9.4943E-01
    2343    2.313380  9.4930E-01
    2344    2.313770  9.4918E-01
    2345    2.314160  9.4908E-01
    2346    2.314550  9.4899E-01
    2347    2.314940  9.4892E-01
    2348    2.315330  9.4887E-01
    2349    2.315720  9.4885E-01
    2350    2.316110  9.4884E-01
    2351    2.316500  9.4887E-01
    2352    2.316890  9.4892E-01
    2353    2.317280  9.4899E-01
    2354    2.317670  9.4910E-01
    2355    2.318060  9.4924E-01
    2356    2.318450  9.4940E-01
    2357    2.318840  9.4960E-01
    2358    2.319230  9.4983E-01
    2359    2.319620  9.5008E-01
    2360    2.320010  9.5037E-01
    2361    2.320400  9.5068E-01
    2362    2.320790  9.5102E-01
    2363    2.321180  9.5139E-01
    2364    2.321570  9.5178E-01
    2365    2.321960  9.5219E-01
    2366    2.322350  9.5261E-01
    2367    2.322740  9.5306E-01
    2368    2.323130  9.5352E-01
    2369    2.323520  9.5398E-01
    2370    2.323910  9.5446E-01
    2371    2.324300  9.5494E-01
    2372    2.324690  9.5542E-01
    2373    2.325080  9.5590E-01
    2374    2.325470  9.5637E-01
    2375    2.325860  9.5684E-01
    2376    2.326250  9.5729E-01
    2377    2.326640  9.5773E-01
    2378    2.327030  9.5815E-01
    2379    2.327420  9.5855E-01
    2380    2.327810  9.5893E-01
    2381    2.328200  9.5928E-01
    2382    2.328590  9.5960E-01
    2383    2.328980  9.5989E-01
    2384    2.329370  9.6016E-01
    2385    2.329760  9.6039E-01
    2386    2.330150  9.6058E-01
    2387    2.330540  9.6074E-01
    2388    2.330930  9.6087E-01
    2389    2.331320  9.6096E-01
    2390    2.331710  9.6101E-01
    2391    2.332100  9.6103E-01
    2392    2.332490  9.6101E-01
    2393    2.332880  9.6096E-01
    2394    2.333270  9.6087E-01
    2395    2.333660  9.6075E-01
    2396    2.334050  9.6060E-01
    2397    2.334440  9.6043E-01
    2398    2.334830  9.6022E-01
    2399    2.335220  9.5999E-01
    2400    2.335610  9.5974E-01
    2401    2.336000  9.5947E-01
    2402    2.336390  9.5917E-01
    2403    2.336780  9.5887E-01
    2404    2.337170  9.5855E-01
    2405    2.337560  9.5822E-01
    2406    2.337950  9.5789E-01
    2407    2.338340  9.5755E-01
    2408    2.338730  9.5720E-01
    2409    2.339120  9.5686E-01
    2410    2.339510  9.5653E-01
    2411    2.339900  9.5620E-01
    2412    2.340290  9.5588E-01
    2413    2.340680  9.5558E-01
    2414    2.341070  9.5529E-01
    2415    2.341460  9.5501E-01
    2416    2.341850  9.5476E-01
    2417    2.342240  9.5453E-01
    2418    2.342630  9.5432E-01
    2419    2.343020  9.5413E-01
    2420    2.343410  9.5398E-01
    2421    2.343800  9.5385E-01
    2422    2.344190  9.5375E-01
    2423    2.344580  9.5369E-01
    2424    2.344970  9.5365E-01
    2425    2.345360  9.5365E-01
    2426    2.345750  9.5368E-01
    2427    2.346140  9.5374E-01
    2428    2.346530  9.5384E-01
    2429    2.346920  9.5397E-01
    2430    2.347310  9.5413E-01
    2431    2.347700  9.5432E-01
    2432    2.348090  9.5454E-01
    2433    2.348480  9.5479E-01
    2434    2.348870  9.5507E-01
    2435    2.349260  9.5538E-01
    2436    2.349650  9.5571E-01
    2437    2.350040  9.5606E-01
    2438    2.350430  9.5642E-01
    2439    2.350820  9.5681E-01
    2440    2.351210  9.5721E-01
    2441    2.351600  9.5762E-01
    2442    2.351990  9.5804E-01
    2443    2.352380  9.5847E-01
    2444    2.352770  9.5890E-01
    2445    2.353160  9.5933E-01
    2446    2.353550  9.5975E-01
    2447    2.353940  9.6017E-01
    2448    2.354330  9.6057E-01
    2449    2.354720  9.6096E-01
    2450    2.355110  9.6134E-01
    2451    2.355500  9.6169E-01
    2452    2.355890  9.6202E-01
    2453    2.356280  9.6233E-01
    2454    2.356670  9.6260E-01
    2455    2.357060  9.6285E-01
    2456    2.357450  9.6306E-01
    2457    2.357840  9.6323E-01
    2458    2.358230  9.6337E-01
    2459    2.358620  9.6346E-01
    2460    2.359010  9.6352E-01
    2461    2.359400  9.6353E-01
    2462    2.359790  9.6350E-01
    2463    2.360180  9.6343E-01
    2464    2.360570  9.6331E-01
    2465    2.360960  9.6315E-01
    2466    2.361350  9.6295E-01
    2467    2.361740  9.6271E-01
    2468    2.362130  9.6242E-01
    2469    2.362520  9.6210E-01
    2470    2.362910  9.6173E-01
    2471    2.363300  9.6134E-01
    2472    2.363690  9.6090E-01
    2473    2.364080  9.6044E-01
    2474    2.364470  9.5995E-01
    2475    2.364860  9.5943E-01
    2476    2.365250  9.5889E-01
    2477    2.365640  9.5833E-01
    2478    2.366030  9.5775E-01
    2479    2.366420  9.5716E-01
    2480    2.366810  9.5655E-01
    2481    2.367200  9.5595E-01
    2482    2.367590  9.5534E-01
    2483    2.367980  9.5472E-01
    2484    2.368370  9.5411E-01
    2485    2.368760  9.5351E-01
    2486    2.369150  9.5292E-01
    2487    2.369540  9.5233E-01
    2488    2.369930  9.5177E-01
    2489    2.370320  9.5121E-01
    2490    2.370710  9.5068E-01
    2491    2.371100  9.5017E-01
    2492    2.371490  9.4968E-01
    2493    2.371880  9.4921E-01
    2494    2.372270  9.4877E-01
    2495    2.372660  9.4836E-01
    2496    2.373050  9.4797E-01
    2497    2.373440  9.4761E-01
    2498    2.373830  9.4728E-01
    2499    2.374220  9.4698E-01
    2500    2.374610  9.4670E-01
    2501    2.375000  9.4646E-01
    2502    2.375390  9.4624E-01
    2503    2.375780  9.4604E-01
    2504    2.376170  9.4588E-01
    2505    2.376560  9.4573E-01
    2506    2.376950  9.4562E-01
    2507    2.377340  9.4552E-01
    2508    2.377730  9.4545E-01
    2509    2.378120  9.4540E-01
    2510    2.378510  9.4537E-01
    2511    2.378900  9.4536E-01
    2512    2.379290  9.4537E-01
    2513    2.379680  9.4539E-01
    2514    2.380070  9.4543E-01
    2515    2.380460  9.4548E-01
    2516    2.380850  9.4555E-01
    2517    2.381240  9.4563E-01
    2518    2.381630  9.4572E-01
    2519    2.382020  9.4581E-01
    2520    2.382410  9.4592E-01
    2521    2.382800  9.4603E-01
    2522    2.383190  9.4615E-01
    2523    2.383580  9.4628E-01
    2524    2.383970  9.4641E-01
    2525    2.384360  9.4654E-01
    2526    2.384750  9.4667E-01
    2527    2.385140  9.4681E-01
    2528    2.385530  9.4694E-01
    2529    2.385920  9.4708E-01
    2530    2.386310  9.4721E-01
    2531    2.386700  9.4733E-01
    2532    2.387090  9.4746E-01
    2533    2.387480  9.4757E-01
    2534    2.387870  9.4768E-01
    2535    2.388260  9.4778E-01
    2536    2.388650  9.4787E-01
    2537    2.389040  9.4794E-01
    2538    2.389430  9.4801E-01
    2539    2.389820  9.4806E-01
    2540    2.390210  9.4809E-01
    2541    2.390600  9.4810E-01
    2542    2.390990  9.4810E-01
    2543    2.391380  9.4807E-01
    2544    2.391770  9.4803E-01
    2545    2.392160  9.4796E-01
    2546    2.392550  9.4787E-01
    2547    2.392940  9.4776E-01
    2548    2.393330  9.4762E-01
    2549    2.393720  9.4745E-01
    2550    2.394110  9.4726E-01
    2551    2.394500  9.4704E-01
    2552    2.394890  9.4680E-01
    2553    2.395280  9.4653E-01
    2554    2.395670  9.4624E-01
    2555    2.396060  9.4592E-01
    2556    2.396450  9.4558E-01
    2557    2.396840  9.4521E-01
    2558    2.397230  9.4483E-01
    2559    2.397620  9.4442E-01
    2560    2.398010  9.4400E-01
    2561    2.398400  9.4355E-01
    2562    2.398790  9.4310E-01
    2563    2.399180  9.4263E-01
    2564    2.399570  9.4216E-01
    2565    2.399960  9.4167E-01
    2566    2.400350  9.4119E-01
    2567    2.400740  9.4070E-01
    2568    2.401130  9.4021E-01
    2569    2.401520  9.3972E-01
    2570    2.401910  9.3924E-01
    2571    2.402300  9.3877E-01
    2572    2.402690  9.3830E-01
    2573    2.403080  9.3785E-01
    2574    2.403470  9.3742E-01
    2575    2.403860  9.3700E-01
    2576    2.404250  9.3661E-01
    2577    2.404640  9.3623E-01
    2578    2.405030  9.3588E-01
    2579    2.405420  9.3555E-01
    2580    2.405810  9.3524E-01
    2581    2.406200  9.3496E-01
    2582    2.406590  9.3471E-01
    2583    2.406980  9.3448E-01
    2584    2.407370  9.3428E-01
    2585    2.407760  9.3411E-01
    2586    2.408150  9.3396E-01
    2587    2.408540  9.3384E-01
    2588    2.408930  9.3375E-01
    2589    2.409320  9.3368E-01
    2590    2.409710  9.3363E-01
    2591    2.410100  9.3360E-01
    2592    2.410490  9.3360E-01
    2593    2.410880  9.3361E-01
    2594    2.411270  9.3364E-01
    2595    2.411660  9.3369E-01
    2596    2.412050  9.3375E-01
    2597    2.412440  9.3382E-01
    2598    2.412830  9.3390E-01
    2599    2.413220  9.3398E-01
    2600    2.413610  9.3408E-01
    2601    2.414000  9.3418E-01
    2602    2.414390  9.3427E-01
    2603    2.414780  9.3437E-01
    2604    2.415170  9.3447E-01
    2605    2.415560  9.3456E-01
    2606    2.415950  9.3465E-01
    2607    2.416340  9.3472E-01
    2608    2.416730  9.3479E-01
    2609    2.417120  9.3485E-01
    2610    2.417510  9.3489E-01
    2611    2.417900  9.3492E-01
    2612    2.418290  9.3493E-01
    2613    2.418680  9.3492E-01
    2614    2.419070  9.3489E-01
    2615    2.419460  9.3484E-01
    2616    2.419850  9.3476E-01
    2617    2.420240  9.3466E-01
    2618    2.420630  9.3454E-01
    2619    2.421020  9.3438E-01
    2620    2.421410  9.3420E-01
    2621    2.421800  9.3399E-01
    2622    2.422190  9.3375E-01
    2623    2.422580  9.3347E-01
    2624    2.422970  9.3317E-01
    2625    2.423360  9.3283E-01
    2626    2.423750  9.3246E-01
    2627    2.424140  9.3205E-01
    2628    2.424530  9.3161E-01
    2629    2.424920  9.3113E-01
    2630    2.425310  9.3062E-01
    2631    2.425700  9.3008E-01
    2632    2.426090  9.2951E-01
    2633    2.426480  9.2890E-01
    2634    2.426870  9.2827E-01
    2635    2.427260  9.2760E-01
    2636    2.427650  9.2691E-01
    2637    2.428040  9.2619E-01
    2638    2.428430  9.2545E-01
    2639    2.428820  9.2469E-01
    2640    2.429210  9.2391E-01
    2641    2.429600  9.2311E-01
    2642    2.429990  9.2230E-01
    2643    2.430380  9.2148E-01
    2644    2.430770  9.2065E-01
    2645    2.431160  9.1981E-01
    2646    2.431550  9.1897E-01
    2647    2.431940  9.1813E-01
    2648    2.432330  9.1729E-01
    2649    2.432720  9.1646E-01
    2650    2.433110  9.1564E-01
    2651    2.433500  9.1483E-01
    2652    2.433890  9.1403E-01
    2653    2.434280  9.1324E-01
    2654    2.434670  9.1247E-01
    2655    2.435060  9.1172E-01
    2656    2.435450  9.1099E-01
    2657    2.435840  9.1028E-01
    2658    2.436230  9.0960E-01
    2659    2.436620  9.0893E-01
    2660    2.437010  9.0829E-01
    2661    2.437400  9.0767E-01
    2662    2.437790  9.0708E-01
    2663    2.438180  9.0651E-01
    2664    2.438570  9.0597E-01
    2665    2.438960  9.0545E-01
    2666    2.439350  9.0496E-01
    2667    2.439740  9.0449E-01
    2668    2.440130  9.0404E-01
    2669    2.440520  9.0361E-01
    2670    2.440910  9.0321E-01
    2671    2.441300  9.0283E-01
    2672    2.441690  9.0247E-01
    2673    2.442080  9.0213E-01
    2674    2.442470  9.0182E-01
    2675    2.442860  9.0153E-01
    2676    2.443250  9.0126E-01
    2677    2.443640  9.0101E-01
    2678    2.444030  9.0078E-01
    2679    2.444420  9.0058E-01
    2680    2.444810  9.0040E-01
    2681    2.445200  9.0025E-01
    2682    2.445590  9.0012E-01
    2683    2.445980  9.0001E-01
    2684    2.446370  8.9994E-01
    2685    2.446760  8.9988E-01
    2686    2.447150  8.9986E-01
    2687    2.447540  8.9986E-01
    2688    2.447930  8.9990E-01
    2689    2.448320  8.9995E-01
    2690    2.448710  9.0004E-01
    2691    2.449100  9.0016E-01
    2692    2.449490  9.0030E-01
    2693    2.449880  9.0047E-01
    2694    2.450270  9.0066E-01
    2695    2.450660  9.0088E-01
    2696    2.451050  9.0111E-01
    2697    2.451440  9.0137E-01
    2698    2.451830  9.0164E-01
    2699    2.452220  9.0193E-01
    2700    2.452610  9.0223E-01
    2701    2.453000  9.0253E-01
    2702    2.453390  9.0284E-01
    2703    2.453780  9.0314E-01
    2704    2.454170  9.0344E-01
    2705    2.454560  9.0373E-01
    2706    2.454950  9.0400E-01
    2707    2.455340  9.0426E-01
    2708    2.455730  9.0449E-01
    2709    2.456120  9.0469E-01
    2710    2.456510  9.0486E-01
    2711    2.456900  9.0500E-01
    2712    2.457290  9.0509E-01
    2713    2.457680  9.0513E-01
    2714    2.458070  9.0512E-01
    2715    2.458460  9.0506E-01
    2716    2.458850  9.0495E-01
    2717    2.459240  9.0477E-01
    2718    2.459630  9.0453E-01
    2719    2.460020  9.0423E-01
    2720    2.460410  9.0386E-01
    2721    2.460800  9.0343E-01
    2722    2.461190  9.0292E-01
    2723    2.461580  9.0235E-01
    2724    2.461970  9.0171E-01
    2725    2.462360  9.0101E-01
    2726    2.462750  9.0024E-01
    2727    2.463140  8.9940E-01
    2728    2.463530  8.9850E-01
    2729    2.463920  8.9755E-01
    2730    2.464310  8.9653E-01
    2731    2.464700  8.9546E-01
    2732    2.465090  8.9433E-01
    2733    2.465480  8.9316E-01
    2734    2.465870  8.9194E-01
    2735    2.466260  8.9067E-01
    2736    2.466650  8.8937E-01
    2737    2.467040  8.8802E-01
    2738    2.467430  8.8664E-01
    2739    2.467820  8.8523E-01
    2740    2.468210  8.8379E-01
    2741    2.468600  8.8231E-01
    2742    2.468990  8.8082E-01
    2743    2.469380  8.7929E-01
    2744    2.469770  8.7775E-01
    2745    2.470160  8.7617E-01
    2746    2.470550  8.7458E-01
    2747    2.470940  8.7296E-01
    2748    2.471330  8.7132E-01
    2749    2.471720  8.6966E-01
    2750    2.472110  8.6797E-01
    2751    2.472500  8.6626E-01
    2752    2.472890  8.6451E-01
    2753    2.473280  8.6274E-01
    2754    2.473670  8.6093E-01
    2755    2.474060  8.5909E-01
    2756    2.474450  8.5721E-01
    2757    2.474840  8.5529E-01
    2758    2.475230  8.5333E-01
    2759    2.475620  8.5132E-01
    2760    2.476010  8.4925E-01
    2761    2.476400  8.4714E-01
    2762    2.476790  8.4496E-01
    2763    2.477180  8.4272E-01
    2764    2.477570  8.4041E-01
    2765    2.477960  8.3804E-01
    2766    2.478350  8.3559E-01
    2767    2.478740  8.3306E-01
    2768    2.479130  8.3044E-01
    2769    2.479520  8.2774E-01
    2770    2.479910  8.2495E-01
    2771    2.480300  8.2206E-01
    2772    2.480690  8.1907E-01
    2773    2.481080  8.1597E-01
    2774    2.481470  8.1276E-01
    2775    2.481860  8.0943E-01
    2776    2.482250  8.0598E-01
    2777    2.482640  8.0239E-01
    2778    2.483030  7.9867E-01
    2779    2.483420  7.9480E-01
    2780    2.483810  7.9077E-01
    2781    2.484200  7.8659E-01
    2782    2.484590  7.8223E-01
    2783    2.484980  7.7769E-01
    2784    2.485370  7.7297E-01
    2785    2.485760  7.6804E-01
    2786    2.486150  7.6290E-01
    2787    2.486540  7.5754E-01
    2788    2.486930  7.5195E-01
    2789    2.487320  7.4612E-01
    2790    2.487710  7.4002E-01
    2791    2.488100  7.3367E-01
    2792    2.488490  7.2703E-01
    2793    2.488880  7.2011E-01
    2794    2.489270  7.1289E-01
    2795    2.489660  7.0535E-01
    2796    2.490050  6.9750E-01
    2797    2.490440  6.8932E-01
    2798    2.490830  6.8081E-01
    2799    2.491220  6.7195E-01
    2800    2.491610  6.6275E-01
    2801    2.492000  6.5319E-01
    2802    2.492390  6.4328E-01
    2803    2.492780  6.3302E-01
    2804    2.493170  6.2241E-01
    2805    2.493560  6.1144E-01
    2806    2.493950  6.0012E-01
    2807    2.494340  5.8847E-01
    2808    2.494730  5.7649E-01
    2809    2.495120  5.6418E-01
    2810    2.495510  5.5157E-01
    2811    2.495900  5.3867E-01
    2812    2.496290  5.2549E-01
    2813    2.496680  5.1206E-01
    2814    2.497070  4.9839E-01
    2815    2.497460  4.8451E-01
    2816    2.497850  4.7044E-01
    2817    2.498240  4.5621E-01
    2818    2.498630  4.4184E-01
    2819    2.499020  4.2737E-01
    2820    2.499410  4.1282E-01
    2821    2.499800  3.9822E-01
