       1   20.000000  9.0450E-01
       2   20.005500  9.0959E-01
       3   20.011000  9.0950E-01
       4   20.016500  9.0935E-01
       5   20.022000  9.0913E-01
       6   20.027500  9.0884E-01
       7   20.033000  9.0846E-01
       8   20.038500  9.0799E-01
       9   20.044000  9.0742E-01
      10   20.049500  9.0674E-01
      11   20.055000  9.0596E-01
      12   20.060500  9.0505E-01
      13   20.066000  9.0402E-01
      14   20.071500  9.0285E-01
      15   20.077000  9.0154E-01
      16   20.082500  9.0009E-01
      17   20.088000  8.9848E-01
      18   20.093500  8.9672E-01
      19   20.099000  8.9480E-01
      20   20.104500  8.9271E-01
      21   20.110000  8.9046E-01
      22   20.115500  8.8803E-01
      23   20.121000  8.8544E-01
      24   20.126500  8.8268E-01
      25   20.132000  8.7975E-01
      26   20.137500  8.7666E-01
      27   20.143000  8.7341E-01
      28   20.148500  8.7000E-01
      29   20.154000  8.6645E-01
      30   20.159500  8.6275E-01
      31   20.165000  8.5893E-01
      32   20.170500  8.5498E-01
      33   20.176000  8.5092E-01
      34   20.181500  8.4677E-01
      35   20.187000  8.4253E-01
      36   20.192500  8.3823E-01
      37   20.198000  8.3388E-01
      38   20.203500  8.2949E-01
      39   20.209000  8.2509E-01
      40   20.214500  8.2069E-01
      41   20.220000  8.1631E-01
      42   20.225500  8.1197E-01
      43   20.231000  8.0769E-01
      44   20.236500  8.0349E-01
      45   20.242000  7.9939E-01
      46   20.247500  7.9541E-01
      47   20.253000  7.9156E-01
      48   20.258500  7.8786E-01
      49   20.264000  7.8433E-01
      50   20.269500  7.8098E-01
      51   20.275000  7.7783E-01
      52   20.280500  7.7489E-01
      53   20.286000  7.7216E-01
      54   20.291500  7.6967E-01
      55   20.297000  7.6740E-01
      56   20.302500  7.6538E-01
      57   20.308000  7.6359E-01
      58   20.313500  7.6204E-01
      59   20.319000  7.6074E-01
      60   20.324500  7.5966E-01
      61   20.330000  7.5881E-01
      62   20.335500  7.5817E-01
      63   20.341000  7.5774E-01
      64   20.346500  7.5750E-01
      65   20.352000  7.5743E-01
      66   20.357500  7.5752E-01
      67   20.363000  7.5774E-01
      68   20.368500  7.5808E-01
      69   20.374000  7.5851E-01
      70   20.379500  7.5900E-01
      71   20.385000  7.5954E-01
      72   20.390500  7.6010E-01
      73   20.396000  7.6065E-01
      74   20.401500  7.6116E-01
      75   20.407000  7.6162E-01
      76   20.412500  7.6198E-01
      77   20.418000  7.6224E-01
      78   20.423500  7.6236E-01
      79   20.429000  7.6232E-01
      80   20.434500  7.6209E-01
      81   20.440000  7.6167E-01
      82   20.445500  7.6103E-01
      83   20.451000  7.6015E-01
      84   20.456500  7.5903E-01
      85   20.462000  7.5764E-01
      86   20.467500  7.5599E-01
      87   20.473000  7.5406E-01
      88   20.478500  7.5186E-01
      89   20.484000  7.4938E-01
      90   20.489500  7.4662E-01
      91   20.495000  7.4360E-01
      92   20.500500  7.4032E-01
      93   20.506000  7.3678E-01
      94   20.511500  7.3302E-01
      95   20.517000  7.2904E-01
      96   20.522500  7.2486E-01
      97   20.528000  7.2050E-01
      98   20.533500  7.1600E-01
      99   20.539000  7.1137E-01
     100   20.544500  7.0664E-01
     101   20.550000  7.0185E-01
     102   20.555500  6.9702E-01
     103   20.561000  6.9218E-01
     104   20.566500  6.8738E-01
     105   20.572000  6.8263E-01
     106   20.577500  6.7798E-01
     107   20.583000  6.7346E-01
     108   20.588500  6.6909E-01
     109   20.594000  6.6492E-01
     110   20.599500  6.6097E-01
     111   20.605000  6.5727E-01
     112   20.610500  6.5385E-01
     113   20.616000  6.5074E-01
     114   20.621500  6.4796E-01
     115   20.627000  6.4553E-01
     116   20.632500  6.4347E-01
     117   20.638000  6.4180E-01
     118   20.643500  6.4053E-01
     119   20.649000  6.3968E-01
     120   20.654500  6.3925E-01
     121   20.660000  6.3924E-01
     122   20.665500  6.3967E-01
     123   20.671000  6.4053E-01
     124   20.676500  6.4181E-01
     125   20.682000  6.4351E-01
     126   20.687500  6.4563E-01
     127   20.693000  6.4814E-01
     128   20.698500  6.5103E-01
     129   20.704000  6.5429E-01
     130   20.709500  6.5790E-01
     131   20.715000  6.6183E-01
     132   20.720500  6.6607E-01
     133   20.726000  6.7058E-01
     134   20.731500  6.7534E-01
     135   20.737000  6.8032E-01
     136   20.742500  6.8549E-01
     137   20.748000  6.9083E-01
     138   20.753500  6.9629E-01
     139   20.759000  7.0185E-01
     140   20.764500  7.0748E-01
     141   20.770000  7.1314E-01
     142   20.775500  7.1881E-01
     143   20.781000  7.2445E-01
     144   20.786500  7.3002E-01
     145   20.792000  7.3551E-01
     146   20.797500  7.4088E-01
     147   20.803000  7.4610E-01
     148   20.808500  7.5114E-01
     149   20.814000  7.5598E-01
     150   20.819500  7.6059E-01
     151   20.825000  7.6494E-01
     152   20.830500  7.6903E-01
     153   20.836000  7.7281E-01
     154   20.841500  7.7627E-01
     155   20.847000  7.7940E-01
     156   20.852500  7.8217E-01
     157   20.858000  7.8458E-01
     158   20.863500  7.8660E-01
     159   20.869000  7.8822E-01
     160   20.874500  7.8943E-01
     161   20.880000  7.9022E-01
     162   20.885500  7.9058E-01
     163   20.891000  7.9050E-01
     164   20.896500  7.8999E-01
     165   20.902000  7.8903E-01
     166   20.907500  7.8761E-01
     167   20.913000  7.8575E-01
     168   20.918500  7.8344E-01
     169   20.924000  7.8067E-01
     170   20.929500  7.7746E-01
     171   20.935000  7.7380E-01
     172   20.940500  7.6970E-01
     173   20.946000  7.6518E-01
     174   20.951500  7.6023E-01
     175   20.957000  7.5486E-01
     176   20.962500  7.4910E-01
     177   20.968000  7.4295E-01
     178   20.973500  7.3642E-01
     179   20.979000  7.2954E-01
     180   20.984500  7.2232E-01
     181   20.990000  7.1478E-01
     182   20.995500  7.0694E-01
     183   21.001000  6.9882E-01
     184   21.006500  6.9046E-01
     185   21.012000  6.8187E-01
     186   21.017500  6.7309E-01
     187   21.023000  6.6413E-01
     188   21.028500  6.5504E-01
     189   21.034000  6.4584E-01
     190   21.039500  6.3657E-01
     191   21.045000  6.2725E-01
     192   21.050500  6.1793E-01
     193   21.056000  6.0863E-01
     194   21.061500  5.9940E-01
     195   21.067000  5.9027E-01
     196   21.072500  5.8127E-01
     197   21.078000  5.7243E-01
     198   21.083500  5.6381E-01
     199   21.089000  5.5542E-01
     200   21.094500  5.4730E-01
     201   21.100000  5.3948E-01
     202   21.105500  5.3200E-01
     203   21.111000  5.2488E-01
     204   21.116500  5.1815E-01
     205   21.122000  5.1184E-01
     206   21.127500  5.0596E-01
     207   21.133000  5.0055E-01
     208   21.138500  4.9562E-01
     209   21.144000  4.9118E-01
     210   21.149500  4.8726E-01
     211   21.155000  4.8385E-01
     212   21.160500  4.8097E-01
     213   21.166000  4.7862E-01
     214   21.171500  4.7680E-01
     215   21.177000  4.7552E-01
     216   21.182500  4.7477E-01
     217   21.188000  4.7454E-01
     218   21.193500  4.7483E-01
     219   21.199000  4.7562E-01
     220   21.204500  4.7690E-01
     221   21.210000  4.7867E-01
     222   21.215500  4.8089E-01
     223   21.221000  4.8355E-01
     224   21.226500  4.8663E-01
     225   21.232000  4.9011E-01
     226   21.237500  4.9397E-01
     227   21.243000  4.9818E-01
     228   21.248500  5.0272E-01
     229   21.254000  5.0757E-01
     230   21.259500  5.1270E-01
     231   21.265000  5.1809E-01
     232   21.270500  5.2372E-01
     233   21.276000  5.2955E-01
     234   21.281500  5.3558E-01
     235   21.287000  5.4177E-01
     236   21.292500  5.4810E-01
     237   21.298000  5.5456E-01
     238   21.303500  5.6112E-01
     239   21.309000  5.6777E-01
     240   21.314500  5.7448E-01
     241   21.320000  5.8125E-01
     242   21.325500  5.8805E-01
     243   21.331000  5.9487E-01
     244   21.336500  6.0170E-01
     245   21.342000  6.0851E-01
     246   21.347500  6.1531E-01
     247   21.353000  6.2207E-01
     248   21.358500  6.2879E-01
     249   21.364000  6.3546E-01
     250   21.369500  6.4205E-01
     251   21.375000  6.4857E-01
     252   21.380500  6.5501E-01
     253   21.386000  6.6134E-01
     254   21.391500  6.6757E-01
     255   21.397000  6.7368E-01
     256   21.402500  6.7967E-01
     257   21.408000  6.8551E-01
     258   21.413500  6.9121E-01
     259   21.419000  6.9674E-01
     260   21.424500  7.0211E-01
     261   21.430000  7.0729E-01
     262   21.435500  7.1228E-01
     263   21.441000  7.1706E-01
     264   21.446500  7.2163E-01
     265   21.452000  7.2597E-01
     266   21.457500  7.3006E-01
     267   21.463000  7.3391E-01
     268   21.468500  7.3748E-01
     269   21.474000  7.4078E-01
     270   21.479500  7.4380E-01
     271   21.485000  7.4651E-01
     272   21.490500  7.4891E-01
     273   21.496000  7.5098E-01
     274   21.501500  7.5273E-01
     275   21.507000  7.5413E-01
     276   21.512500  7.5518E-01
     277   21.518000  7.5588E-01
     278   21.523500  7.5620E-01
     279   21.529000  7.5615E-01
     280   21.534500  7.5572E-01
     281   21.540000  7.5490E-01
     282   21.545500  7.5370E-01
     283   21.551000  7.5210E-01
     284   21.556500  7.5010E-01
     285   21.562000  7.4771E-01
     286   21.567500  7.4492E-01
     287   21.573000  7.4173E-01
     288   21.578500  7.3815E-01
     289   21.584000  7.3417E-01
     290   21.589500  7.2980E-01
     291   21.595000  7.2505E-01
     292   21.600500  7.1991E-01
     293   21.606000  7.1440E-01
     294   21.611500  7.0853E-01
     295   21.617000  7.0230E-01
     296   21.622500  6.9572E-01
     297   21.628000  6.8881E-01
     298   21.633500  6.8157E-01
     299   21.639000  6.7402E-01
     300   21.644500  6.6617E-01
     301   21.650000  6.5804E-01
     302   21.655500  6.4964E-01
     303   21.661000  6.4099E-01
     304   21.666500  6.3211E-01
     305   21.672000  6.2302E-01
     306   21.677500  6.1374E-01
     307   21.683000  6.0429E-01
     308   21.688500  5.9470E-01
     309   21.694000  5.8498E-01
     310   21.699500  5.7517E-01
     311   21.705000  5.6529E-01
     312   21.710500  5.5536E-01
     313   21.716000  5.4542E-01
     314   21.721500  5.3550E-01
     315   21.727000  5.2562E-01
     316   21.732500  5.1581E-01
     317   21.738000  5.0611E-01
     318   21.743500  4.9654E-01
     319   21.749000  4.8714E-01
     320   21.754500  4.7793E-01
     321   21.760000  4.6896E-01
     322   21.765500  4.6024E-01
     323   21.771000  4.5181E-01
     324   21.776500  4.4371E-01
     325   21.782000  4.3594E-01
     326   21.787500  4.2855E-01
     327   21.793000  4.2156E-01
     328   21.798500  4.1499E-01
     329   21.804000  4.0887E-01
     330   21.809500  4.0321E-01
     331   21.815000  3.9804E-01
     332   21.820500  3.9336E-01
     333   21.826000  3.8920E-01
     334   21.831500  3.8556E-01
     335   21.837000  3.8244E-01
     336   21.842500  3.7987E-01
     337   21.848000  3.7783E-01
     338   21.853500  3.7632E-01
     339   21.859000  3.7535E-01
     340   21.864500  3.7491E-01
     341   21.870000  3.7499E-01
     342   21.875500  3.7557E-01
     343   21.881000  3.7665E-01
     344   21.886500  3.7820E-01
     345   21.892000  3.8021E-01
     346   21.897500  3.8266E-01
     347   21.903000  3.8553E-01
     348   21.908500  3.8879E-01
     349   21.914000  3.9242E-01
     350   21.919500  3.9639E-01
     351   21.925000  4.0068E-01
     352   21.930500  4.0526E-01
     353   21.936000  4.1011E-01
     354   21.941500  4.1519E-01
     355   21.947000  4.2049E-01
     356   21.952500  4.2598E-01
     357   21.958000  4.3163E-01
     358   21.963500  4.3741E-01
     359   21.969000  4.4332E-01
     360   21.974500  4.4933E-01
     361   21.980000  4.5541E-01
     362   21.985500  4.6155E-01
     363   21.991000  4.6774E-01
     364   21.996500  4.7396E-01
     365   22.002000  4.8020E-01
     366   22.007500  4.8645E-01
     367   22.013000  4.9269E-01
     368   22.018500  4.9893E-01
     369   22.024000  5.0515E-01
     370   22.029500  5.1136E-01
     371   22.035000  5.1754E-01
     372   22.040500  5.2369E-01
     373   22.046000  5.2982E-01
     374   22.051500  5.3593E-01
     375   22.057000  5.4200E-01
     376   22.062500  5.4804E-01
     377   22.068000  5.5406E-01
     378   22.073500  5.6004E-01
     379   22.079000  5.6600E-01
     380   22.084500  5.7192E-01
     381   22.090000  5.7781E-01
     382   22.095500  5.8366E-01
     383   22.101000  5.8947E-01
     384   22.106500  5.9524E-01
     385   22.112000  6.0096E-01
     386   22.117500  6.0662E-01
     387   22.123000  6.1222E-01
     388   22.128500  6.1774E-01
     389   22.134000  6.2318E-01
     390   22.139500  6.2852E-01
     391   22.145000  6.3376E-01
     392   22.150500  6.3888E-01
     393   22.156000  6.4387E-01
     394   22.161500  6.4871E-01
     395   22.167000  6.5339E-01
     396   22.172500  6.5789E-01
     397   22.178000  6.6220E-01
     398   22.183500  6.6631E-01
     399   22.189000  6.7019E-01
     400   22.194500  6.7383E-01
     401   22.200000  6.7723E-01
     402   22.205500  6.8036E-01
     403   22.211000  6.8322E-01
     404   22.216500  6.8579E-01
     405   22.222000  6.8806E-01
     406   22.227500  6.9002E-01
     407   22.233000  6.9167E-01
     408   22.238500  6.9300E-01
     409   22.244000  6.9400E-01
     410   22.249500  6.9467E-01
     411   22.255000  6.9500E-01
     412   22.260500  6.9501E-01
     413   22.266000  6.9468E-01
     414   22.271500  6.9402E-01
     415   22.277000  6.9304E-01
     416   22.282500  6.9173E-01
     417   22.288000  6.9011E-01
     418   22.293500  6.8819E-01
     419   22.299000  6.8596E-01
     420   22.304500  6.8344E-01
     421   22.310000  6.8064E-01
     422   22.315500  6.7757E-01
     423   22.321000  6.7423E-01
     424   22.326500  6.7065E-01
     425   22.332000  6.6683E-01
     426   22.337500  6.6279E-01
     427   22.343000  6.5852E-01
     428   22.348500  6.5405E-01
     429   22.354000  6.4939E-01
     430   22.359500  6.4455E-01
     431   22.365000  6.3953E-01
     432   22.370500  6.3435E-01
     433   22.376000  6.2902E-01
     434   22.381500  6.2354E-01
     435   22.387000  6.1794E-01
     436   22.392500  6.1220E-01
     437   22.398000  6.0635E-01
     438   22.403500  6.0040E-01
     439   22.409000  5.9434E-01
     440   22.414500  5.8820E-01
     441   22.420000  5.8198E-01
     442   22.425500  5.7570E-01
     443   22.431000  5.6935E-01
     444   22.436500  5.6295E-01
     445   22.442000  5.5652E-01
     446   22.447500  5.5007E-01
     447   22.453000  5.4361E-01
     448   22.458500  5.3715E-01
     449   22.464000  5.3071E-01
     450   22.469500  5.2431E-01
     451   22.475000  5.1797E-01
     452   22.480500  5.1170E-01
     453   22.486000  5.0552E-01
     454   22.491500  4.9947E-01
     455   22.497000  4.9355E-01
     456   22.502500  4.8779E-01
     457   22.508000  4.8221E-01
     458   22.513500  4.7685E-01
     459   22.519000  4.7172E-01
     460   22.524500  4.6685E-01
     461   22.530000  4.6227E-01
     462   22.535500  4.5800E-01
     463   22.541000  4.5407E-01
     464   22.546500  4.5049E-01
     465   22.552000  4.4730E-01
     466   22.557500  4.4451E-01
     467   22.563000  4.4215E-01
     468   22.568500  4.4024E-01
     469   22.574000  4.3878E-01
     470   22.579500  4.3781E-01
     471   22.585000  4.3732E-01
     472   22.590500  4.3732E-01
     473   22.596000  4.3784E-01
     474   22.601500  4.3886E-01
     475   22.607000  4.4039E-01
     476   22.612500  4.4243E-01
     477   22.618000  4.4496E-01
     478   22.623500  4.4799E-01
     479   22.629000  4.5150E-01
     480   22.634500  4.5548E-01
     481   22.640000  4.5990E-01
     482   22.645500  4.6475E-01
     483   22.651000  4.6999E-01
     484   22.656500  4.7561E-01
     485   22.662000  4.8158E-01
     486   22.667500  4.8785E-01
     487   22.673000  4.9441E-01
     488   22.678500  5.0120E-01
     489   22.684000  5.0821E-01
     490   22.689500  5.1538E-01
     491   22.695000  5.2268E-01
     492   22.700500  5.3007E-01
     493   22.706000  5.3752E-01
     494   22.711500  5.4497E-01
     495   22.717000  5.5240E-01
     496   22.722500  5.5977E-01
     497   22.728000  5.6703E-01
     498   22.733500  5.7416E-01
     499   22.739000  5.8113E-01
     500   22.744500  5.8790E-01
     501   22.750000  5.9444E-01
     502   22.755500  6.0072E-01
     503   22.761000  6.0674E-01
     504   22.766500  6.1245E-01
     505   22.772000  6.1785E-01
     506   22.777500  6.2293E-01
     507   22.783000  6.2766E-01
     508   22.788500  6.3205E-01
     509   22.794000  6.3608E-01
     510   22.799500  6.3976E-01
     511   22.805000  6.4308E-01
     512   22.810500  6.4606E-01
     513   22.816000  6.4868E-01
     514   22.821500  6.5098E-01
     515   22.827000  6.5295E-01
     516   22.832500  6.5460E-01
     517   22.838000  6.5597E-01
     518   22.843500  6.5705E-01
     519   22.849000  6.5788E-01
     520   22.854500  6.5846E-01
     521   22.860000  6.5883E-01
     522   22.865500  6.5900E-01
     523   22.871000  6.5899E-01
     524   22.876500  6.5882E-01
     525   22.882000  6.5852E-01
     526   22.887500  6.5811E-01
     527   22.893000  6.5760E-01
     528   22.898500  6.5701E-01
     529   22.904000  6.5637E-01
     530   22.909500  6.5569E-01
     531   22.915000  6.5498E-01
     532   22.920500  6.5426E-01
     533   22.926000  6.5353E-01
     534   22.931500  6.5282E-01
     535   22.937000  6.5212E-01
     536   22.942500  6.5145E-01
     537   22.948000  6.5081E-01
     538   22.953500  6.5019E-01
     539   22.959000  6.4961E-01
     540   22.964500  6.4905E-01
     541   22.970000  6.4852E-01
     542   22.975500  6.4802E-01
     543   22.981000  6.4753E-01
     544   22.986500  6.4705E-01
     545   22.992000  6.4658E-01
     546   22.997500  6.4611E-01
     547   23.003000  6.4562E-01
     548   23.008500  6.4512E-01
     549   23.014000  6.4459E-01
     550   23.019500  6.4402E-01
     551   23.025000  6.4340E-01
     552   23.030500  6.4274E-01
     553   23.036000  6.4201E-01
     554   23.041500  6.4123E-01
     555   23.047000  6.4037E-01
     556   23.052500  6.3944E-01
     557   23.058000  6.3844E-01
     558   23.063500  6.3737E-01
     559   23.069000  6.3623E-01
     560   23.074500  6.3501E-01
     561   23.080000  6.3373E-01
     562   23.085500  6.3239E-01
     563   23.091000  6.3100E-01
     564   23.096500  6.2956E-01
     565   23.102000  6.2809E-01
     566   23.107500  6.2660E-01
     567   23.113000  6.2509E-01
     568   23.118500  6.2358E-01
     569   23.124000  6.2208E-01
     570   23.129500  6.2060E-01
     571   23.135000  6.1917E-01
     572   23.140500  6.1778E-01
     573   23.146000  6.1646E-01
     574   23.151500  6.1521E-01
     575   23.157000  6.1405E-01
     576   23.162500  6.1298E-01
     577   23.168000  6.1202E-01
     578   23.173500  6.1116E-01
     579   23.179000  6.1042E-01
     580   23.184500  6.0981E-01
     581   23.190000  6.0931E-01
     582   23.195500  6.0893E-01
     583   23.201000  6.0867E-01
     584   23.206500  6.0852E-01
     585   23.212000  6.0848E-01
     586   23.217500  6.0853E-01
     587   23.223000  6.0867E-01
     588   23.228500  6.0888E-01
     589   23.234000  6.0914E-01
     590   23.239500  6.0944E-01
     591   23.245000  6.0977E-01
     592   23.250500  6.1009E-01
     593   23.256000  6.1039E-01
     594   23.261500  6.1066E-01
     595   23.267000  6.1085E-01
     596   23.272500  6.1096E-01
     597   23.278000  6.1096E-01
     598   23.283500  6.1082E-01
     599   23.289000  6.1052E-01
     600   23.294500  6.1005E-01
     601   23.300000  6.0937E-01
     602   23.305500  6.0848E-01
     603   23.311000  6.0735E-01
     604   23.316500  6.0596E-01
     605   23.322000  6.0430E-01
     606   23.327500  6.0236E-01
     607   23.333000  6.0012E-01
     608   23.338500  5.9758E-01
     609   23.344000  5.9473E-01
     610   23.349500  5.9157E-01
     611   23.355000  5.8809E-01
     612   23.360500  5.8430E-01
     613   23.366000  5.8020E-01
     614   23.371500  5.7579E-01
     615   23.377000  5.7109E-01
     616   23.382500  5.6609E-01
     617   23.388000  5.6082E-01
     618   23.393500  5.5529E-01
     619   23.399000  5.4951E-01
     620   23.404500  5.4350E-01
     621   23.410000  5.3728E-01
     622   23.415500  5.3087E-01
     623   23.421000  5.2427E-01
     624   23.426500  5.1753E-01
     625   23.432000  5.1065E-01
     626   23.437500  5.0366E-01
     627   23.443000  4.9657E-01
     628   23.448500  4.8942E-01
     629   23.454000  4.8221E-01
     630   23.459500  4.7497E-01
     631   23.465000  4.6771E-01
     632   23.470500  4.6045E-01
     633   23.476000  4.5321E-01
     634   23.481500  4.4601E-01
     635   23.487000  4.3884E-01
     636   23.492500  4.3174E-01
     637   23.498000  4.2470E-01
     638   23.503500  4.1774E-01
     639   23.509000  4.1087E-01
     640   23.514500  4.0408E-01
     641   23.520000  3.9739E-01
     642   23.525500  3.9079E-01
     643   23.531000  3.8429E-01
     644   23.536500  3.7789E-01
     645   23.542000  3.7159E-01
     646   23.547500  3.6538E-01
     647   23.553000  3.5926E-01
     648   23.558500  3.5323E-01
     649   23.564000  3.4729E-01
     650   23.569500  3.4142E-01
     651   23.575000  3.3562E-01
     652   23.580500  3.2988E-01
     653   23.586000  3.2421E-01
     654   23.591500  3.1858E-01
     655   23.597000  3.1300E-01
     656   23.602500  3.0745E-01
     657   23.608000  3.0194E-01
     658   23.613500  2.9645E-01
     659   23.619000  2.9097E-01
     660   23.624500  2.8551E-01
     661   23.630000  2.8006E-01
     662   23.635500  2.7461E-01
     663   23.641000  2.6916E-01
     664   23.646500  2.6371E-01
     665   23.652000  2.5825E-01
     666   23.657500  2.5279E-01
     667   23.663000  2.4732E-01
     668   23.668500  2.4185E-01
     669   23.674000  2.3637E-01
     670   23.679500  2.3090E-01
     671   23.685000  2.2544E-01
     672   23.690500  2.1998E-01
     673   23.696000  2.1454E-01
     674   23.701500  2.0913E-01
     675   23.707000  2.0376E-01
     676   23.712500  1.9842E-01
     677   23.718000  1.9314E-01
     678   23.723500  1.8793E-01
     679   23.729000  1.8279E-01
     680   23.734500  1.7775E-01
     681   23.740000  1.7281E-01
     682   23.745500  1.6799E-01
     683   23.751000  1.6331E-01
     684   23.756500  1.5879E-01
     685   23.762000  1.5443E-01
     686   23.767500  1.5026E-01
     687   23.773000  1.4630E-01
     688   23.778500  1.4256E-01
     689   23.784000  1.3906E-01
     690   23.789500  1.3582E-01
     691   23.795000  1.3286E-01
     692   23.800500  1.3020E-01
     693   23.806000  1.2785E-01
     694   23.811500  1.2583E-01
     695   23.817000  1.2416E-01
     696   23.822500  1.2286E-01
     697   23.828000  1.2194E-01
     698   23.833500  1.2141E-01
     699   23.839000  1.2129E-01
     700   23.844500  1.2160E-01
     701   23.850000  1.2234E-01
     702   23.855500  1.2352E-01
     703   23.861000  1.2516E-01
     704   23.866500  1.2726E-01
     705   23.872000  1.2984E-01
     706   23.877500  1.3288E-01
     707   23.883000  1.3641E-01
     708   23.888500  1.4041E-01
     709   23.894000  1.4490E-01
     710   23.899500  1.4986E-01
     711   23.905000  1.5530E-01
     712   23.910500  1.6122E-01
     713   23.916000  1.6760E-01
     714   23.921500  1.7444E-01
     715   23.927000  1.8174E-01
     716   23.932500  1.8947E-01
     717   23.938000  1.9763E-01
     718   23.943500  2.0620E-01
     719   23.949000  2.1518E-01
     720   23.954500  2.2454E-01
     721   23.960000  2.3427E-01
     722   23.965500  2.4434E-01
     723   23.971000  2.5475E-01
     724   23.976500  2.6547E-01
     725   23.982000  2.7647E-01
     726   23.987500  2.8775E-01
     727   23.993000  2.9927E-01
     728   23.998500  3.1101E-01
     729   24.004000  3.2296E-01
     730   24.009500  3.3508E-01
     731   24.015000  3.4736E-01
     732   24.020500  3.5977E-01
     733   24.026000  3.7229E-01
     734   24.031500  3.8490E-01
     735   24.037000  3.9758E-01
     736   24.042500  4.1029E-01
     737   24.048000  4.2303E-01
     738   24.053500  4.3576E-01
     739   24.059000  4.4848E-01
     740   24.064500  4.6115E-01
     741   24.070000  4.7376E-01
     742   24.075500  4.8629E-01
     743   24.081000  4.9873E-01
     744   24.086500  5.1105E-01
     745   24.092000  5.2324E-01
     746   24.097500  5.3529E-01
     747   24.103000  5.4718E-01
     748   24.108500  5.5889E-01
     749   24.114000  5.7042E-01
     750   24.119500  5.8175E-01
     751   24.125000  5.9287E-01
     752   24.130500  6.0378E-01
     753   24.136000  6.1445E-01
     754   24.141500  6.2490E-01
     755   24.147000  6.3509E-01
     756   24.152500  6.4504E-01
     757   24.158000  6.5474E-01
     758   24.163500  6.6417E-01
     759   24.169000  6.7334E-01
     760   24.174500  6.8224E-01
     761   24.180000  6.9088E-01
     762   24.185500  6.9924E-01
     763   24.191000  7.0733E-01
     764   24.196500  7.1514E-01
     765   24.202000  7.2269E-01
     766   24.207500  7.2996E-01
     767   24.213000  7.3696E-01
     768   24.218500  7.4369E-01
     769   24.224000  7.5015E-01
     770   24.229500  7.5635E-01
     771   24.235000  7.6229E-01
     772   24.240500  7.6797E-01
     773   24.246000  7.7340E-01
     774   24.251500  7.7858E-01
     775   24.257000  7.8352E-01
     776   24.262500  7.8822E-01
     777   24.268000  7.9268E-01
     778   24.273500  7.9692E-01
     779   24.279000  8.0093E-01
     780   24.284500  8.0472E-01
     781   24.290000  8.0830E-01
     782   24.295500  8.1168E-01
     783   24.301000  8.1486E-01
     784   24.306500  8.1784E-01
     785   24.312000  8.2064E-01
     786   24.317500  8.2325E-01
     787   24.323000  8.2568E-01
     788   24.328500  8.2794E-01
     789   24.334000  8.3004E-01
     790   24.339500  8.3197E-01
     791   24.345000  8.3375E-01
     792   24.350500  8.3537E-01
     793   24.356000  8.3684E-01
     794   24.361500  8.3817E-01
     795   24.367000  8.3936E-01
     796   24.372500  8.4042E-01
     797   24.378000  8.4134E-01
     798   24.383500  8.4212E-01
     799   24.389000  8.4279E-01
     800   24.394500  8.4332E-01
     801   24.400000  8.4374E-01
     802   24.405500  8.4403E-01
     803   24.411000  8.4420E-01
     804   24.416500  8.4426E-01
     805   24.422000  8.4420E-01
     806   24.427500  8.4402E-01
     807   24.433000  8.4373E-01
     808   24.438500  8.4334E-01
     809   24.444000  8.4283E-01
     810   24.449500  8.4221E-01
     811   24.455000  8.4148E-01
     812   24.460500  8.4065E-01
     813   24.466000  8.3971E-01
     814   24.471500  8.3866E-01
     815   24.477000  8.3752E-01
     816   24.482500  8.3627E-01
     817   24.488000  8.3493E-01
     818   24.493500  8.3349E-01
     819   24.499000  8.3196E-01
     820   24.504500  8.3034E-01
     821   24.510000  8.2864E-01
     822   24.515500  8.2685E-01
     823   24.521000  8.2498E-01
     824   24.526500  8.2303E-01
     825   24.532000  8.2102E-01
     826   24.537500  8.1894E-01
     827   24.543000  8.1679E-01
     828   24.548500  8.1459E-01
     829   24.554000  8.1233E-01
     830   24.559500  8.1003E-01
     831   24.565000  8.0768E-01
     832   24.570500  8.0529E-01
     833   24.576000  8.0287E-01
     834   24.581500  8.0041E-01
     835   24.587000  7.9794E-01
     836   24.592500  7.9543E-01
     837   24.598000  7.9291E-01
     838   24.603500  7.9037E-01
     839   24.609000  7.8782E-01
     840   24.614500  7.8525E-01
     841   24.620000  7.8266E-01
     842   24.625500  7.8006E-01
     843   24.631000  7.7745E-01
     844   24.636500  7.7482E-01
     845   24.642000  7.7216E-01
     846   24.647500  7.6948E-01
     847   24.653000  7.6677E-01
     848   24.658500  7.6403E-01
     849   24.664000  7.6123E-01
     850   24.669500  7.5838E-01
     851   24.675000  7.5547E-01
     852   24.680500  7.5249E-01
     853   24.686000  7.4942E-01
     854   24.691500  7.4625E-01
     855   24.697000  7.4297E-01
     856   24.702500  7.3956E-01
     857   24.708000  7.3602E-01
     858   24.713500  7.3232E-01
     859   24.719000  7.2844E-01
     860   24.724500  7.2438E-01
     861   24.730000  7.2011E-01
     862   24.735500  7.1563E-01
     863   24.741000  7.1091E-01
     864   24.746500  7.0593E-01
     865   24.752000  7.0069E-01
     866   24.757500  6.9516E-01
     867   24.763000  6.8934E-01
     868   24.768500  6.8321E-01
     869   24.774000  6.7675E-01
     870   24.779500  6.6997E-01
     871   24.785000  6.6283E-01
     872   24.790500  6.5535E-01
     873   24.796000  6.4751E-01
     874   24.801500  6.3930E-01
     875   24.807000  6.3073E-01
     876   24.812500  6.2179E-01
     877   24.818000  6.1248E-01
     878   24.823500  6.0280E-01
     879   24.829000  5.9277E-01
     880   24.834500  5.8237E-01
     881   24.840000  5.7164E-01
     882   24.845500  5.6056E-01
     883   24.851000  5.4916E-01
     884   24.856500  5.3746E-01
     885   24.862000  5.2546E-01
     886   24.867500  5.1318E-01
     887   24.873000  5.0065E-01
     888   24.878500  4.8789E-01
     889   24.884000  4.7491E-01
     890   24.889500  4.6175E-01
     891   24.895000  4.4843E-01
     892   24.900500  4.3497E-01
     893   24.906000  4.2141E-01
     894   24.911500  4.0776E-01
     895   24.917000  3.9406E-01
     896   24.922500  3.8035E-01
     897   24.928000  3.6663E-01
     898   24.933500  3.5296E-01
     899   24.939000  3.3934E-01
     900   24.944500  3.2583E-01
     901   24.950000  3.1243E-01
     902   24.955500  2.9918E-01
     903   24.961000  2.8610E-01
     904   24.966500  2.7323E-01
     905   24.972000  2.6058E-01
     906   24.977500  2.4817E-01
     907   24.983000  2.3604E-01
     908   24.988500  2.2419E-01
     909   24.994000  2.1266E-01
     910   24.999500  2.0144E-01
     911   25.005000  1.9057E-01
     912   25.010500  1.8005E-01
     913   25.016000  1.6990E-01
     914   25.021500  1.6013E-01
     915   25.027000  1.5074E-01
     916   25.032500  1.4175E-01
     917   25.038000  1.3315E-01
     918   25.043500  1.2496E-01
     919   25.049000  1.1717E-01
     920   25.054500  1.0979E-01
     921   25.060000  1.0282E-01
     922   25.065500  9.6251E-02
     923   25.071000  9.0084E-02
     924   25.076500  8.4317E-02
     925   25.082000  7.8945E-02
     926   25.087500  7.3961E-02
     927   25.093000  6.9361E-02
     928   25.098500  6.5137E-02
     929   25.104000  6.1283E-02
     930   25.109500  5.7790E-02
     931   25.115000  5.4652E-02
     932   25.120500  5.1861E-02
     933   25.126000  4.9407E-02
     934   25.131500  4.7284E-02
     935   25.137000  4.5484E-02
     936   25.142500  4.3999E-02
     937   25.148000  4.2822E-02
     938   25.153500  4.1946E-02
     939   25.159000  4.1364E-02
     940   25.164500  4.1072E-02
     941   25.170000  4.1062E-02
     942   25.175500  4.1331E-02
     943   25.181000  4.1875E-02
     944   25.186500  4.2689E-02
     945   25.192000  4.3771E-02
     946   25.197500  4.5120E-02
     947   25.203000  4.6732E-02
     948   25.208500  4.8609E-02
     949   25.214000  5.0749E-02
     950   25.219500  5.3153E-02
     951   25.225000  5.5822E-02
     952   25.230500  5.8758E-02
     953   25.236000  6.1963E-02
     954   25.241500  6.5440E-02
     955   25.247000  6.9191E-02
     956   25.252500  7.3220E-02
     957   25.258000  7.7531E-02
     958   25.263500  8.2126E-02
     959   25.269000  8.7011E-02
     960   25.274500  9.2188E-02
     961   25.280000  9.7661E-02
     962   25.285500  1.0343E-01
     963   25.291000  1.0951E-01
     964   25.296500  1.1589E-01
     965   25.302000  1.2257E-01
     966   25.307500  1.2957E-01
     967   25.313000  1.3687E-01
     968   25.318500  1.4448E-01
     969   25.324000  1.5240E-01
     970   25.329500  1.6062E-01
     971   25.335000  1.6915E-01
     972   25.340500  1.7797E-01
     973   25.346000  1.8708E-01
     974   25.351500  1.9648E-01
     975   25.357000  2.0615E-01
     976   25.362500  2.1609E-01
     977   25.368000  2.2628E-01
     978   25.373500  2.3671E-01
     979   25.379000  2.4737E-01
     980   25.384500  2.5825E-01
     981   25.390000  2.6932E-01
     982   25.395500  2.8056E-01
     983   25.401000  2.9197E-01
     984   25.406500  3.0352E-01
     985   25.412000  3.1519E-01
     986   25.417500  3.2695E-01
     987   25.423000  3.3879E-01
     988   25.428500  3.5068E-01
     989   25.434000  3.6260E-01
     990   25.439500  3.7452E-01
     991   25.445000  3.8641E-01
     992   25.450500  3.9826E-01
     993   25.456000  4.1005E-01
     994   25.461500  4.2173E-01
     995   25.467000  4.3330E-01
     996   25.472500  4.4472E-01
     997   25.478000  4.5597E-01
     998   25.483500  4.6704E-01
     999   25.489000  4.7789E-01
    1000   25.494500  4.8852E-01
    1001   25.500000  4.9889E-01
    1002   25.505500  5.0899E-01
    1003   25.511000  5.1880E-01
    1004   25.516500  5.2830E-01
    1005   25.522000  5.3748E-01
    1006   25.527500  5.4633E-01
    1007   25.533000  5.5483E-01
    1008   25.538500  5.6296E-01
    1009   25.544000  5.7072E-01
    1010   25.549500  5.7810E-01
    1011   25.555000  5.8509E-01
    1012   25.560500  5.9167E-01
    1013   25.566000  5.9786E-01
    1014   25.571500  6.0363E-01
    1015   25.577000  6.0899E-01
    1016   25.582500  6.1392E-01
    1017   25.588000  6.1844E-01
    1018   25.593500  6.2253E-01
    1019   25.599000  6.2619E-01
    1020   25.604500  6.2942E-01
    1021   25.610000  6.3222E-01
    1022   25.615500  6.3459E-01
    1023   25.621000  6.3654E-01
    1024   25.626500  6.3805E-01
    1025   25.632000  6.3913E-01
    1026   25.637500  6.3978E-01
    1027   25.643000  6.4000E-01
    1028   25.648500  6.3979E-01
    1029   25.654000  6.3915E-01
    1030   25.659500  6.3808E-01
    1031   25.665000  6.3659E-01
    1032   25.670500  6.3467E-01
    1033   25.676000  6.3232E-01
    1034   25.681500  6.2954E-01
    1035   25.687000  6.2634E-01
    1036   25.692500  6.2272E-01
    1037   25.698000  6.1868E-01
    1038   25.703500  6.1422E-01
    1039   25.709000  6.0934E-01
    1040   25.714500  6.0405E-01
    1041   25.720000  5.9835E-01
    1042   25.725500  5.9225E-01
    1043   25.731000  5.8574E-01
    1044   25.736500  5.7885E-01
    1045   25.742000  5.7157E-01
    1046   25.747500  5.6392E-01
    1047   25.753000  5.5590E-01
    1048   25.758500  5.4752E-01
    1049   25.764000  5.3880E-01
    1050   25.769500  5.2976E-01
    1051   25.775000  5.2040E-01
    1052   25.780500  5.1075E-01
    1053   25.786000  5.0082E-01
    1054   25.791500  4.9063E-01
    1055   25.797000  4.8021E-01
    1056   25.802500  4.6957E-01
    1057   25.808000  4.5874E-01
    1058   25.813500  4.4775E-01
    1059   25.819000  4.3663E-01
    1060   25.824500  4.2540E-01
    1061   25.830000  4.1409E-01
    1062   25.835500  4.0274E-01
    1063   25.841000  3.9137E-01
    1064   25.846500  3.8002E-01
    1065   25.852000  3.6872E-01
    1066   25.857500  3.5751E-01
    1067   25.863000  3.4642E-01
    1068   25.868500  3.3548E-01
    1069   25.874000  3.2473E-01
    1070   25.879500  3.1421E-01
    1071   25.885000  3.0394E-01
    1072   25.890500  2.9397E-01
    1073   25.896000  2.8432E-01
    1074   25.901500  2.7503E-01
    1075   25.907000  2.6614E-01
    1076   25.912500  2.5766E-01
    1077   25.918000  2.4963E-01
    1078   25.923500  2.4208E-01
    1079   25.929000  2.3502E-01
    1080   25.934500  2.2850E-01
    1081   25.940000  2.2252E-01
    1082   25.945500  2.1711E-01
    1083   25.951000  2.1229E-01
    1084   25.956500  2.0806E-01
    1085   25.962000  2.0445E-01
    1086   25.967500  2.0146E-01
    1087   25.973000  1.9910E-01
    1088   25.978500  1.9738E-01
    1089   25.984000  1.9630E-01
    1090   25.989500  1.9585E-01
    1091   25.995000  1.9604E-01
    1092   26.000500  1.9686E-01
    1093   26.006000  1.9830E-01
    1094   26.011500  2.0034E-01
    1095   26.017000  2.0299E-01
    1096   26.022500  2.0621E-01
    1097   26.028000  2.1000E-01
    1098   26.033500  2.1433E-01
    1099   26.039000  2.1918E-01
    1100   26.044500  2.2452E-01
    1101   26.050000  2.3033E-01
    1102   26.055500  2.3658E-01
    1103   26.061000  2.4325E-01
    1104   26.066500  2.5029E-01
    1105   26.072000  2.5767E-01
    1106   26.077500  2.6537E-01
    1107   26.083000  2.7335E-01
    1108   26.088500  2.8158E-01
    1109   26.094000  2.9001E-01
    1110   26.099500  2.9861E-01
    1111   26.105000  3.0735E-01
    1112   26.110500  3.1619E-01
    1113   26.116000  3.2510E-01
    1114   26.121500  3.3404E-01
    1115   26.127000  3.4297E-01
    1116   26.132500  3.5187E-01
    1117   26.138000  3.6069E-01
    1118   26.143500  3.6941E-01
    1119   26.149000  3.7799E-01
    1120   26.154500  3.8641E-01
    1121   26.160000  3.9464E-01
    1122   26.165500  4.0264E-01
    1123   26.171000  4.1039E-01
    1124   26.176500  4.1788E-01
    1125   26.182000  4.2507E-01
    1126   26.187500  4.3194E-01
    1127   26.193000  4.3848E-01
    1128   26.198500  4.4466E-01
    1129   26.204000  4.5047E-01
    1130   26.209500  4.5589E-01
    1131   26.215000  4.6091E-01
    1132   26.220500  4.6552E-01
    1133   26.226000  4.6971E-01
    1134   26.231500  4.7347E-01
    1135   26.237000  4.7678E-01
    1136   26.242500  4.7965E-01
    1137   26.248000  4.8207E-01
    1138   26.253500  4.8403E-01
    1139   26.259000  4.8553E-01
    1140   26.264500  4.8658E-01
    1141   26.270000  4.8717E-01
    1142   26.275500  4.8730E-01
    1143   26.281000  4.8697E-01
    1144   26.286500  4.8620E-01
    1145   26.292000  4.8497E-01
    1146   26.297500  4.8330E-01
    1147   26.303000  4.8120E-01
    1148   26.308500  4.7866E-01
    1149   26.314000  4.7571E-01
    1150   26.319500  4.7234E-01
    1151   26.325000  4.6856E-01
    1152   26.330500  4.6439E-01
    1153   26.336000  4.5984E-01
    1154   26.341500  4.5492E-01
    1155   26.347000  4.4964E-01
    1156   26.352500  4.4401E-01
    1157   26.358000  4.3804E-01
    1158   26.363500  4.3176E-01
    1159   26.369000  4.2518E-01
    1160   26.374500  4.1830E-01
    1161   26.380000  4.1116E-01
    1162   26.385500  4.0375E-01
    1163   26.391000  3.9611E-01
    1164   26.396500  3.8823E-01
    1165   26.402000  3.8016E-01
    1166   26.407500  3.7189E-01
    1167   26.413000  3.6345E-01
    1168   26.418500  3.5486E-01
    1169   26.424000  3.4613E-01
    1170   26.429500  3.3728E-01
    1171   26.435000  3.2834E-01
    1172   26.440500  3.1931E-01
    1173   26.446000  3.1022E-01
    1174   26.451500  3.0109E-01
    1175   26.457000  2.9194E-01
    1176   26.462500  2.8278E-01
    1177   26.468000  2.7363E-01
    1178   26.473500  2.6451E-01
    1179   26.479000  2.5545E-01
    1180   26.484500  2.4645E-01
    1181   26.490000  2.3753E-01
    1182   26.495500  2.2872E-01
    1183   26.501000  2.2003E-01
    1184   26.506500  2.1147E-01
    1185   26.512000  2.0307E-01
    1186   26.517500  1.9483E-01
    1187   26.523000  1.8678E-01
    1188   26.528500  1.7894E-01
    1189   26.534000  1.7130E-01
    1190   26.539500  1.6389E-01
    1191   26.545000  1.5673E-01
    1192   26.550500  1.4982E-01
    1193   26.556000  1.4318E-01
    1194   26.561500  1.3682E-01
    1195   26.567000  1.3074E-01
    1196   26.572500  1.2497E-01
    1197   26.578000  1.1950E-01
    1198   26.583500  1.1435E-01
    1199   26.589000  1.0953E-01
    1200   26.594500  1.0504E-01
    1201   26.600000  1.0088E-01
    1202   26.605500  9.7071E-02
    1203   26.611000  9.3604E-02
    1204   26.616500  9.0487E-02
    1205   26.622000  8.7720E-02
    1206   26.627500  8.5306E-02
    1207   26.633000  8.3242E-02
    1208   26.638500  8.1529E-02
    1209   26.644000  8.0163E-02
    1210   26.649500  7.9141E-02
    1211   26.655000  7.8459E-02
    1212   26.660500  7.8111E-02
    1213   26.666000  7.8089E-02
    1214   26.671500  7.8387E-02
    1215   26.677000  7.8994E-02
    1216   26.682500  7.9900E-02
    1217   26.688000  8.1095E-02
    1218   26.693500  8.2566E-02
    1219   26.699000  8.4299E-02
    1220   26.704500  8.6280E-02
    1221   26.710000  8.8494E-02
    1222   26.715500  9.0924E-02
    1223   26.721000  9.3554E-02
    1224   26.726500  9.6365E-02
    1225   26.732000  9.9340E-02
    1226   26.737500  1.0246E-01
    1227   26.743000  1.0570E-01
    1228   26.748500  1.0905E-01
    1229   26.754000  1.1248E-01
    1230   26.759500  1.1597E-01
    1231   26.765000  1.1950E-01
    1232   26.770500  1.2306E-01
    1233   26.776000  1.2661E-01
    1234   26.781500  1.3015E-01
    1235   26.787000  1.3365E-01
    1236   26.792500  1.3708E-01
    1237   26.798000  1.4044E-01
    1238   26.803500  1.4371E-01
    1239   26.809000  1.4686E-01
    1240   26.814500  1.4988E-01
    1241   26.820000  1.5277E-01
    1242   26.825500  1.5549E-01
    1243   26.831000  1.5805E-01
    1244   26.836500  1.6043E-01
    1245   26.842000  1.6263E-01
    1246   26.847500  1.6463E-01
    1247   26.853000  1.6644E-01
    1248   26.858500  1.6805E-01
    1249   26.864000  1.6946E-01
    1250   26.869500  1.7068E-01
    1251   26.875000  1.7170E-01
    1252   26.880500  1.7253E-01
    1253   26.886000  1.7318E-01
    1254   26.891500  1.7366E-01
    1255   26.897000  1.7398E-01
    1256   26.902500  1.7416E-01
    1257   26.908000  1.7421E-01
    1258   26.913500  1.7414E-01
    1259   26.919000  1.7399E-01
    1260   26.924500  1.7376E-01
    1261   26.930000  1.7348E-01
    1262   26.935500  1.7318E-01
    1263   26.941000  1.7287E-01
    1264   26.946500  1.7258E-01
    1265   26.952000  1.7234E-01
    1266   26.957500  1.7217E-01
    1267   26.963000  1.7210E-01
    1268   26.968500  1.7216E-01
    1269   26.974000  1.7237E-01
    1270   26.979500  1.7276E-01
    1271   26.985000  1.7334E-01
    1272   26.990500  1.7415E-01
    1273   26.996000  1.7522E-01
    1274   27.001500  1.7655E-01
    1275   27.007000  1.7817E-01
    1276   27.012500  1.8010E-01
    1277   27.018000  1.8237E-01
    1278   27.023500  1.8497E-01
    1279   27.029000  1.8793E-01
    1280   27.034500  1.9126E-01
    1281   27.040000  1.9497E-01
    1282   27.045500  1.9906E-01
    1283   27.051000  2.0354E-01
    1284   27.056500  2.0841E-01
    1285   27.062000  2.1367E-01
    1286   27.067500  2.1933E-01
    1287   27.073000  2.2537E-01
    1288   27.078500  2.3180E-01
    1289   27.084000  2.3859E-01
    1290   27.089500  2.4575E-01
    1291   27.095000  2.5325E-01
    1292   27.100500  2.6109E-01
    1293   27.106000  2.6924E-01
    1294   27.111500  2.7770E-01
    1295   27.117000  2.8643E-01
    1296   27.122500  2.9543E-01
    1297   27.128000  3.0466E-01
    1298   27.133500  3.1411E-01
    1299   27.139000  3.2375E-01
    1300   27.144500  3.3355E-01
    1301   27.150000  3.4350E-01
    1302   27.155500  3.5356E-01
    1303   27.161000  3.6370E-01
    1304   27.166500  3.7391E-01
    1305   27.172000  3.8416E-01
    1306   27.177500  3.9441E-01
    1307   27.183000  4.0465E-01
    1308   27.188500  4.1485E-01
    1309   27.194000  4.2498E-01
    1310   27.199500  4.3503E-01
    1311   27.205000  4.4495E-01
    1312   27.210500  4.5475E-01
    1313   27.216000  4.6438E-01
    1314   27.221500  4.7384E-01
    1315   27.227000  4.8309E-01
    1316   27.232500  4.9213E-01
    1317   27.238000  5.0094E-01
    1318   27.243500  5.0949E-01
    1319   27.249000  5.1777E-01
    1320   27.254500  5.2578E-01
    1321   27.260000  5.3349E-01
    1322   27.265500  5.4090E-01
    1323   27.271000  5.4798E-01
    1324   27.276500  5.5475E-01
    1325   27.282000  5.6117E-01
    1326   27.287500  5.6726E-01
    1327   27.293000  5.7300E-01
    1328   27.298500  5.7839E-01
    1329   27.304000  5.8341E-01
    1330   27.309500  5.8808E-01
    1331   27.315000  5.9238E-01
    1332   27.320500  5.9632E-01
    1333   27.326000  5.9990E-01
    1334   27.331500  6.0310E-01
    1335   27.337000  6.0595E-01
    1336   27.342500  6.0843E-01
    1337   27.348000  6.1055E-01
    1338   27.353500  6.1232E-01
    1339   27.359000  6.1373E-01
    1340   27.364500  6.1479E-01
    1341   27.370000  6.1551E-01
    1342   27.375500  6.1589E-01
    1343   27.381000  6.1594E-01
    1344   27.386500  6.1566E-01
    1345   27.392000  6.1507E-01
    1346   27.397500  6.1417E-01
    1347   27.403000  6.1296E-01
    1348   27.408500  6.1147E-01
    1349   27.414000  6.0969E-01
    1350   27.419500  6.0764E-01
    1351   27.425000  6.0532E-01
    1352   27.430500  6.0276E-01
    1353   27.436000  5.9995E-01
    1354   27.441500  5.9692E-01
    1355   27.447000  5.9366E-01
    1356   27.452500  5.9020E-01
    1357   27.458000  5.8655E-01
    1358   27.463500  5.8272E-01
    1359   27.469000  5.7872E-01
    1360   27.474500  5.7456E-01
    1361   27.480000  5.7026E-01
    1362   27.485500  5.6583E-01
    1363   27.491000  5.6128E-01
    1364   27.496500  5.5662E-01
    1365   27.502000  5.5187E-01
    1366   27.507500  5.4703E-01
    1367   27.513000  5.4212E-01
    1368   27.518500  5.3715E-01
    1369   27.524000  5.3212E-01
    1370   27.529500  5.2705E-01
    1371   27.535000  5.2194E-01
    1372   27.540500  5.1680E-01
    1373   27.546000  5.1165E-01
    1374   27.551500  5.0647E-01
    1375   27.557000  5.0128E-01
    1376   27.562500  4.9609E-01
    1377   27.568000  4.9089E-01
    1378   27.573500  4.8568E-01
    1379   27.579000  4.8047E-01
    1380   27.584500  4.7526E-01
    1381   27.590000  4.7005E-01
    1382   27.595500  4.6483E-01
    1383   27.601000  4.5960E-01
    1384   27.606500  4.5435E-01
    1385   27.612000  4.4909E-01
    1386   27.617500  4.4381E-01
    1387   27.623000  4.3850E-01
    1388   27.628500  4.3315E-01
    1389   27.634000  4.2776E-01
    1390   27.639500  4.2232E-01
    1391   27.645000  4.1683E-01
    1392   27.650500  4.1127E-01
    1393   27.656000  4.0564E-01
    1394   27.661500  3.9993E-01
    1395   27.667000  3.9414E-01
    1396   27.672500  3.8826E-01
    1397   27.678000  3.8227E-01
    1398   27.683500  3.7619E-01
    1399   27.689000  3.6999E-01
    1400   27.694500  3.6369E-01
    1401   27.700000  3.5726E-01
    1402   27.705500  3.5072E-01
    1403   27.711000  3.4406E-01
    1404   27.716500  3.3727E-01
    1405   27.722000  3.3037E-01
    1406   27.727500  3.2334E-01
    1407   27.733000  3.1621E-01
    1408   27.738500  3.0895E-01
    1409   27.744000  3.0159E-01
    1410   27.749500  2.9413E-01
    1411   27.755000  2.8658E-01
    1412   27.760500  2.7894E-01
    1413   27.766000  2.7122E-01
    1414   27.771500  2.6343E-01
    1415   27.777000  2.5559E-01
    1416   27.782500  2.4770E-01
    1417   27.788000  2.3978E-01
    1418   27.793500  2.3185E-01
    1419   27.799000  2.2390E-01
    1420   27.804500  2.1596E-01
    1421   27.810000  2.0804E-01
    1422   27.815500  2.0016E-01
    1423   27.821000  1.9233E-01
    1424   27.826500  1.8456E-01
    1425   27.832000  1.7687E-01
    1426   27.837500  1.6927E-01
    1427   27.843000  1.6177E-01
    1428   27.848500  1.5439E-01
    1429   27.854000  1.4714E-01
    1430   27.859500  1.4004E-01
    1431   27.865000  1.3308E-01
    1432   27.870500  1.2629E-01
    1433   27.876000  1.1967E-01
    1434   27.881500  1.1323E-01
    1435   27.887000  1.0698E-01
    1436   27.892500  1.0093E-01
    1437   27.898000  9.5079E-02
    1438   27.903500  8.9434E-02
    1439   27.909000  8.4000E-02
    1440   27.914500  7.8779E-02
    1441   27.920000  7.3773E-02
    1442   27.925500  6.8984E-02
    1443   27.931000  6.4412E-02
    1444   27.936500  6.0056E-02
    1445   27.942000  5.5915E-02
    1446   27.947500  5.1987E-02
    1447   27.953000  4.8267E-02
    1448   27.958500  4.4754E-02
    1449   27.964000  4.1441E-02
    1450   27.969500  3.8325E-02
    1451   27.975000  3.5400E-02
    1452   27.980500  3.2660E-02
    1453   27.986000  3.0099E-02
    1454   27.991500  2.7709E-02
    1455   27.997000  2.5485E-02
    1456   28.002500  2.3419E-02
    1457   28.008000  2.1504E-02
    1458   28.013500  1.9732E-02
    1459   28.019000  1.8097E-02
    1460   28.024500  1.6590E-02
    1461   28.030000  1.5204E-02
    1462   28.035500  1.3932E-02
    1463   28.041000  1.2766E-02
    1464   28.046500  1.1701E-02
    1465   28.052000  1.0728E-02
    1466   28.057500  9.8411E-03
    1467   28.063000  9.0341E-03
    1468   28.068500  8.3008E-03
    1469   28.074000  7.6351E-03
    1470   28.079500  7.0316E-03
    1471   28.085000  6.4848E-03
    1472   28.090500  5.9898E-03
    1473   28.096000  5.5420E-03
    1474   28.101500  5.1367E-03
    1475   28.107000  4.7700E-03
    1476   28.112500  4.4380E-03
    1477   28.118000  4.1373E-03
    1478   28.123500  3.8644E-03
    1479   28.129000  3.6165E-03
    1480   28.134500  3.3909E-03
    1481   28.140000  3.1850E-03
    1482   28.145500  2.9966E-03
    1483   28.151000  2.8238E-03
    1484   28.156500  2.6647E-03
    1485   28.162000  2.5177E-03
    1486   28.167500  2.3814E-03
    1487   28.173000  2.2546E-03
    1488   28.178500  2.1362E-03
    1489   28.184000  2.0251E-03
    1490   28.189500  1.9206E-03
    1491   28.195000  1.8220E-03
    1492   28.200500  1.7287E-03
    1493   28.206000  1.6401E-03
    1494   28.211500  1.5559E-03
    1495   28.217000  1.4756E-03
    1496   28.222500  1.3989E-03
    1497   28.228000  1.3258E-03
    1498   28.233500  1.2558E-03
    1499   28.239000  1.1889E-03
    1500   28.244500  1.1250E-03
    1501   28.250000  1.0640E-03
    1502   28.255500  1.0057E-03
    1503   28.261000  9.5024E-04
    1504   28.266500  8.9748E-04
    1505   28.272000  8.4742E-04
    1506   28.277500  8.0006E-04
    1507   28.283000  7.5541E-04
    1508   28.288500  7.1348E-04
    1509   28.294000  6.7430E-04
    1510   28.299500  6.3791E-04
    1511   28.305000  6.0435E-04
    1512   28.310500  5.7370E-04
    1513   28.316000  5.4602E-04
    1514   28.321500  5.2140E-04
    1515   28.327000  4.9998E-04
    1516   28.332500  4.8187E-04
    1517   28.338000  4.6725E-04
    1518   28.343500  4.5631E-04
    1519   28.349000  4.4928E-04
    1520   28.354500  4.4641E-04
    1521   28.360000  4.4803E-04
    1522   28.365500  4.5450E-04
    1523   28.371000  4.6621E-04
    1524   28.376500  4.8365E-04
    1525   28.382000  5.0734E-04
    1526   28.387500  5.3790E-04
    1527   28.393000  5.7600E-04
    1528   28.398500  6.2242E-04
    1529   28.404000  6.7801E-04
    1530   28.409500  7.4372E-04
    1531   28.415000  8.2060E-04
    1532   28.420500  9.0981E-04
    1533   28.426000  1.0126E-03
    1534   28.431500  1.1305E-03
    1535   28.437000  1.2648E-03
    1536   28.442500  1.4174E-03
    1537   28.448000  1.5899E-03
    1538   28.453500  1.7844E-03
    1539   28.459000  2.0028E-03
    1540   28.464500  2.2475E-03
    1541   28.470000  2.5207E-03
    1542   28.475500  2.8250E-03
    1543   28.481000  3.1631E-03
    1544   28.486500  3.5377E-03
    1545   28.492000  3.9519E-03
    1546   28.497500  4.4086E-03
    1547   28.503000  4.9112E-03
    1548   28.508500  5.4629E-03
    1549   28.514000  6.0671E-03
    1550   28.519500  6.7274E-03
    1551   28.525000  7.4473E-03
    1552   28.530500  8.2306E-03
    1553   28.536000  9.0808E-03
    1554   28.541500  1.0002E-02
    1555   28.547000  1.0997E-02
    1556   28.552500  1.2070E-02
    1557   28.558000  1.3225E-02
    1558   28.563500  1.4465E-02
    1559   28.569000  1.5793E-02
    1560   28.574500  1.7213E-02
    1561   28.580000  1.8728E-02
    1562   28.585500  2.0339E-02
    1563   28.591000  2.2050E-02
    1564   28.596500  2.3863E-02
    1565   28.602000  2.5779E-02
    1566   28.607500  2.7800E-02
    1567   28.613000  2.9927E-02
    1568   28.618500  3.2161E-02
    1569   28.624000  3.4501E-02
    1570   28.629500  3.6946E-02
    1571   28.635000  3.9497E-02
    1572   28.640500  4.2151E-02
    1573   28.646000  4.4906E-02
    1574   28.651500  4.7759E-02
    1575   28.657000  5.0708E-02
    1576   28.662500  5.3748E-02
    1577   28.668000  5.6875E-02
    1578   28.673500  6.0084E-02
    1579   28.679000  6.3369E-02
    1580   28.684500  6.6724E-02
    1581   28.690000  7.0144E-02
    1582   28.695500  7.3619E-02
    1583   28.701000  7.7145E-02
    1584   28.706500  8.0712E-02
    1585   28.712000  8.4312E-02
    1586   28.717500  8.7937E-02
    1587   28.723000  9.1579E-02
    1588   28.728500  9.5229E-02
    1589   28.734000  9.8877E-02
    1590   28.739500  1.0252E-01
    1591   28.745000  1.0614E-01
    1592   28.750500  1.0973E-01
    1593   28.756000  1.1328E-01
    1594   28.761500  1.1680E-01
    1595   28.767000  1.2026E-01
    1596   28.772500  1.2366E-01
    1597   28.778000  1.2699E-01
    1598   28.783500  1.3025E-01
    1599   28.789000  1.3342E-01
    1600   28.794500  1.3651E-01
    1601   28.800000  1.3951E-01
    1602   28.805500  1.4240E-01
    1603   28.811000  1.4520E-01
    1604   28.816500  1.4788E-01
    1605   28.822000  1.5046E-01
    1606   28.827500  1.5292E-01
    1607   28.833000  1.5526E-01
    1608   28.838500  1.5749E-01
    1609   28.844000  1.5959E-01
    1610   28.849500  1.6157E-01
    1611   28.855000  1.6342E-01
    1612   28.860500  1.6514E-01
    1613   28.866000  1.6674E-01
    1614   28.871500  1.6821E-01
    1615   28.877000  1.6954E-01
    1616   28.882500  1.7075E-01
    1617   28.888000  1.7183E-01
    1618   28.893500  1.7277E-01
    1619   28.899000  1.7358E-01
    1620   28.904500  1.7426E-01
    1621   28.910000  1.7481E-01
    1622   28.915500  1.7522E-01
    1623   28.921000  1.7550E-01
    1624   28.926500  1.7564E-01
    1625   28.932000  1.7564E-01
    1626   28.937500  1.7551E-01
    1627   28.943000  1.7525E-01
    1628   28.948500  1.7485E-01
    1629   28.954000  1.7431E-01
    1630   28.959500  1.7363E-01
    1631   28.965000  1.7282E-01
    1632   28.970500  1.7187E-01
    1633   28.976000  1.7078E-01
    1634   28.981500  1.6956E-01
    1635   28.987000  1.6821E-01
    1636   28.992500  1.6673E-01
    1637   28.998000  1.6513E-01
    1638   29.003500  1.6339E-01
    1639   29.009000  1.6154E-01
    1640   29.014500  1.5957E-01
    1641   29.020000  1.5748E-01
    1642   29.025500  1.5529E-01
    1643   29.031000  1.5300E-01
    1644   29.036500  1.5062E-01
    1645   29.042000  1.4814E-01
    1646   29.047500  1.4558E-01
    1647   29.053000  1.4295E-01
    1648   29.058500  1.4025E-01
    1649   29.064000  1.3750E-01
    1650   29.069500  1.3469E-01
    1651   29.075000  1.3185E-01
    1652   29.080500  1.2897E-01
    1653   29.086000  1.2607E-01
    1654   29.091500  1.2315E-01
    1655   29.097000  1.2022E-01
    1656   29.102500  1.1730E-01
    1657   29.108000  1.1438E-01
    1658   29.113500  1.1149E-01
    1659   29.119000  1.0862E-01
    1660   29.124500  1.0578E-01
    1661   29.130000  1.0297E-01
    1662   29.135500  1.0022E-01
    1663   29.141000  9.7510E-02
    1664   29.146500  9.4859E-02
    1665   29.152000  9.2268E-02
    1666   29.157500  8.9741E-02
    1667   29.163000  8.7282E-02
    1668   29.168500  8.4893E-02
    1669   29.174000  8.2579E-02
    1670   29.179500  8.0340E-02
    1671   29.185000  7.8180E-02
    1672   29.190500  7.6098E-02
    1673   29.196000  7.4098E-02
    1674   29.201500  7.2179E-02
    1675   29.207000  7.0342E-02
    1676   29.212500  6.8589E-02
    1677   29.218000  6.6919E-02
    1678   29.223500  6.5334E-02
    1679   29.229000  6.3833E-02
    1680   29.234500  6.2418E-02
    1681   29.240000  6.1089E-02
    1682   29.245500  5.9847E-02
    1683   29.251000  5.8692E-02
    1684   29.256500  5.7626E-02
    1685   29.262000  5.6649E-02
    1686   29.267500  5.5765E-02
    1687   29.273000  5.4973E-02
    1688   29.278500  5.4275E-02
    1689   29.284000  5.3674E-02
    1690   29.289500  5.3172E-02
    1691   29.295000  5.2770E-02
    1692   29.300500  5.2470E-02
    1693   29.306000  5.2275E-02
    1694   29.311500  5.2187E-02
    1695   29.317000  5.2208E-02
    1696   29.322500  5.2339E-02
    1697   29.328000  5.2582E-02
    1698   29.333500  5.2938E-02
    1699   29.339000  5.3409E-02
    1700   29.344500  5.3994E-02
    1701   29.350000  5.4694E-02
    1702   29.355500  5.5509E-02
    1703   29.361000  5.6438E-02
    1704   29.366500  5.7478E-02
    1705   29.372000  5.8629E-02
    1706   29.377500  5.9886E-02
    1707   29.383000  6.1247E-02
    1708   29.388500  6.2708E-02
    1709   29.394000  6.4263E-02
    1710   29.399500  6.5906E-02
    1711   29.405000  6.7632E-02
    1712   29.410500  6.9433E-02
    1713   29.416000  7.1302E-02
    1714   29.421500  7.3229E-02
    1715   29.427000  7.5206E-02
    1716   29.432500  7.7223E-02
    1717   29.438000  7.9271E-02
    1718   29.443500  8.1338E-02
    1719   29.449000  8.3413E-02
    1720   29.454500  8.5486E-02
    1721   29.460000  8.7544E-02
    1722   29.465500  8.9575E-02
    1723   29.471000  9.1569E-02
    1724   29.476500  9.3513E-02
    1725   29.482000  9.5396E-02
    1726   29.487500  9.7206E-02
    1727   29.493000  9.8931E-02
    1728   29.498500  1.0056E-01
    1729   29.504000  1.0209E-01
    1730   29.509500  1.0350E-01
    1731   29.515000  1.0478E-01
    1732   29.520500  1.0593E-01
    1733   29.526000  1.0694E-01
    1734   29.531500  1.0780E-01
    1735   29.537000  1.0851E-01
    1736   29.542500  1.0906E-01
    1737   29.548000  1.0944E-01
    1738   29.553500  1.0965E-01
    1739   29.559000  1.0969E-01
    1740   29.564500  1.0956E-01
    1741   29.570000  1.0926E-01
    1742   29.575500  1.0878E-01
    1743   29.581000  1.0813E-01
    1744   29.586500  1.0731E-01
    1745   29.592000  1.0633E-01
    1746   29.597500  1.0519E-01
    1747   29.603000  1.0389E-01
    1748   29.608500  1.0244E-01
    1749   29.614000  1.0084E-01
    1750   29.619500  9.9107E-02
    1751   29.625000  9.7245E-02
    1752   29.630500  9.5263E-02
    1753   29.636000  9.3170E-02
    1754   29.641500  9.0975E-02
    1755   29.647000  8.8688E-02
    1756   29.652500  8.6319E-02
    1757   29.658000  8.3879E-02
    1758   29.663500  8.1377E-02
    1759   29.669000  7.8826E-02
    1760   29.674500  7.6234E-02
    1761   29.680000  7.3614E-02
    1762   29.685500  7.0975E-02
    1763   29.691000  6.8327E-02
    1764   29.696500  6.5682E-02
    1765   29.702000  6.3048E-02
    1766   29.707500  6.0436E-02
    1767   29.713000  5.7854E-02
    1768   29.718500  5.5312E-02
    1769   29.724000  5.2818E-02
    1770   29.729500  5.0380E-02
    1771   29.735000  4.8005E-02
    1772   29.740500  4.5701E-02
    1773   29.746000  4.3475E-02
    1774   29.751500  4.1332E-02
    1775   29.757000  3.9278E-02
    1776   29.762500  3.7318E-02
    1777   29.768000  3.5458E-02
    1778   29.773500  3.3701E-02
    1779   29.779000  3.2052E-02
    1780   29.784500  3.0513E-02
    1781   29.790000  2.9087E-02
    1782   29.795500  2.7778E-02
    1783   29.801000  2.6588E-02
    1784   29.806500  2.5517E-02
    1785   29.812000  2.4568E-02
    1786   29.817500  2.3741E-02
    1787   29.823000  2.3038E-02
    1788   29.828500  2.2459E-02
    1789   29.834000  2.2004E-02
    1790   29.839500  2.1672E-02
    1791   29.845000  2.1464E-02
    1792   29.850500  2.1378E-02
    1793   29.856000  2.1415E-02
    1794   29.861500  2.1571E-02
    1795   29.867000  2.1847E-02
    1796   29.872500  2.2240E-02
    1797   29.878000  2.2749E-02
    1798   29.883500  2.3371E-02
    1799   29.889000  2.4104E-02
    1800   29.894500  2.4945E-02
    1801   29.900000  2.5891E-02
    1802   29.905500  2.6940E-02
    1803   29.911000  2.8087E-02
    1804   29.916500  2.9329E-02
    1805   29.922000  3.0662E-02
    1806   29.927500  3.2082E-02
    1807   29.933000  3.3584E-02
    1808   29.938500  3.5164E-02
    1809   29.944000  3.6816E-02
    1810   29.949500  3.8535E-02
    1811   29.955000  4.0316E-02
    1812   29.960500  4.2153E-02
    1813   29.966000  4.4040E-02
    1814   29.971500  4.5970E-02
    1815   29.977000  4.7937E-02
    1816   29.982500  4.9935E-02
    1817   29.988000  5.1955E-02
    1818   29.993500  5.3993E-02
    1819   29.999000  5.6039E-02
    1820   30.004500  5.8087E-02
    1821   30.010000  6.0130E-02
    1822   30.015500  6.2160E-02
    1823   30.021000  6.4169E-02
    1824   30.026500  6.6151E-02
    1825   30.032000  6.8097E-02
    1826   30.037500  7.0000E-02
    1827   30.043000  7.1854E-02
    1828   30.048500  7.3651E-02
    1829   30.054000  7.5384E-02
    1830   30.059500  7.7046E-02
    1831   30.065000  7.8632E-02
    1832   30.070500  8.0135E-02
    1833   30.076000  8.1550E-02
    1834   30.081500  8.2870E-02
    1835   30.087000  8.4091E-02
    1836   30.092500  8.5208E-02
    1837   30.098000  8.6218E-02
    1838   30.103500  8.7115E-02
    1839   30.109000  8.7898E-02
    1840   30.114500  8.8562E-02
    1841   30.120000  8.9106E-02
    1842   30.125500  8.9529E-02
    1843   30.131000  8.9828E-02
    1844   30.136500  9.0002E-02
    1845   30.142000  9.0053E-02
    1846   30.147500  8.9979E-02
    1847   30.153000  8.9781E-02
    1848   30.158500  8.9461E-02
    1849   30.164000  8.9020E-02
    1850   30.169500  8.8461E-02
    1851   30.175000  8.7785E-02
    1852   30.180500  8.6997E-02
    1853   30.186000  8.6098E-02
    1854   30.191500  8.5094E-02
    1855   30.197000  8.3988E-02
    1856   30.202500  8.2784E-02
    1857   30.208000  8.1488E-02
    1858   30.213500  8.0103E-02
    1859   30.219000  7.8637E-02
    1860   30.224500  7.7093E-02
    1861   30.230000  7.5477E-02
    1862   30.235500  7.3796E-02
    1863   30.241000  7.2055E-02
    1864   30.246500  7.0260E-02
    1865   30.252000  6.8417E-02
    1866   30.257500  6.6532E-02
    1867   30.263000  6.4611E-02
    1868   30.268500  6.2659E-02
    1869   30.274000  6.0684E-02
    1870   30.279500  5.8691E-02
    1871   30.285000  5.6685E-02
    1872   30.290500  5.4672E-02
    1873   30.296000  5.2658E-02
    1874   30.301500  5.0647E-02
    1875   30.307000  4.8645E-02
    1876   30.312500  4.6657E-02
    1877   30.318000  4.4687E-02
    1878   30.323500  4.2739E-02
    1879   30.329000  4.0818E-02
    1880   30.334500  3.8928E-02
    1881   30.340000  3.7073E-02
    1882   30.345500  3.5254E-02
    1883   30.351000  3.3476E-02
    1884   30.356500  3.1742E-02
    1885   30.362000  3.0053E-02
    1886   30.367500  2.8412E-02
    1887   30.373000  2.6821E-02
    1888   30.378500  2.5281E-02
    1889   30.384000  2.3793E-02
    1890   30.389500  2.2360E-02
    1891   30.395000  2.0981E-02
    1892   30.400500  1.9657E-02
    1893   30.406000  1.8388E-02
    1894   30.411500  1.7175E-02
    1895   30.417000  1.6017E-02
    1896   30.422500  1.4913E-02
    1897   30.428000  1.3864E-02
    1898   30.433500  1.2869E-02
    1899   30.439000  1.1926E-02
    1900   30.444500  1.1035E-02
    1901   30.450000  1.0194E-02
    1902   30.455500  9.4021E-03
    1903   30.461000  8.6579E-03
    1904   30.466500  7.9598E-03
    1905   30.472000  7.3062E-03
    1906   30.477500  6.6955E-03
    1907   30.483000  6.1259E-03
    1908   30.488500  5.5958E-03
    1909   30.494000  5.1033E-03
    1910   30.499500  4.6467E-03
    1911   30.505000  4.2242E-03
    1912   30.510500  3.8340E-03
    1913   30.516000  3.4743E-03
    1914   30.521500  3.1435E-03
    1915   30.527000  2.8398E-03
    1916   30.532500  2.5615E-03
    1917   30.538000  2.3070E-03
    1918   30.543500  2.0748E-03
    1919   30.549000  1.8632E-03
    1920   30.554500  1.6710E-03
    1921   30.560000  1.4966E-03
    1922   30.565500  1.3388E-03
    1923   30.571000  1.1962E-03
    1924   30.576500  1.0677E-03
    1925   30.582000  9.5206E-04
    1926   30.587500  8.4826E-04
    1927   30.593000  7.5528E-04
    1928   30.598500  6.7216E-04
    1929   30.604000  5.9802E-04
    1930   30.609500  5.3204E-04
    1931   30.615000  4.7344E-04
    1932   30.620500  4.2153E-04
    1933   30.626000  3.7564E-04
    1934   30.631500  3.3517E-04
    1935   30.637000  2.9959E-04
    1936   30.642500  2.6837E-04
    1937   30.648000  2.4107E-04
    1938   30.653500  2.1727E-04
    1939   30.659000  1.9660E-04
    1940   30.664500  1.7873E-04
    1941   30.670000  1.6335E-04
    1942   30.675500  1.5022E-04
    1943   30.681000  1.3909E-04
    1944   30.686500  1.2977E-04
    1945   30.692000  1.2209E-04
    1946   30.697500  1.1590E-04
    1947   30.703000  1.1109E-04
    1948   30.708500  1.0756E-04
    1949   30.714000  1.0525E-04
    1950   30.719500  1.0412E-04
    1951   30.725000  1.0414E-04
    1952   30.730500  1.0530E-04
    1953   30.736000  1.0764E-04
    1954   30.741500  1.1120E-04
    1955   30.747000  1.1603E-04
    1956   30.752500  1.2222E-04
    1957   30.758000  1.2988E-04
    1958   30.763500  1.3914E-04
    1959   30.769000  1.5016E-04
    1960   30.774500  1.6310E-04
    1961   30.780000  1.7818E-04
    1962   30.785500  1.9561E-04
    1963   30.791000  2.1566E-04
    1964   30.796500  2.3861E-04
    1965   30.802000  2.6477E-04
    1966   30.807500  2.9449E-04
    1967   30.813000  3.2816E-04
    1968   30.818500  3.6618E-04
    1969   30.824000  4.0902E-04
    1970   30.829500  4.5717E-04
    1971   30.835000  5.1118E-04
    1972   30.840500  5.7162E-04
    1973   30.846000  6.3913E-04
    1974   30.851500  7.1440E-04
    1975   30.857000  7.9815E-04
    1976   30.862500  8.9120E-04
    1977   30.868000  9.9439E-04
    1978   30.873500  1.1086E-03
    1979   30.879000  1.2349E-03
    1980   30.884500  1.3743E-03
    1981   30.890000  1.5279E-03
    1982   30.895500  1.6969E-03
    1983   30.901000  1.8826E-03
    1984   30.906500  2.0863E-03
    1985   30.912000  2.3095E-03
    1986   30.917500  2.5537E-03
    1987   30.923000  2.8206E-03
    1988   30.928500  3.1118E-03
    1989   30.934000  3.4290E-03
    1990   30.939500  3.7743E-03
    1991   30.945000  4.1496E-03
    1992   30.950500  4.5570E-03
    1993   30.956000  4.9986E-03
    1994   30.961500  5.4768E-03
    1995   30.967000  5.9938E-03
    1996   30.972500  6.5522E-03
    1997   30.978000  7.1545E-03
    1998   30.983500  7.8033E-03
    1999   30.989000  8.5013E-03
    2000   30.994500  9.2514E-03
    2001   31.000000  1.0056E-02
    2002   31.005500  1.0919E-02
    2003   31.011000  1.1842E-02
    2004   31.016500  1.2830E-02
    2005   31.022000  1.3883E-02
    2006   31.027500  1.5007E-02
    2007   31.033000  1.6204E-02
    2008   31.038500  1.7476E-02
    2009   31.044000  1.8827E-02
    2010   31.049500  2.0260E-02
    2011   31.055000  2.1777E-02
    2012   31.060500  2.3382E-02
    2013   31.066000  2.5077E-02
    2014   31.071500  2.6864E-02
    2015   31.077000  2.8746E-02
    2016   31.082500  3.0725E-02
    2017   31.088000  3.2802E-02
    2018   31.093500  3.4980E-02
    2019   31.099000  3.7260E-02
    2020   31.104500  3.9643E-02
    2021   31.110000  4.2129E-02
    2022   31.115500  4.4720E-02
    2023   31.121000  4.7414E-02
    2024   31.126500  5.0213E-02
    2025   31.132000  5.3115E-02
    2026   31.137500  5.6119E-02
    2027   31.143000  5.9223E-02
    2028   31.148500  6.2425E-02
    2029   31.154000  6.5723E-02
    2030   31.159500  6.9114E-02
    2031   31.165000  7.2594E-02
    2032   31.170500  7.6159E-02
    2033   31.176000  7.9805E-02
    2034   31.181500  8.3527E-02
    2035   31.187000  8.7319E-02
    2036   31.192500  9.1175E-02
    2037   31.198000  9.5090E-02
    2038   31.203500  9.9055E-02
    2039   31.209000  1.0307E-01
    2040   31.214500  1.0711E-01
    2041   31.220000  1.1119E-01
    2042   31.225500  1.1528E-01
    2043   31.231000  1.1939E-01
    2044   31.236500  1.2350E-01
    2045   31.242000  1.2760E-01
    2046   31.247500  1.3168E-01
    2047   31.253000  1.3575E-01
    2048   31.258500  1.3977E-01
    2049   31.264000  1.4375E-01
    2050   31.269500  1.4768E-01
    2051   31.275000  1.5154E-01
    2052   31.280500  1.5533E-01
    2053   31.286000  1.5904E-01
    2054   31.291500  1.6265E-01
    2055   31.297000  1.6616E-01
    2056   31.302500  1.6956E-01
    2057   31.308000  1.7283E-01
    2058   31.313500  1.7598E-01
    2059   31.319000  1.7899E-01
    2060   31.324500  1.8186E-01
    2061   31.330000  1.8457E-01
    2062   31.335500  1.8713E-01
    2063   31.341000  1.8951E-01
    2064   31.346500  1.9172E-01
    2065   31.352000  1.9375E-01
    2066   31.357500  1.9560E-01
    2067   31.363000  1.9725E-01
    2068   31.368500  1.9871E-01
    2069   31.374000  1.9998E-01
    2070   31.379500  2.0103E-01
    2071   31.385000  2.0189E-01
    2072   31.390500  2.0253E-01
    2073   31.396000  2.0297E-01
    2074   31.401500  2.0319E-01
    2075   31.407000  2.0320E-01
    2076   31.412500  2.0300E-01
    2077   31.418000  2.0259E-01
    2078   31.423500  2.0196E-01
    2079   31.429000  2.0113E-01
    2080   31.434500  2.0009E-01
    2081   31.440000  1.9884E-01
    2082   31.445500  1.9739E-01
    2083   31.451000  1.9574E-01
    2084   31.456500  1.9390E-01
    2085   31.462000  1.9187E-01
    2086   31.467500  1.8965E-01
    2087   31.473000  1.8726E-01
    2088   31.478500  1.8470E-01
    2089   31.484000  1.8197E-01
    2090   31.489500  1.7908E-01
    2091   31.495000  1.7604E-01
    2092   31.500500  1.7286E-01
    2093   31.506000  1.6954E-01
    2094   31.511500  1.6610E-01
    2095   31.517000  1.6255E-01
    2096   31.522500  1.5888E-01
    2097   31.528000  1.5513E-01
    2098   31.533500  1.5128E-01
    2099   31.539000  1.4736E-01
    2100   31.544500  1.4337E-01
    2101   31.550000  1.3933E-01
    2102   31.555500  1.3524E-01
    2103   31.561000  1.3112E-01
    2104   31.566500  1.2697E-01
    2105   31.572000  1.2282E-01
    2106   31.577500  1.1866E-01
    2107   31.583000  1.1451E-01
    2108   31.588500  1.1038E-01
    2109   31.594000  1.0629E-01
    2110   31.599500  1.0223E-01
    2111   31.605000  9.8223E-02
    2112   31.610500  9.4278E-02
    2113   31.616000  9.0404E-02
    2114   31.621500  8.6609E-02
    2115   31.627000  8.2903E-02
    2116   31.632500  7.9295E-02
    2117   31.638000  7.5793E-02
    2118   31.643500  7.2405E-02
    2119   31.649000  6.9138E-02
    2120   31.654500  6.6000E-02
    2121   31.660000  6.2997E-02
    2122   31.665500  6.0136E-02
    2123   31.671000  5.7423E-02
    2124   31.676500  5.4862E-02
    2125   31.682000  5.2460E-02
    2126   31.687500  5.0221E-02
    2127   31.693000  4.8149E-02
    2128   31.698500  4.6247E-02
    2129   31.704000  4.4519E-02
    2130   31.709500  4.2967E-02
    2131   31.715000  4.1595E-02
    2132   31.720500  4.0403E-02
    2133   31.726000  3.9393E-02
    2134   31.731500  3.8566E-02
    2135   31.737000  3.7923E-02
    2136   31.742500  3.7464E-02
    2137   31.748000  3.7188E-02
    2138   31.753500  3.7095E-02
    2139   31.759000  3.7183E-02
    2140   31.764500  3.7450E-02
    2141   31.770000  3.7896E-02
    2142   31.775500  3.8516E-02
    2143   31.781000  3.9308E-02
    2144   31.786500  4.0268E-02
    2145   31.792000  4.1393E-02
    2146   31.797500  4.2679E-02
    2147   31.803000  4.4120E-02
    2148   31.808500  4.5711E-02
    2149   31.814000  4.7447E-02
    2150   31.819500  4.9323E-02
    2151   31.825000  5.1331E-02
    2152   31.830500  5.3464E-02
    2153   31.836000  5.5717E-02
    2154   31.841500  5.8081E-02
    2155   31.847000  6.0550E-02
    2156   31.852500  6.3115E-02
    2157   31.858000  6.5767E-02
    2158   31.863500  6.8500E-02
    2159   31.869000  7.1304E-02
    2160   31.874500  7.4170E-02
    2161   31.880000  7.7091E-02
    2162   31.885500  8.0057E-02
    2163   31.891000  8.3061E-02
    2164   31.896500  8.6092E-02
    2165   31.902000  8.9144E-02
    2166   31.907500  9.2206E-02
    2167   31.913000  9.5272E-02
    2168   31.918500  9.8334E-02
    2169   31.924000  1.0138E-01
    2170   31.929500  1.0441E-01
    2171   31.935000  1.0741E-01
    2172   31.940500  1.1038E-01
    2173   31.946000  1.1331E-01
    2174   31.951500  1.1620E-01
    2175   31.957000  1.1903E-01
    2176   31.962500  1.2180E-01
    2177   31.968000  1.2452E-01
    2178   31.973500  1.2717E-01
    2179   31.979000  1.2975E-01
    2180   31.984500  1.3225E-01
    2181   31.990000  1.3469E-01
    2182   31.995500  1.3704E-01
    2183   32.001000  1.3931E-01
    2184   32.006500  1.4150E-01
    2185   32.012000  1.4361E-01
    2186   32.017500  1.4562E-01
    2187   32.023000  1.4756E-01
    2188   32.028500  1.4940E-01
    2189   32.034000  1.5115E-01
    2190   32.039500  1.5281E-01
    2191   32.045000  1.5438E-01
    2192   32.050500  1.5585E-01
    2193   32.056000  1.5723E-01
    2194   32.061500  1.5852E-01
    2195   32.067000  1.5970E-01
    2196   32.072500  1.6080E-01
    2197   32.078000  1.6179E-01
    2198   32.083500  1.6268E-01
    2199   32.089000  1.6347E-01
    2200   32.094500  1.6416E-01
    2201   32.100000  1.6475E-01
    2202   32.105500  1.6523E-01
    2203   32.111000  1.6560E-01
    2204   32.116500  1.6587E-01
    2205   32.122000  1.6603E-01
    2206   32.127500  1.6607E-01
    2207   32.133000  1.6601E-01
    2208   32.138500  1.6583E-01
    2209   32.144000  1.6555E-01
    2210   32.149500  1.6515E-01
    2211   32.155000  1.6463E-01
    2212   32.160500  1.6401E-01
    2213   32.166000  1.6328E-01
    2214   32.171500  1.6244E-01
    2215   32.177000  1.6149E-01
    2216   32.182500  1.6044E-01
    2217   32.188000  1.5929E-01
    2218   32.193500  1.5803E-01
    2219   32.199000  1.5669E-01
    2220   32.204500  1.5526E-01
    2221   32.210000  1.5374E-01
    2222   32.215500  1.5214E-01
    2223   32.221000  1.5047E-01
    2224   32.226500  1.4874E-01
    2225   32.232000  1.4694E-01
    2226   32.237500  1.4510E-01
    2227   32.243000  1.4320E-01
    2228   32.248500  1.4127E-01
    2229   32.254000  1.3931E-01
    2230   32.259500  1.3733E-01
    2231   32.265000  1.3533E-01
    2232   32.270500  1.3332E-01
    2233   32.276000  1.3131E-01
    2234   32.281500  1.2930E-01
    2235   32.287000  1.2731E-01
    2236   32.292500  1.2534E-01
    2237   32.298000  1.2339E-01
    2238   32.303500  1.2147E-01
    2239   32.309000  1.1958E-01
    2240   32.314500  1.1774E-01
    2241   32.320000  1.1594E-01
    2242   32.325500  1.1418E-01
    2243   32.331000  1.1247E-01
    2244   32.336500  1.1082E-01
    2245   32.342000  1.0921E-01
    2246   32.347500  1.0765E-01
    2247   32.353000  1.0615E-01
    2248   32.358500  1.0470E-01
    2249   32.364000  1.0329E-01
    2250   32.369500  1.0194E-01
    2251   32.375000  1.0062E-01
    2252   32.380500  9.9355E-02
    2253   32.386000  9.8124E-02
    2254   32.391500  9.6927E-02
    2255   32.397000  9.5762E-02
    2256   32.402500  9.4624E-02
    2257   32.408000  9.3508E-02
    2258   32.413500  9.2409E-02
    2259   32.419000  9.1324E-02
    2260   32.424500  9.0247E-02
    2261   32.430000  8.9173E-02
    2262   32.435500  8.8099E-02
    2263   32.441000  8.7019E-02
    2264   32.446500  8.5929E-02
    2265   32.452000  8.4826E-02
    2266   32.457500  8.3706E-02
    2267   32.463000  8.2565E-02
    2268   32.468500  8.1399E-02
    2269   32.474000  8.0208E-02
    2270   32.479500  7.8987E-02
    2271   32.485000  7.7735E-02
    2272   32.490500  7.6450E-02
    2273   32.496000  7.5132E-02
    2274   32.501500  7.3779E-02
    2275   32.507000  7.2391E-02
    2276   32.512500  7.0969E-02
    2277   32.518000  6.9512E-02
    2278   32.523500  6.8022E-02
    2279   32.529000  6.6499E-02
    2280   32.534500  6.4945E-02
    2281   32.540000  6.3363E-02
    2282   32.545500  6.1754E-02
    2283   32.551000  6.0120E-02
    2284   32.556500  5.8465E-02
    2285   32.562000  5.6791E-02
    2286   32.567500  5.5101E-02
    2287   32.573000  5.3398E-02
    2288   32.578500  5.1686E-02
    2289   32.584000  4.9968E-02
    2290   32.589500  4.8248E-02
    2291   32.595000  4.6529E-02
    2292   32.600500  4.4814E-02
    2293   32.606000  4.3107E-02
    2294   32.611500  4.1411E-02
    2295   32.617000  3.9730E-02
    2296   32.622500  3.8067E-02
    2297   32.628000  3.6425E-02
    2298   32.633500  3.4807E-02
    2299   32.639000  3.3216E-02
    2300   32.644500  3.1654E-02
    2301   32.650000  3.0125E-02
    2302   32.655500  2.8629E-02
    2303   32.661000  2.7171E-02
    2304   32.666500  2.5750E-02
    2305   32.672000  2.4369E-02
    2306   32.677500  2.3030E-02
    2307   32.683000  2.1734E-02
    2308   32.688500  2.0481E-02
    2309   32.694000  1.9273E-02
    2310   32.699500  1.8110E-02
    2311   32.705000  1.6992E-02
    2312   32.710500  1.5921E-02
    2313   32.716000  1.4895E-02
    2314   32.721500  1.3915E-02
    2315   32.727000  1.2980E-02
    2316   32.732500  1.2091E-02
    2317   32.738000  1.1246E-02
    2318   32.743500  1.0444E-02
    2319   32.749000  9.6857E-03
    2320   32.754500  8.9689E-03
    2321   32.760000  8.2928E-03
    2322   32.765500  7.6562E-03
    2323   32.771000  7.0581E-03
    2324   32.776500  6.4969E-03
    2325   32.782000  5.9715E-03
    2326   32.787500  5.4804E-03
    2327   32.793000  5.0221E-03
    2328   32.798500  4.5953E-03
    2329   32.804000  4.1985E-03
    2330   32.809500  3.8302E-03
    2331   32.815000  3.4890E-03
    2332   32.820500  3.1735E-03
    2333   32.826000  2.8822E-03
    2334   32.831500  2.6137E-03
    2335   32.837000  2.3667E-03
    2336   32.842500  2.1398E-03
    2337   32.848000  1.9318E-03
    2338   32.853500  1.7414E-03
    2339   32.859000  1.5675E-03
    2340   32.864500  1.4088E-03
    2341   32.870000  1.2643E-03
    2342   32.875500  1.1330E-03
    2343   32.881000  1.0138E-03
    2344   32.886500  9.0576E-04
    2345   32.892000  8.0808E-04
    2346   32.897500  7.1988E-04
    2347   32.903000  6.4038E-04
    2348   32.908500  5.6883E-04
    2349   32.914000  5.0454E-04
    2350   32.919500  4.4689E-04
    2351   32.925000  3.9527E-04
    2352   32.930500  3.4913E-04
    2353   32.936000  3.0795E-04
    2354   32.941500  2.7128E-04
    2355   32.947000  2.3868E-04
    2356   32.952500  2.0974E-04
    2357   32.958000  1.8411E-04
    2358   32.963500  1.6146E-04
    2359   32.969000  1.4148E-04
    2360   32.974500  1.2390E-04
    2361   32.980000  1.0847E-04
    2362   32.985500  9.4971E-05
    2363   32.991000  8.3197E-05
    2364   32.996500  7.2969E-05
    2365   33.002000  6.4125E-05
    2366   33.007500  5.6522E-05
    2367   33.013000  5.0031E-05
    2368   33.018500  4.4542E-05
    2369   33.024000  3.9954E-05
    2370   33.029500  3.6183E-05
    2371   33.035000  3.3153E-05
    2372   33.040500  3.0801E-05
    2373   33.046000  2.9073E-05
    2374   33.051500  2.7924E-05
    2375   33.057000  2.7317E-05
    2376   33.062500  2.7224E-05
    2377   33.068000  2.7621E-05
    2378   33.073500  2.8493E-05
    2379   33.079000  2.9830E-05
    2380   33.084500  3.1627E-05
    2381   33.090000  3.3884E-05
    2382   33.095500  3.6607E-05
    2383   33.101000  3.9806E-05
    2384   33.106500  4.3494E-05
    2385   33.112000  4.7688E-05
    2386   33.117500  5.2409E-05
    2387   33.123000  5.7684E-05
    2388   33.128500  6.3539E-05
    2389   33.134000  7.0007E-05
    2390   33.139500  7.7123E-05
    2391   33.145000  8.4925E-05
    2392   33.150500  9.3456E-05
    2393   33.156000  1.0276E-04
    2394   33.161500  1.1289E-04
    2395   33.167000  1.2390E-04
    2396   33.172500  1.3585E-04
    2397   33.178000  1.4879E-04
    2398   33.183500  1.6281E-04
    2399   33.189000  1.7797E-04
    2400   33.194500  1.9436E-04
    2401   33.200000  2.1206E-04
    2402   33.205500  2.3118E-04
    2403   33.211000  2.5182E-04
    2404   33.216500  2.7411E-04
    2405   33.222000  2.9817E-04
    2406   33.227500  3.2415E-04
    2407   33.233000  3.5221E-04
    2408   33.238500  3.8254E-04
    2409   33.244000  4.1533E-04
    2410   33.249500  4.5080E-04
    2411   33.255000  4.8920E-04
    2412   33.260500  5.3080E-04
    2413   33.266000  5.7591E-04
    2414   33.271500  6.2485E-04
    2415   33.277000  6.7799E-04
    2416   33.282500  7.3575E-04
    2417   33.288000  7.9858E-04
    2418   33.293500  8.6695E-04
    2419   33.299000  9.4143E-04
    2420   33.304500  1.0226E-03
    2421   33.310000  1.1111E-03
    2422   33.315500  1.2076E-03
    2423   33.321000  1.3129E-03
    2424   33.326500  1.4278E-03
    2425   33.332000  1.5533E-03
    2426   33.337500  1.6901E-03
    2427   33.343000  1.8394E-03
    2428   33.348500  2.0023E-03
    2429   33.354000  2.1798E-03
    2430   33.359500  2.3732E-03
    2431   33.365000  2.5838E-03
    2432   33.370500  2.8129E-03
    2433   33.376000  3.0619E-03
    2434   33.381500  3.3323E-03
    2435   33.387000  3.6255E-03
    2436   33.392500  3.9432E-03
    2437   33.398000  4.2869E-03
    2438   33.403500  4.6583E-03
    2439   33.409000  5.0589E-03
    2440   33.414500  5.4905E-03
    2441   33.420000  5.9547E-03
    2442   33.425500  6.4532E-03
    2443   33.431000  6.9876E-03
    2444   33.436500  7.5595E-03
    2445   33.442000  8.1704E-03
    2446   33.447500  8.8217E-03
    2447   33.453000  9.5150E-03
    2448   33.458500  1.0252E-02
    2449   33.464000  1.1032E-02
    2450   33.469500  1.1859E-02
    2451   33.475000  1.2731E-02
    2452   33.480500  1.3651E-02
    2453   33.486000  1.4619E-02
    2454   33.491500  1.5634E-02
    2455   33.497000  1.6698E-02
    2456   33.502500  1.7809E-02
    2457   33.508000  1.8969E-02
    2458   33.513500  2.0176E-02
    2459   33.519000  2.1429E-02
    2460   33.524500  2.2728E-02
    2461   33.530000  2.4071E-02
    2462   33.535500  2.5457E-02
    2463   33.541000  2.6884E-02
    2464   33.546500  2.8349E-02
    2465   33.552000  2.9850E-02
    2466   33.557500  3.1386E-02
    2467   33.563000  3.2952E-02
    2468   33.568500  3.4546E-02
    2469   33.574000  3.6164E-02
    2470   33.579500  3.7803E-02
    2471   33.585000  3.9460E-02
    2472   33.590500  4.1130E-02
    2473   33.596000  4.2810E-02
    2474   33.601500  4.4496E-02
    2475   33.607000  4.6183E-02
    2476   33.612500  4.7867E-02
    2477   33.618000  4.9545E-02
    2478   33.623500  5.1212E-02
    2479   33.629000  5.2864E-02
    2480   33.634500  5.4497E-02
    2481   33.640000  5.6108E-02
    2482   33.645500  5.7692E-02
    2483   33.651000  5.9247E-02
    2484   33.656500  6.0768E-02
    2485   33.662000  6.2254E-02
    2486   33.667500  6.3701E-02
    2487   33.673000  6.5107E-02
    2488   33.678500  6.6470E-02
    2489   33.684000  6.7788E-02
    2490   33.689500  6.9060E-02
    2491   33.695000  7.0284E-02
    2492   33.700500  7.1461E-02
    2493   33.706000  7.2588E-02
    2494   33.711500  7.3668E-02
    2495   33.717000  7.4699E-02
    2496   33.722500  7.5684E-02
    2497   33.728000  7.6622E-02
    2498   33.733500  7.7515E-02
    2499   33.739000  7.8365E-02
    2500   33.744500  7.9173E-02
    2501   33.750000  7.9943E-02
    2502   33.755500  8.0675E-02
    2503   33.761000  8.1373E-02
    2504   33.766500  8.2038E-02
    2505   33.772000  8.2675E-02
    2506   33.777500  8.3285E-02
    2507   33.783000  8.3871E-02
    2508   33.788500  8.4436E-02
    2509   33.794000  8.4982E-02
    2510   33.799500  8.5512E-02
    2511   33.805000  8.6029E-02
    2512   33.810500  8.6533E-02
    2513   33.816000  8.7028E-02
    2514   33.821500  8.7515E-02
    2515   33.827000  8.7996E-02
    2516   33.832500  8.8471E-02
    2517   33.838000  8.8941E-02
    2518   33.843500  8.9408E-02
    2519   33.849000  8.9870E-02
    2520   33.854500  9.0329E-02
    2521   33.860000  9.0783E-02
    2522   33.865500  9.1232E-02
    2523   33.871000  9.1674E-02
    2524   33.876500  9.2109E-02
    2525   33.882000  9.2534E-02
    2526   33.887500  9.2948E-02
    2527   33.893000  9.3348E-02
    2528   33.898500  9.3732E-02
    2529   33.904000  9.4097E-02
    2530   33.909500  9.4440E-02
    2531   33.915000  9.4758E-02
    2532   33.920500  9.5049E-02
    2533   33.926000  9.5308E-02
    2534   33.931500  9.5533E-02
    2535   33.937000  9.5721E-02
    2536   33.942500  9.5868E-02
    2537   33.948000  9.5971E-02
    2538   33.953500  9.6027E-02
    2539   33.959000  9.6033E-02
    2540   33.964500  9.5986E-02
    2541   33.970000  9.5884E-02
    2542   33.975500  9.5723E-02
    2543   33.981000  9.5503E-02
    2544   33.986500  9.5221E-02
    2545   33.992000  9.4874E-02
    2546   33.997500  9.4463E-02
    2547   34.003000  9.3984E-02
    2548   34.008500  9.3438E-02
    2549   34.014000  9.2824E-02
    2550   34.019500  9.2141E-02
    2551   34.025000  9.1390E-02
    2552   34.030500  9.0570E-02
    2553   34.036000  8.9682E-02
    2554   34.041500  8.8728E-02
    2555   34.047000  8.7707E-02
    2556   34.052500  8.6622E-02
    2557   34.058000  8.5474E-02
    2558   34.063500  8.4265E-02
    2559   34.069000  8.2996E-02
    2560   34.074500  8.1671E-02
    2561   34.080000  8.0292E-02
    2562   34.085500  7.8861E-02
    2563   34.091000  7.7382E-02
    2564   34.096500  7.5857E-02
    2565   34.102000  7.4290E-02
    2566   34.107500  7.2683E-02
    2567   34.113000  7.1041E-02
    2568   34.118500  6.9366E-02
    2569   34.124000  6.7663E-02
    2570   34.129500  6.5934E-02
    2571   34.135000  6.4183E-02
    2572   34.140500  6.2415E-02
    2573   34.146000  6.0632E-02
    2574   34.151500  5.8838E-02
    2575   34.157000  5.7037E-02
    2576   34.162500  5.5232E-02
    2577   34.168000  5.3427E-02
    2578   34.173500  5.1625E-02
    2579   34.179000  4.9829E-02
    2580   34.184500  4.8043E-02
    2581   34.190000  4.6270E-02
    2582   34.195500  4.4512E-02
    2583   34.201000  4.2773E-02
    2584   34.206500  4.1055E-02
    2585   34.212000  3.9361E-02
    2586   34.217500  3.7694E-02
    2587   34.223000  3.6055E-02
    2588   34.228500  3.4447E-02
    2589   34.234000  3.2872E-02
    2590   34.239500  3.1331E-02
    2591   34.245000  2.9827E-02
    2592   34.250500  2.8360E-02
    2593   34.256000  2.6933E-02
    2594   34.261500  2.5546E-02
    2595   34.267000  2.4200E-02
    2596   34.272500  2.2896E-02
    2597   34.278000  2.1635E-02
    2598   34.283500  2.0418E-02
    2599   34.289000  1.9244E-02
    2600   34.294500  1.8114E-02
    2601   34.300000  1.7029E-02
    2602   34.305500  1.5987E-02
    2603   34.311000  1.4989E-02
    2604   34.316500  1.4034E-02
    2605   34.322000  1.3123E-02
    2606   34.327500  1.2254E-02
    2607   34.333000  1.1427E-02
    2608   34.338500  1.0641E-02
    2609   34.344000  9.8949E-03
    2610   34.349500  9.1885E-03
    2611   34.355000  8.5204E-03
    2612   34.360500  7.8897E-03
    2613   34.366000  7.2952E-03
    2614   34.371500  6.7358E-03
    2615   34.377000  6.2102E-03
    2616   34.382500  5.7173E-03
    2617   34.388000  5.2558E-03
    2618   34.393500  4.8244E-03
    2619   34.399000  4.4218E-03
    2620   34.404500  4.0469E-03
    2621   34.410000  3.6982E-03
    2622   34.415500  3.3745E-03
    2623   34.421000  3.0746E-03
    2624   34.426500  2.7971E-03
    2625   34.432000  2.5409E-03
    2626   34.437500  2.3049E-03
    2627   34.443000  2.0877E-03
    2628   34.448500  1.8883E-03
    2629   34.454000  1.7056E-03
    2630   34.459500  1.5385E-03
    2631   34.465000  1.3860E-03
    2632   34.470500  1.2471E-03
    2633   34.476000  1.1210E-03
    2634   34.481500  1.0067E-03
    2635   34.487000  9.0332E-04
    2636   34.492500  8.1015E-04
    2637   34.498000  7.2642E-04
    2638   34.503500  6.5143E-04
    2639   34.509000  5.8451E-04
    2640   34.514500  5.2505E-04
    2641   34.520000  4.7248E-04
    2642   34.525500  4.2627E-04
    2643   34.531000  3.8594E-04
    2644   34.536500  3.5104E-04
    2645   34.542000  3.2117E-04
    2646   34.547500  2.9594E-04
    2647   34.553000  2.7502E-04
    2648   34.558500  2.5812E-04
    2649   34.564000  2.4494E-04
    2650   34.569500  2.3526E-04
    2651   34.575000  2.2886E-04
    2652   34.580500  2.2554E-04
    2653   34.586000  2.2515E-04
    2654   34.591500  2.2754E-04
    2655   34.597000  2.3258E-04
    2656   34.602500  2.4017E-04
    2657   34.608000  2.5022E-04
    2658   34.613500  2.6267E-04
    2659   34.619000  2.7744E-04
    2660   34.624500  2.9450E-04
    2661   34.630000  3.1380E-04
    2662   34.635500  3.3531E-04
    2663   34.641000  3.5900E-04
    2664   34.646500  3.8486E-04
    2665   34.652000  4.1286E-04
    2666   34.657500  4.4300E-04
    2667   34.663000  4.7526E-04
    2668   34.668500  5.0961E-04
    2669   34.674000  5.4605E-04
    2670   34.679500  5.8454E-04
    2671   34.685000  6.2506E-04
    2672   34.690500  6.6757E-04
    2673   34.696000  7.1204E-04
    2674   34.701500  7.5840E-04
    2675   34.707000  8.0660E-04
    2676   34.712500  8.5657E-04
    2677   34.718000  9.0822E-04
    2678   34.723500  9.6146E-04
    2679   34.729000  1.0162E-03
    2680   34.734500  1.0723E-03
    2681   34.740000  1.1296E-03
    2682   34.745500  1.1880E-03
    2683   34.751000  1.2474E-03
    2684   34.756500  1.3075E-03
    2685   34.762000  1.3681E-03
    2686   34.767500  1.4292E-03
    2687   34.773000  1.4904E-03
    2688   34.778500  1.5516E-03
    2689   34.784000  1.6126E-03
    2690   34.789500  1.6730E-03
    2691   34.795000  1.7326E-03
    2692   34.800500  1.7913E-03
    2693   34.806000  1.8487E-03
    2694   34.811500  1.9046E-03
    2695   34.817000  1.9587E-03
    2696   34.822500  2.0108E-03
    2697   34.828000  2.0606E-03
    2698   34.833500  2.1079E-03
    2699   34.839000  2.1524E-03
    2700   34.844500  2.1939E-03
    2701   34.850000  2.2322E-03
    2702   34.855500  2.2670E-03
    2703   34.861000  2.2982E-03
    2704   34.866500  2.3256E-03
    2705   34.872000  2.3490E-03
    2706   34.877500  2.3683E-03
    2707   34.883000  2.3833E-03
    2708   34.888500  2.3940E-03
    2709   34.894000  2.4003E-03
    2710   34.899500  2.4021E-03
    2711   34.905000  2.3994E-03
    2712   34.910500  2.3922E-03
    2713   34.916000  2.3805E-03
    2714   34.921500  2.3645E-03
    2715   34.927000  2.3440E-03
    2716   34.932500  2.3194E-03
    2717   34.938000  2.2906E-03
    2718   34.943500  2.2578E-03
    2719   34.949000  2.2213E-03
    2720   34.954500  2.1811E-03
    2721   34.960000  2.1375E-03
    2722   34.965500  2.0907E-03
    2723   34.971000  2.0410E-03
    2724   34.976500  1.9886E-03
    2725   34.982000  1.9337E-03
    2726   34.987500  1.8766E-03
    2727   34.993000  1.8177E-03
    2728   34.998500  1.7571E-03
