       1   20.000000  5.3309E-03
       2   20.005500  3.1678E-02
       3   20.011000  3.2772E-02
       4   20.016500  3.3858E-02
       5   20.022000  3.4930E-02
       6   20.027500  3.5984E-02
       7   20.033000  3.7014E-02
       8   20.038500  3.8018E-02
       9   20.044000  3.8988E-02
      10   20.049500  3.9922E-02
      11   20.055000  4.0813E-02
      12   20.060500  4.1659E-02
      13   20.066000  4.2453E-02
      14   20.071500  4.3193E-02
      15   20.077000  4.3874E-02
      16   20.082500  4.4492E-02
      17   20.088000  4.5044E-02
      18   20.093500  4.5527E-02
      19   20.099000  4.5939E-02
      20   20.104500  4.6276E-02
      21   20.110000  4.6537E-02
      22   20.115500  4.6721E-02
      23   20.121000  4.6826E-02
      24   20.126500  4.6852E-02
      25   20.132000  4.6799E-02
      26   20.137500  4.6667E-02
      27   20.143000  4.6457E-02
      28   20.148500  4.6170E-02
      29   20.154000  4.5808E-02
      30   20.159500  4.5373E-02
      31   20.165000  4.4868E-02
      32   20.170500  4.4296E-02
      33   20.176000  4.3659E-02
      34   20.181500  4.2963E-02
      35   20.187000  4.2211E-02
      36   20.192500  4.1407E-02
      37   20.198000  4.0555E-02
      38   20.203500  3.9662E-02
      39   20.209000  3.8730E-02
      40   20.214500  3.7767E-02
      41   20.220000  3.6777E-02
      42   20.225500  3.5764E-02
      43   20.231000  3.4735E-02
      44   20.236500  3.3694E-02
      45   20.242000  3.2647E-02
      46   20.247500  3.1598E-02
      47   20.253000  3.0553E-02
      48   20.258500  2.9515E-02
      49   20.264000  2.8490E-02
      50   20.269500  2.7481E-02
      51   20.275000  2.6493E-02
      52   20.280500  2.5529E-02
      53   20.286000  2.4591E-02
      54   20.291500  2.3684E-02
      55   20.297000  2.2809E-02
      56   20.302500  2.1969E-02
      57   20.308000  2.1166E-02
      58   20.313500  2.0400E-02
      59   20.319000  1.9674E-02
      60   20.324500  1.8987E-02
      61   20.330000  1.8341E-02
      62   20.335500  1.7735E-02
      63   20.341000  1.7169E-02
      64   20.346500  1.6643E-02
      65   20.352000  1.6154E-02
      66   20.357500  1.5704E-02
      67   20.363000  1.5289E-02
      68   20.368500  1.4908E-02
      69   20.374000  1.4560E-02
      70   20.379500  1.4242E-02
      71   20.385000  1.3953E-02
      72   20.390500  1.3689E-02
      73   20.396000  1.3450E-02
      74   20.401500  1.3232E-02
      75   20.407000  1.3032E-02
      76   20.412500  1.2849E-02
      77   20.418000  1.2680E-02
      78   20.423500  1.2523E-02
      79   20.429000  1.2375E-02
      80   20.434500  1.2234E-02
      81   20.440000  1.2098E-02
      82   20.445500  1.1965E-02
      83   20.451000  1.1833E-02
      84   20.456500  1.1700E-02
      85   20.462000  1.1565E-02
      86   20.467500  1.1427E-02
      87   20.473000  1.1283E-02
      88   20.478500  1.1134E-02
      89   20.484000  1.0978E-02
      90   20.489500  1.0815E-02
      91   20.495000  1.0643E-02
      92   20.500500  1.0464E-02
      93   20.506000  1.0277E-02
      94   20.511500  1.0081E-02
      95   20.517000  9.8772E-03
      96   20.522500  9.6661E-03
      97   20.528000  9.4480E-03
      98   20.533500  9.2236E-03
      99   20.539000  8.9936E-03
     100   20.544500  8.7590E-03
     101   20.550000  8.5208E-03
     102   20.555500  8.2801E-03
     103   20.561000  8.0379E-03
     104   20.566500  7.7956E-03
     105   20.572000  7.5543E-03
     106   20.577500  7.3154E-03
     107   20.583000  7.0801E-03
     108   20.588500  6.8497E-03
     109   20.594000  6.6256E-03
     110   20.599500  6.4088E-03
     111   20.605000  6.2008E-03
     112   20.610500  6.0026E-03
     113   20.616000  5.8154E-03
     114   20.621500  5.6402E-03
     115   20.627000  5.4781E-03
     116   20.632500  5.3299E-03
     117   20.638000  5.1965E-03
     118   20.643500  5.0785E-03
     119   20.649000  4.9768E-03
     120   20.654500  4.8917E-03
     121   20.660000  4.8237E-03
     122   20.665500  4.7732E-03
     123   20.671000  4.7403E-03
     124   20.676500  4.7252E-03
     125   20.682000  4.7279E-03
     126   20.687500  4.7483E-03
     127   20.693000  4.7862E-03
     128   20.698500  4.8411E-03
     129   20.704000  4.9128E-03
     130   20.709500  5.0006E-03
     131   20.715000  5.1039E-03
     132   20.720500  5.2219E-03
     133   20.726000  5.3539E-03
     134   20.731500  5.4989E-03
     135   20.737000  5.6558E-03
     136   20.742500  5.8236E-03
     137   20.748000  6.0011E-03
     138   20.753500  6.1871E-03
     139   20.759000  6.3802E-03
     140   20.764500  6.5792E-03
     141   20.770000  6.7826E-03
     142   20.775500  6.9890E-03
     143   20.781000  7.1969E-03
     144   20.786500  7.4049E-03
     145   20.792000  7.6116E-03
     146   20.797500  7.8153E-03
     147   20.803000  8.0147E-03
     148   20.808500  8.2083E-03
     149   20.814000  8.3948E-03
     150   20.819500  8.5727E-03
     151   20.825000  8.7407E-03
     152   20.830500  8.8976E-03
     153   20.836000  9.0423E-03
     154   20.841500  9.1736E-03
     155   20.847000  9.2906E-03
     156   20.852500  9.3922E-03
     157   20.858000  9.4778E-03
     158   20.863500  9.5466E-03
     159   20.869000  9.5981E-03
     160   20.874500  9.6318E-03
     161   20.880000  9.6473E-03
     162   20.885500  9.6444E-03
     163   20.891000  9.6231E-03
     164   20.896500  9.5833E-03
     165   20.902000  9.5252E-03
     166   20.907500  9.4491E-03
     167   20.913000  9.3553E-03
     168   20.918500  9.2444E-03
     169   20.924000  9.1169E-03
     170   20.929500  8.9734E-03
     171   20.935000  8.8149E-03
     172   20.940500  8.6421E-03
     173   20.946000  8.4560E-03
     174   20.951500  8.2576E-03
     175   20.957000  8.0479E-03
     176   20.962500  7.8280E-03
     177   20.968000  7.5990E-03
     178   20.973500  7.3622E-03
     179   20.979000  7.1186E-03
     180   20.984500  6.8694E-03
     181   20.990000  6.6158E-03
     182   20.995500  6.3589E-03
     183   21.001000  6.0999E-03
     184   21.006500  5.8399E-03
     185   21.012000  5.5799E-03
     186   21.017500  5.3208E-03
     187   21.023000  5.0638E-03
     188   21.028500  4.8097E-03
     189   21.034000  4.5592E-03
     190   21.039500  4.3133E-03
     191   21.045000  4.0726E-03
     192   21.050500  3.8378E-03
     193   21.056000  3.6094E-03
     194   21.061500  3.3880E-03
     195   21.067000  3.1740E-03
     196   21.072500  2.9677E-03
     197   21.078000  2.7695E-03
     198   21.083500  2.5796E-03
     199   21.089000  2.3982E-03
     200   21.094500  2.2253E-03
     201   21.100000  2.0612E-03
     202   21.105500  1.9057E-03
     203   21.111000  1.7589E-03
     204   21.116500  1.6206E-03
     205   21.122000  1.4908E-03
     206   21.127500  1.3693E-03
     207   21.133000  1.2560E-03
     208   21.138500  1.1505E-03
     209   21.144000  1.0529E-03
     210   21.149500  9.6267E-04
     211   21.155000  8.7972E-04
     212   21.160500  8.0375E-04
     213   21.166000  7.3451E-04
     214   21.171500  6.7172E-04
     215   21.177000  6.1514E-04
     216   21.182500  5.6450E-04
     217   21.188000  5.1956E-04
     218   21.193500  4.8006E-04
     219   21.199000  4.4579E-04
     220   21.204500  4.1652E-04
     221   21.210000  3.9204E-04
     222   21.215500  3.7216E-04
     223   21.221000  3.5669E-04
     224   21.226500  3.4549E-04
     225   21.232000  3.3838E-04
     226   21.237500  3.3523E-04
     227   21.243000  3.3593E-04
     228   21.248500  3.4036E-04
     229   21.254000  3.4842E-04
     230   21.259500  3.6001E-04
     231   21.265000  3.7507E-04
     232   21.270500  3.9352E-04
     233   21.276000  4.1530E-04
     234   21.281500  4.4034E-04
     235   21.287000  4.6858E-04
     236   21.292500  4.9997E-04
     237   21.298000  5.3445E-04
     238   21.303500  5.7196E-04
     239   21.309000  6.1244E-04
     240   21.314500  6.5581E-04
     241   21.320000  7.0199E-04
     242   21.325500  7.5090E-04
     243   21.331000  8.0242E-04
     244   21.336500  8.5646E-04
     245   21.342000  9.1289E-04
     246   21.347500  9.7155E-04
     247   21.353000  1.0323E-03
     248   21.358500  1.0950E-03
     249   21.364000  1.1593E-03
     250   21.369500  1.2252E-03
     251   21.375000  1.2924E-03
     252   21.380500  1.3606E-03
     253   21.386000  1.4296E-03
     254   21.391500  1.4991E-03
     255   21.397000  1.5689E-03
     256   21.402500  1.6386E-03
     257   21.408000  1.7079E-03
     258   21.413500  1.7765E-03
     259   21.419000  1.8440E-03
     260   21.424500  1.9102E-03
     261   21.430000  1.9747E-03
     262   21.435500  2.0372E-03
     263   21.441000  2.0974E-03
     264   21.446500  2.1548E-03
     265   21.452000  2.2093E-03
     266   21.457500  2.2604E-03
     267   21.463000  2.3080E-03
     268   21.468500  2.3517E-03
     269   21.474000  2.3912E-03
     270   21.479500  2.4264E-03
     271   21.485000  2.4571E-03
     272   21.490500  2.4830E-03
     273   21.496000  2.5039E-03
     274   21.501500  2.5199E-03
     275   21.507000  2.5307E-03
     276   21.512500  2.5363E-03
     277   21.518000  2.5367E-03
     278   21.523500  2.5319E-03
     279   21.529000  2.5219E-03
     280   21.534500  2.5067E-03
     281   21.540000  2.4865E-03
     282   21.545500  2.4614E-03
     283   21.551000  2.4316E-03
     284   21.556500  2.3971E-03
     285   21.562000  2.3583E-03
     286   21.567500  2.3154E-03
     287   21.573000  2.2686E-03
     288   21.578500  2.2182E-03
     289   21.584000  2.1645E-03
     290   21.589500  2.1078E-03
     291   21.595000  2.0483E-03
     292   21.600500  1.9865E-03
     293   21.606000  1.9226E-03
     294   21.611500  1.8569E-03
     295   21.617000  1.7899E-03
     296   21.622500  1.7217E-03
     297   21.628000  1.6528E-03
     298   21.633500  1.5834E-03
     299   21.639000  1.5138E-03
     300   21.644500  1.4444E-03
     301   21.650000  1.3753E-03
     302   21.655500  1.3069E-03
     303   21.661000  1.2394E-03
     304   21.666500  1.1730E-03
     305   21.672000  1.1079E-03
     306   21.677500  1.0443E-03
     307   21.683000  9.8235E-04
     308   21.688500  9.2223E-04
     309   21.694000  8.6404E-04
     310   21.699500  8.0790E-04
     311   21.705000  7.5388E-04
     312   21.710500  7.0207E-04
     313   21.716000  6.5250E-04
     314   21.721500  6.0522E-04
     315   21.727000  5.6024E-04
     316   21.732500  5.1757E-04
     317   21.738000  4.7719E-04
     318   21.743500  4.3909E-04
     319   21.749000  4.0323E-04
     320   21.754500  3.6956E-04
     321   21.760000  3.3803E-04
     322   21.765500  3.0858E-04
     323   21.771000  2.8114E-04
     324   21.776500  2.5564E-04
     325   21.782000  2.3200E-04
     326   21.787500  2.1014E-04
     327   21.793000  1.8998E-04
     328   21.798500  1.7142E-04
     329   21.804000  1.5439E-04
     330   21.809500  1.3879E-04
     331   21.815000  1.2455E-04
     332   21.820500  1.1158E-04
     333   21.826000  9.9792E-05
     334   21.831500  8.9114E-05
     335   21.837000  7.9468E-05
     336   21.842500  7.0779E-05
     337   21.848000  6.2978E-05
     338   21.853500  5.5998E-05
     339   21.859000  4.9777E-05
     340   21.864500  4.4255E-05
     341   21.870000  3.9379E-05
     342   21.875500  3.5097E-05
     343   21.881000  3.1363E-05
     344   21.886500  2.8133E-05
     345   21.892000  2.5369E-05
     346   21.897500  2.3037E-05
     347   21.903000  2.1103E-05
     348   21.908500  1.9542E-05
     349   21.914000  1.8328E-05
     350   21.919500  1.7442E-05
     351   21.925000  1.6864E-05
     352   21.930500  1.6581E-05
     353   21.936000  1.6581E-05
     354   21.941500  1.6855E-05
     355   21.947000  1.7396E-05
     356   21.952500  1.8201E-05
     357   21.958000  1.9266E-05
     358   21.963500  2.0594E-05
     359   21.969000  2.2184E-05
     360   21.974500  2.4041E-05
     361   21.980000  2.6170E-05
     362   21.985500  2.8578E-05
     363   21.991000  3.1270E-05
     364   21.996500  3.4257E-05
     365   22.002000  3.7546E-05
     366   22.007500  4.1147E-05
     367   22.013000  4.5069E-05
     368   22.018500  4.9322E-05
     369   22.024000  5.3915E-05
     370   22.029500  5.8858E-05
     371   22.035000  6.4158E-05
     372   22.040500  6.9823E-05
     373   22.046000  7.5859E-05
     374   22.051500  8.2271E-05
     375   22.057000  8.9062E-05
     376   22.062500  9.6233E-05
     377   22.068000  1.0378E-04
     378   22.073500  1.1171E-04
     379   22.079000  1.2001E-04
     380   22.084500  1.2867E-04
     381   22.090000  1.3769E-04
     382   22.095500  1.4704E-04
     383   22.101000  1.5672E-04
     384   22.106500  1.6670E-04
     385   22.112000  1.7696E-04
     386   22.117500  1.8747E-04
     387   22.123000  1.9821E-04
     388   22.128500  2.0913E-04
     389   22.134000  2.2022E-04
     390   22.139500  2.3142E-04
     391   22.145000  2.4269E-04
     392   22.150500  2.5400E-04
     393   22.156000  2.6529E-04
     394   22.161500  2.7651E-04
     395   22.167000  2.8763E-04
     396   22.172500  2.9857E-04
     397   22.178000  3.0930E-04
     398   22.183500  3.1976E-04
     399   22.189000  3.2989E-04
     400   22.194500  3.3964E-04
     401   22.200000  3.4895E-04
     402   22.205500  3.5779E-04
     403   22.211000  3.6609E-04
     404   22.216500  3.7381E-04
     405   22.222000  3.8090E-04
     406   22.227500  3.8732E-04
     407   22.233000  3.9304E-04
     408   22.238500  3.9801E-04
     409   22.244000  4.0221E-04
     410   22.249500  4.0560E-04
     411   22.255000  4.0817E-04
     412   22.260500  4.0991E-04
     413   22.266000  4.1079E-04
     414   22.271500  4.1081E-04
     415   22.277000  4.0998E-04
     416   22.282500  4.0829E-04
     417   22.288000  4.0576E-04
     418   22.293500  4.0240E-04
     419   22.299000  3.9823E-04
     420   22.304500  3.9328E-04
     421   22.310000  3.8758E-04
     422   22.315500  3.8116E-04
     423   22.321000  3.7405E-04
     424   22.326500  3.6631E-04
     425   22.332000  3.5798E-04
     426   22.337500  3.4910E-04
     427   22.343000  3.3973E-04
     428   22.348500  3.2991E-04
     429   22.354000  3.1971E-04
     430   22.359500  3.0917E-04
     431   22.365000  2.9836E-04
     432   22.370500  2.8732E-04
     433   22.376000  2.7612E-04
     434   22.381500  2.6481E-04
     435   22.387000  2.5343E-04
     436   22.392500  2.4205E-04
     437   22.398000  2.3070E-04
     438   22.403500  2.1945E-04
     439   22.409000  2.0832E-04
     440   22.414500  1.9738E-04
     441   22.420000  1.8664E-04
     442   22.425500  1.7615E-04
     443   22.431000  1.6595E-04
     444   22.436500  1.5606E-04
     445   22.442000  1.4651E-04
     446   22.447500  1.3732E-04
     447   22.453000  1.2852E-04
     448   22.458500  1.2011E-04
     449   22.464000  1.1212E-04
     450   22.469500  1.0456E-04
     451   22.475000  9.7426E-05
     452   22.480500  9.0736E-05
     453   22.486000  8.4492E-05
     454   22.491500  7.8693E-05
     455   22.497000  7.3341E-05
     456   22.502500  6.8433E-05
     457   22.508000  6.3966E-05
     458   22.513500  5.9934E-05
     459   22.519000  5.6330E-05
     460   22.524500  5.3149E-05
     461   22.530000  5.0381E-05
     462   22.535500  4.8017E-05
     463   22.541000  4.6047E-05
     464   22.546500  4.4461E-05
     465   22.552000  4.3249E-05
     466   22.557500  4.2398E-05
     467   22.563000  4.1897E-05
     468   22.568500  4.1735E-05
     469   22.574000  4.1900E-05
     470   22.579500  4.2378E-05
     471   22.585000  4.3158E-05
     472   22.590500  4.4226E-05
     473   22.596000  4.5570E-05
     474   22.601500  4.7175E-05
     475   22.607000  4.9029E-05
     476   22.612500  5.1118E-05
     477   22.618000  5.3426E-05
     478   22.623500  5.5940E-05
     479   22.629000  5.8643E-05
     480   22.634500  6.1521E-05
     481   22.640000  6.4556E-05
     482   22.645500  6.7733E-05
     483   22.651000  7.1034E-05
     484   22.656500  7.4441E-05
     485   22.662000  7.7937E-05
     486   22.667500  8.1502E-05
     487   22.673000  8.5119E-05
     488   22.678500  8.8768E-05
     489   22.684000  9.2429E-05
     490   22.689500  9.6083E-05
     491   22.695000  9.9711E-05
     492   22.700500  1.0329E-04
     493   22.706000  1.0681E-04
     494   22.711500  1.1025E-04
     495   22.717000  1.1358E-04
     496   22.722500  1.1679E-04
     497   22.728000  1.1987E-04
     498   22.733500  1.2279E-04
     499   22.739000  1.2555E-04
     500   22.744500  1.2813E-04
     501   22.750000  1.3051E-04
     502   22.755500  1.3270E-04
     503   22.761000  1.3467E-04
     504   22.766500  1.3642E-04
     505   22.772000  1.3795E-04
     506   22.777500  1.3925E-04
     507   22.783000  1.4032E-04
     508   22.788500  1.4117E-04
     509   22.794000  1.4179E-04
     510   22.799500  1.4219E-04
     511   22.805000  1.4237E-04
     512   22.810500  1.4235E-04
     513   22.816000  1.4213E-04
     514   22.821500  1.4173E-04
     515   22.827000  1.4116E-04
     516   22.832500  1.4043E-04
     517   22.838000  1.3957E-04
     518   22.843500  1.3859E-04
     519   22.849000  1.3750E-04
     520   22.854500  1.3633E-04
     521   22.860000  1.3510E-04
     522   22.865500  1.3382E-04
     523   22.871000  1.3252E-04
     524   22.876500  1.3121E-04
     525   22.882000  1.2992E-04
     526   22.887500  1.2866E-04
     527   22.893000  1.2745E-04
     528   22.898500  1.2631E-04
     529   22.904000  1.2525E-04
     530   22.909500  1.2429E-04
     531   22.915000  1.2344E-04
     532   22.920500  1.2270E-04
     533   22.926000  1.2210E-04
     534   22.931500  1.2162E-04
     535   22.937000  1.2129E-04
     536   22.942500  1.2109E-04
     537   22.948000  1.2104E-04
     538   22.953500  1.2113E-04
     539   22.959000  1.2135E-04
     540   22.964500  1.2170E-04
     541   22.970000  1.2218E-04
     542   22.975500  1.2276E-04
     543   22.981000  1.2345E-04
     544   22.986500  1.2423E-04
     545   22.992000  1.2509E-04
     546   22.997500  1.2600E-04
     547   23.003000  1.2696E-04
     548   23.008500  1.2795E-04
     549   23.014000  1.2895E-04
     550   23.019500  1.2994E-04
     551   23.025000  1.3091E-04
     552   23.030500  1.3184E-04
     553   23.036000  1.3272E-04
     554   23.041500  1.3352E-04
     555   23.047000  1.3423E-04
     556   23.052500  1.3484E-04
     557   23.058000  1.3533E-04
     558   23.063500  1.3570E-04
     559   23.069000  1.3592E-04
     560   23.074500  1.3601E-04
     561   23.080000  1.3593E-04
     562   23.085500  1.3570E-04
     563   23.091000  1.3530E-04
     564   23.096500  1.3474E-04
     565   23.102000  1.3402E-04
     566   23.107500  1.3312E-04
     567   23.113000  1.3207E-04
     568   23.118500  1.3086E-04
     569   23.124000  1.2950E-04
     570   23.129500  1.2799E-04
     571   23.135000  1.2635E-04
     572   23.140500  1.2459E-04
     573   23.146000  1.2271E-04
     574   23.151500  1.2072E-04
     575   23.157000  1.1864E-04
     576   23.162500  1.1649E-04
     577   23.168000  1.1426E-04
     578   23.173500  1.1198E-04
     579   23.179000  1.0966E-04
     580   23.184500  1.0731E-04
     581   23.190000  1.0494E-04
     582   23.195500  1.0256E-04
     583   23.201000  1.0019E-04
     584   23.206500  9.7835E-05
     585   23.212000  9.5501E-05
     586   23.217500  9.3199E-05
     587   23.223000  9.0936E-05
     588   23.228500  8.8719E-05
     589   23.234000  8.6553E-05
     590   23.239500  8.4442E-05
     591   23.245000  8.2389E-05
     592   23.250500  8.0397E-05
     593   23.256000  7.8466E-05
     594   23.261500  7.6598E-05
     595   23.267000  7.4791E-05
     596   23.272500  7.3043E-05
     597   23.278000  7.1354E-05
     598   23.283500  6.9720E-05
     599   23.289000  6.8137E-05
     600   23.294500  6.6602E-05
     601   23.300000  6.5111E-05
     602   23.305500  6.3659E-05
     603   23.311000  6.2241E-05
     604   23.316500  6.0853E-05
     605   23.322000  5.9491E-05
     606   23.327500  5.8149E-05
     607   23.333000  5.6823E-05
     608   23.338500  5.5509E-05
     609   23.344000  5.4202E-05
     610   23.349500  5.2900E-05
     611   23.355000  5.1599E-05
     612   23.360500  5.0296E-05
     613   23.366000  4.8989E-05
     614   23.371500  4.7677E-05
     615   23.377000  4.6357E-05
     616   23.382500  4.5029E-05
     617   23.388000  4.3692E-05
     618   23.393500  4.2347E-05
     619   23.399000  4.0994E-05
     620   23.404500  3.9635E-05
     621   23.410000  3.8269E-05
     622   23.415500  3.6899E-05
     623   23.421000  3.5528E-05
     624   23.426500  3.4156E-05
     625   23.432000  3.2788E-05
     626   23.437500  3.1424E-05
     627   23.443000  3.0068E-05
     628   23.448500  2.8724E-05
     629   23.454000  2.7393E-05
     630   23.459500  2.6079E-05
     631   23.465000  2.4784E-05
     632   23.470500  2.3512E-05
     633   23.476000  2.2265E-05
     634   23.481500  2.1045E-05
     635   23.487000  1.9855E-05
     636   23.492500  1.8698E-05
     637   23.498000  1.7575E-05
     638   23.503500  1.6488E-05
     639   23.509000  1.5438E-05
     640   23.514500  1.4427E-05
     641   23.520000  1.3456E-05
     642   23.525500  1.2526E-05
     643   23.531000  1.1637E-05
     644   23.536500  1.0790E-05
     645   23.542000  9.9845E-06
     646   23.547500  9.2206E-06
     647   23.553000  8.4980E-06
     648   23.558500  7.8163E-06
     649   23.564000  7.1746E-06
     650   23.569500  6.5722E-06
     651   23.575000  6.0082E-06
     652   23.580500  5.4813E-06
     653   23.586000  4.9903E-06
     654   23.591500  4.5340E-06
     655   23.597000  4.1110E-06
     656   23.602500  3.7197E-06
     657   23.608000  3.3587E-06
     658   23.613500  3.0264E-06
     659   23.619000  2.7213E-06
     660   23.624500  2.4419E-06
     661   23.630000  2.1867E-06
     662   23.635500  1.9540E-06
     663   23.641000  1.7424E-06
     664   23.646500  1.5505E-06
     665   23.652000  1.3769E-06
     666   23.657500  1.2201E-06
     667   23.663000  1.0790E-06
     668   23.668500  9.5215E-07
     669   23.674000  8.3849E-07
     670   23.679500  7.3687E-07
     671   23.685000  6.4623E-07
     672   23.690500  5.6560E-07
     673   23.696000  4.9403E-07
     674   23.701500  4.3069E-07
     675   23.707000  3.7475E-07
     676   23.712500  3.2551E-07
     677   23.718000  2.8227E-07
     678   23.723500  2.4443E-07
     679   23.729000  2.1142E-07
     680   23.734500  1.8274E-07
     681   23.740000  1.5793E-07
     682   23.745500  1.3659E-07
     683   23.751000  1.1836E-07
     684   23.756500  1.0291E-07
     685   23.762000  8.9981E-08
     686   23.767500  7.9332E-08
     687   23.773000  7.0770E-08
     688   23.778500  6.4139E-08
     689   23.784000  5.9319E-08
     690   23.789500  5.6225E-08
     691   23.795000  5.4810E-08
     692   23.800500  5.5062E-08
     693   23.806000  5.7006E-08
     694   23.811500  6.0704E-08
     695   23.817000  6.6260E-08
     696   23.822500  7.3817E-08
     697   23.828000  8.3562E-08
     698   23.833500  9.5732E-08
     699   23.839000  1.1061E-07
     700   23.844500  1.2854E-07
     701   23.850000  1.4993E-07
     702   23.855500  1.7523E-07
     703   23.861000  2.0499E-07
     704   23.866500  2.3983E-07
     705   23.872000  2.8046E-07
     706   23.877500  3.2766E-07
     707   23.883000  3.8235E-07
     708   23.888500  4.4554E-07
     709   23.894000  5.1837E-07
     710   23.899500  6.0212E-07
     711   23.905000  6.9819E-07
     712   23.910500  8.0818E-07
     713   23.916000  9.3383E-07
     714   23.921500  1.0771E-06
     715   23.927000  1.2400E-06
     716   23.932500  1.4250E-06
     717   23.938000  1.6347E-06
     718   23.943500  1.8717E-06
     719   23.949000  2.1393E-06
     720   23.954500  2.4406E-06
     721   23.960000  2.7793E-06
     722   23.965500  3.1592E-06
     723   23.971000  3.5846E-06
     724   23.976500  4.0600E-06
     725   23.982000  4.5901E-06
     726   23.987500  5.1801E-06
     727   23.993000  5.8356E-06
     728   23.998500  6.5622E-06
     729   24.004000  7.3662E-06
     730   24.009500  8.2541E-06
     731   24.015000  9.2326E-06
     732   24.020500  1.0309E-05
     733   24.026000  1.1491E-05
     734   24.031500  1.2785E-05
     735   24.037000  1.4201E-05
     736   24.042500  1.5747E-05
     737   24.048000  1.7430E-05
     738   24.053500  1.9260E-05
     739   24.059000  2.1245E-05
     740   24.064500  2.3395E-05
     741   24.070000  2.5718E-05
     742   24.075500  2.8225E-05
     743   24.081000  3.0923E-05
     744   24.086500  3.3822E-05
     745   24.092000  3.6930E-05
     746   24.097500  4.0257E-05
     747   24.103000  4.3811E-05
     748   24.108500  4.7599E-05
     749   24.114000  5.1630E-05
     750   24.119500  5.5910E-05
     751   24.125000  6.0446E-05
     752   24.130500  6.5243E-05
     753   24.136000  7.0307E-05
     754   24.141500  7.5643E-05
     755   24.147000  8.1252E-05
     756   24.152500  8.7139E-05
     757   24.158000  9.3304E-05
     758   24.163500  9.9748E-05
     759   24.169000  1.0647E-04
     760   24.174500  1.1347E-04
     761   24.180000  1.2074E-04
     762   24.185500  1.2828E-04
     763   24.191000  1.3608E-04
     764   24.196500  1.4413E-04
     765   24.202000  1.5243E-04
     766   24.207500  1.6097E-04
     767   24.213000  1.6973E-04
     768   24.218500  1.7871E-04
     769   24.224000  1.8788E-04
     770   24.229500  1.9724E-04
     771   24.235000  2.0676E-04
     772   24.240500  2.1643E-04
     773   24.246000  2.2623E-04
     774   24.251500  2.3614E-04
     775   24.257000  2.4613E-04
     776   24.262500  2.5619E-04
     777   24.268000  2.6630E-04
     778   24.273500  2.7642E-04
     779   24.279000  2.8654E-04
     780   24.284500  2.9662E-04
     781   24.290000  3.0665E-04
     782   24.295500  3.1660E-04
     783   24.301000  3.2644E-04
     784   24.306500  3.3614E-04
     785   24.312000  3.4568E-04
     786   24.317500  3.5504E-04
     787   24.323000  3.6418E-04
     788   24.328500  3.7308E-04
     789   24.334000  3.8171E-04
     790   24.339500  3.9005E-04
     791   24.345000  3.9808E-04
     792   24.350500  4.0577E-04
     793   24.356000  4.1310E-04
     794   24.361500  4.2004E-04
     795   24.367000  4.2658E-04
     796   24.372500  4.3269E-04
     797   24.378000  4.3836E-04
     798   24.383500  4.4356E-04
     799   24.389000  4.4829E-04
     800   24.394500  4.5252E-04
     801   24.400000  4.5624E-04
     802   24.405500  4.5944E-04
     803   24.411000  4.6211E-04
     804   24.416500  4.6423E-04
     805   24.422000  4.6581E-04
     806   24.427500  4.6682E-04
     807   24.433000  4.6728E-04
     808   24.438500  4.6717E-04
     809   24.444000  4.6650E-04
     810   24.449500  4.6526E-04
     811   24.455000  4.6346E-04
     812   24.460500  4.6110E-04
     813   24.466000  4.5819E-04
     814   24.471500  4.5474E-04
     815   24.477000  4.5075E-04
     816   24.482500  4.4624E-04
     817   24.488000  4.4122E-04
     818   24.493500  4.3570E-04
     819   24.499000  4.2970E-04
     820   24.504500  4.2324E-04
     821   24.510000  4.1634E-04
     822   24.515500  4.0902E-04
     823   24.521000  4.0130E-04
     824   24.526500  3.9321E-04
     825   24.532000  3.8477E-04
     826   24.537500  3.7600E-04
     827   24.543000  3.6694E-04
     828   24.548500  3.5760E-04
     829   24.554000  3.4803E-04
     830   24.559500  3.3824E-04
     831   24.565000  3.2827E-04
     832   24.570500  3.1814E-04
     833   24.576000  3.0789E-04
     834   24.581500  2.9754E-04
     835   24.587000  2.8713E-04
     836   24.592500  2.7667E-04
     837   24.598000  2.6621E-04
     838   24.603500  2.5577E-04
     839   24.609000  2.4537E-04
     840   24.614500  2.3504E-04
     841   24.620000  2.2481E-04
     842   24.625500  2.1470E-04
     843   24.631000  2.0473E-04
     844   24.636500  1.9492E-04
     845   24.642000  1.8529E-04
     846   24.647500  1.7586E-04
     847   24.653000  1.6666E-04
     848   24.658500  1.5768E-04
     849   24.664000  1.4895E-04
     850   24.669500  1.4048E-04
     851   24.675000  1.3228E-04
     852   24.680500  1.2435E-04
     853   24.686000  1.1671E-04
     854   24.691500  1.0936E-04
     855   24.697000  1.0230E-04
     856   24.702500  9.5542E-05
     857   24.708000  8.9080E-05
     858   24.713500  8.2916E-05
     859   24.719000  7.7049E-05
     860   24.724500  7.1475E-05
     861   24.730000  6.6192E-05
     862   24.735500  6.1195E-05
     863   24.741000  5.6478E-05
     864   24.746500  5.2034E-05
     865   24.752000  4.7857E-05
     866   24.757500  4.3938E-05
     867   24.763000  4.0270E-05
     868   24.768500  3.6843E-05
     869   24.774000  3.3648E-05
     870   24.779500  3.0676E-05
     871   24.785000  2.7916E-05
     872   24.790500  2.5360E-05
     873   24.796000  2.2996E-05
     874   24.801500  2.0814E-05
     875   24.807000  1.8806E-05
     876   24.812500  1.6961E-05
     877   24.818000  1.5268E-05
     878   24.823500  1.3720E-05
     879   24.829000  1.2305E-05
     880   24.834500  1.1017E-05
     881   24.840000  9.8445E-06
     882   24.845500  8.7808E-06
     883   24.851000  7.8174E-06
     884   24.856500  6.9467E-06
     885   24.862000  6.1614E-06
     886   24.867500  5.4546E-06
     887   24.873000  4.8197E-06
     888   24.878500  4.2507E-06
     889   24.884000  3.7417E-06
     890   24.889500  3.2874E-06
     891   24.895000  2.8827E-06
     892   24.900500  2.5230E-06
     893   24.906000  2.2040E-06
     894   24.911500  1.9215E-06
     895   24.917000  1.6720E-06
     896   24.922500  1.4521E-06
     897   24.928000  1.2587E-06
     898   24.933500  1.0889E-06
     899   24.939000  9.4019E-07
     900   24.944500  8.1018E-07
     901   24.950000  6.9678E-07
     902   24.955500  5.9808E-07
     903   24.961000  5.1234E-07
     904   24.966500  4.3803E-07
     905   24.972000  3.7375E-07
     906   24.977500  3.1828E-07
     907   24.983000  2.7050E-07
     908   24.988500  2.2943E-07
     909   24.994000  1.9421E-07
     910   24.999500  1.6407E-07
     911   25.005000  1.3832E-07
     912   25.010500  1.1639E-07
     913   25.016000  9.7731E-08
     914   25.021500  8.1900E-08
     915   25.027000  6.8495E-08
     916   25.032500  5.7168E-08
     917   25.038000  4.7618E-08
     918   25.043500  3.9583E-08
     919   25.049000  3.2836E-08
     920   25.054500  2.7184E-08
     921   25.060000  2.2459E-08
     922   25.065500  1.8517E-08
     923   25.071000  1.5236E-08
     924   25.076500  1.2511E-08
     925   25.082000  1.0252E-08
     926   25.087500  8.3836E-09
     927   25.093000  6.8416E-09
     928   25.098500  5.5718E-09
     929   25.104000  4.5283E-09
     930   25.109500  3.6726E-09
     931   25.115000  2.9724E-09
     932   25.120500  2.4008E-09
     933   25.126000  1.9351E-09
     934   25.131500  1.5565E-09
     935   25.137000  1.2493E-09
     936   25.142500  1.0007E-09
     937   25.148000  7.9990E-10
     938   25.153500  6.3805E-10
     939   25.159000  5.0789E-10
     940   25.164500  4.0344E-10
     941   25.170000  3.1980E-10
     942   25.175500  2.5297E-10
     943   25.181000  1.9969E-10
     944   25.186500  1.5730E-10
     945   25.192000  1.2365E-10
     946   25.197500  9.6990E-11
     947   25.203000  7.5920E-11
     948   25.208500  5.9303E-11
     949   25.214000  4.6225E-11
     950   25.219500  3.5956E-11
     951   25.225000  2.7909E-11
     952   25.230500  2.1617E-11
     953   25.236000  1.6708E-11
     954   25.241500  1.2887E-11
     955   25.247000  9.9188E-12
     956   25.252500  7.6180E-12
     957   25.258000  5.8385E-12
     958   25.263500  4.4651E-12
     959   25.269000  3.4075E-12
     960   25.274500  2.5948E-12
     961   25.280000  1.9718E-12
     962   25.285500  1.4951E-12
     963   25.291000  1.1312E-12
     964   25.296500  8.5400E-13
     965   25.302000  6.4333E-13
     966   25.307500  4.8356E-13
     967   25.313000  3.6266E-13
     968   25.318500  2.7137E-13
     969   25.324000  2.0259E-13
     970   25.329500  1.5089E-13
     971   25.335000  1.1210E-13
     972   25.340500  8.3079E-14
     973   25.346000  6.1410E-14
     974   25.351500  4.5281E-14
     975   25.357000  3.3342E-14
     976   25.362500  2.4490E-14
     977   25.368000  1.7933E-14
     978   25.373500  1.3080E-14
     979   25.379000  9.4757E-15
     980   25.384500  6.8197E-15
     981   25.390000  4.8715E-15
     982   25.395500  3.4484E-15
     983   25.401000  2.4144E-15
     984   25.406500  1.6674E-15
     985   25.412000  1.1311E-15
     986   25.417500  7.4940E-16
     987   25.423000  4.8078E-16
     988   25.428500  2.9474E-16
     989   25.434000  1.6979E-16
     990   25.439500  8.8127E-17
     991   25.445000  3.7245E-17
     992   25.450500  9.0006E-18
     993   25.456000  0.0000E+00
     994   25.461500  0.0000E+00
     995   25.467000  0.0000E+00
     996   25.472500  0.0000E+00
     997   25.478000  0.0000E+00
     998   25.483500  0.0000E+00
     999   25.489000  0.0000E+00
    1000   25.494500  0.0000E+00
    1001   25.500000  0.0000E+00
    1002   25.505500  0.0000E+00
    1003   25.511000  0.0000E+00
    1004   25.516500  0.0000E+00
    1005   25.522000  0.0000E+00
    1006   25.527500  0.0000E+00
    1007   25.533000  0.0000E+00
    1008   25.538500  0.0000E+00
    1009   25.544000  0.0000E+00
    1010   25.549500  0.0000E+00
    1011   25.555000  0.0000E+00
    1012   25.560500  0.0000E+00
    1013   25.566000  0.0000E+00
    1014   25.571500  0.0000E+00
    1015   25.577000  0.0000E+00
    1016   25.582500  0.0000E+00
    1017   25.588000  0.0000E+00
    1018   25.593500  0.0000E+00
    1019   25.599000  0.0000E+00
    1020   25.604500  0.0000E+00
    1021   25.610000  0.0000E+00
    1022   25.615500  0.0000E+00
    1023   25.621000  0.0000E+00
    1024   25.626500  0.0000E+00
    1025   25.632000  0.0000E+00
    1026   25.637500  0.0000E+00
    1027   25.643000  0.0000E+00
    1028   25.648500  0.0000E+00
    1029   25.654000  0.0000E+00
    1030   25.659500  0.0000E+00
    1031   25.665000  0.0000E+00
    1032   25.670500  0.0000E+00
    1033   25.676000  0.0000E+00
    1034   25.681500  0.0000E+00
    1035   25.687000  0.0000E+00
    1036   25.692500  0.0000E+00
    1037   25.698000  0.0000E+00
    1038   25.703500  0.0000E+00
    1039   25.709000  0.0000E+00
    1040   25.714500  0.0000E+00
    1041   25.720000  0.0000E+00
    1042   25.725500  0.0000E+00
    1043   25.731000  0.0000E+00
    1044   25.736500  0.0000E+00
    1045   25.742000  0.0000E+00
    1046   25.747500  0.0000E+00
    1047   25.753000  0.0000E+00
    1048   25.758500  0.0000E+00
    1049   25.764000  0.0000E+00
    1050   25.769500  0.0000E+00
    1051   25.775000  0.0000E+00
    1052   25.780500  0.0000E+00
    1053   25.786000  0.0000E+00
    1054   25.791500  0.0000E+00
    1055   25.797000  0.0000E+00
    1056   25.802500  0.0000E+00
    1057   25.808000  0.0000E+00
    1058   25.813500  0.0000E+00
    1059   25.819000  0.0000E+00
    1060   25.824500  0.0000E+00
    1061   25.830000  0.0000E+00
    1062   25.835500  0.0000E+00
    1063   25.841000  0.0000E+00
    1064   25.846500  0.0000E+00
    1065   25.852000  0.0000E+00
    1066   25.857500  0.0000E+00
    1067   25.863000  0.0000E+00
    1068   25.868500  0.0000E+00
    1069   25.874000  0.0000E+00
    1070   25.879500  0.0000E+00
    1071   25.885000  0.0000E+00
    1072   25.890500  0.0000E+00
    1073   25.896000  0.0000E+00
    1074   25.901500  0.0000E+00
    1075   25.907000  0.0000E+00
    1076   25.912500  0.0000E+00
    1077   25.918000  0.0000E+00
    1078   25.923500  0.0000E+00
    1079   25.929000  0.0000E+00
    1080   25.934500  0.0000E+00
    1081   25.940000  0.0000E+00
    1082   25.945500  0.0000E+00
    1083   25.951000  0.0000E+00
    1084   25.956500  0.0000E+00
    1085   25.962000  0.0000E+00
    1086   25.967500  0.0000E+00
    1087   25.973000  0.0000E+00
    1088   25.978500  0.0000E+00
    1089   25.984000  0.0000E+00
    1090   25.989500  0.0000E+00
    1091   25.995000  0.0000E+00
    1092   26.000500  0.0000E+00
    1093   26.006000  0.0000E+00
    1094   26.011500  0.0000E+00
    1095   26.017000  0.0000E+00
    1096   26.022500  0.0000E+00
    1097   26.028000  0.0000E+00
    1098   26.033500  0.0000E+00
    1099   26.039000  0.0000E+00
    1100   26.044500  0.0000E+00
    1101   26.050000  0.0000E+00
    1102   26.055500  0.0000E+00
    1103   26.061000  0.0000E+00
    1104   26.066500  0.0000E+00
    1105   26.072000  0.0000E+00
    1106   26.077500  0.0000E+00
    1107   26.083000  0.0000E+00
    1108   26.088500  0.0000E+00
    1109   26.094000  0.0000E+00
    1110   26.099500  0.0000E+00
    1111   26.105000  0.0000E+00
    1112   26.110500  0.0000E+00
    1113   26.116000  0.0000E+00
    1114   26.121500  0.0000E+00
    1115   26.127000  0.0000E+00
    1116   26.132500  0.0000E+00
    1117   26.138000  0.0000E+00
    1118   26.143500  0.0000E+00
    1119   26.149000  0.0000E+00
    1120   26.154500  0.0000E+00
    1121   26.160000  0.0000E+00
    1122   26.165500  0.0000E+00
    1123   26.171000  0.0000E+00
    1124   26.176500  0.0000E+00
    1125   26.182000  0.0000E+00
    1126   26.187500  0.0000E+00
    1127   26.193000  0.0000E+00
    1128   26.198500  0.0000E+00
    1129   26.204000  0.0000E+00
    1130   26.209500  0.0000E+00
    1131   26.215000  0.0000E+00
    1132   26.220500  0.0000E+00
    1133   26.226000  0.0000E+00
    1134   26.231500  0.0000E+00
    1135   26.237000  0.0000E+00
    1136   26.242500  0.0000E+00
    1137   26.248000  0.0000E+00
    1138   26.253500  0.0000E+00
    1139   26.259000  0.0000E+00
    1140   26.264500  0.0000E+00
    1141   26.270000  0.0000E+00
    1142   26.275500  0.0000E+00
    1143   26.281000  0.0000E+00
    1144   26.286500  0.0000E+00
    1145   26.292000  0.0000E+00
    1146   26.297500  0.0000E+00
    1147   26.303000  0.0000E+00
    1148   26.308500  0.0000E+00
    1149   26.314000  0.0000E+00
    1150   26.319500  0.0000E+00
    1151   26.325000  0.0000E+00
    1152   26.330500  0.0000E+00
    1153   26.336000  0.0000E+00
    1154   26.341500  0.0000E+00
    1155   26.347000  0.0000E+00
    1156   26.352500  0.0000E+00
    1157   26.358000  0.0000E+00
    1158   26.363500  0.0000E+00
    1159   26.369000  0.0000E+00
    1160   26.374500  0.0000E+00
    1161   26.380000  0.0000E+00
    1162   26.385500  0.0000E+00
    1163   26.391000  0.0000E+00
    1164   26.396500  0.0000E+00
    1165   26.402000  0.0000E+00
    1166   26.407500  0.0000E+00
    1167   26.413000  0.0000E+00
    1168   26.418500  0.0000E+00
    1169   26.424000  0.0000E+00
    1170   26.429500  0.0000E+00
    1171   26.435000  0.0000E+00
    1172   26.440500  0.0000E+00
    1173   26.446000  0.0000E+00
    1174   26.451500  0.0000E+00
    1175   26.457000  0.0000E+00
    1176   26.462500  0.0000E+00
    1177   26.468000  0.0000E+00
    1178   26.473500  0.0000E+00
    1179   26.479000  0.0000E+00
    1180   26.484500  0.0000E+00
    1181   26.490000  0.0000E+00
    1182   26.495500  0.0000E+00
    1183   26.501000  0.0000E+00
    1184   26.506500  0.0000E+00
    1185   26.512000  0.0000E+00
    1186   26.517500  0.0000E+00
    1187   26.523000  0.0000E+00
    1188   26.528500  0.0000E+00
    1189   26.534000  0.0000E+00
    1190   26.539500  0.0000E+00
    1191   26.545000  0.0000E+00
    1192   26.550500  0.0000E+00
    1193   26.556000  0.0000E+00
    1194   26.561500  0.0000E+00
    1195   26.567000  0.0000E+00
    1196   26.572500  0.0000E+00
    1197   26.578000  0.0000E+00
    1198   26.583500  0.0000E+00
    1199   26.589000  0.0000E+00
    1200   26.594500  0.0000E+00
    1201   26.600000  0.0000E+00
    1202   26.605500  0.0000E+00
    1203   26.611000  0.0000E+00
    1204   26.616500  0.0000E+00
    1205   26.622000  0.0000E+00
    1206   26.627500  0.0000E+00
    1207   26.633000  0.0000E+00
    1208   26.638500  0.0000E+00
    1209   26.644000  0.0000E+00
    1210   26.649500  0.0000E+00
    1211   26.655000  0.0000E+00
    1212   26.660500  0.0000E+00
    1213   26.666000  0.0000E+00
    1214   26.671500  0.0000E+00
    1215   26.677000  0.0000E+00
    1216   26.682500  0.0000E+00
    1217   26.688000  0.0000E+00
    1218   26.693500  0.0000E+00
    1219   26.699000  0.0000E+00
    1220   26.704500  0.0000E+00
    1221   26.710000  0.0000E+00
    1222   26.715500  0.0000E+00
    1223   26.721000  0.0000E+00
    1224   26.726500  0.0000E+00
    1225   26.732000  0.0000E+00
    1226   26.737500  0.0000E+00
    1227   26.743000  0.0000E+00
    1228   26.748500  0.0000E+00
    1229   26.754000  0.0000E+00
    1230   26.759500  0.0000E+00
    1231   26.765000  0.0000E+00
    1232   26.770500  0.0000E+00
    1233   26.776000  0.0000E+00
    1234   26.781500  0.0000E+00
    1235   26.787000  0.0000E+00
    1236   26.792500  0.0000E+00
    1237   26.798000  0.0000E+00
    1238   26.803500  0.0000E+00
    1239   26.809000  0.0000E+00
    1240   26.814500  0.0000E+00
    1241   26.820000  0.0000E+00
    1242   26.825500  0.0000E+00
    1243   26.831000  0.0000E+00
    1244   26.836500  0.0000E+00
    1245   26.842000  0.0000E+00
    1246   26.847500  0.0000E+00
    1247   26.853000  0.0000E+00
    1248   26.858500  0.0000E+00
    1249   26.864000  0.0000E+00
    1250   26.869500  0.0000E+00
    1251   26.875000  0.0000E+00
    1252   26.880500  0.0000E+00
    1253   26.886000  0.0000E+00
    1254   26.891500  0.0000E+00
    1255   26.897000  0.0000E+00
    1256   26.902500  0.0000E+00
    1257   26.908000  0.0000E+00
    1258   26.913500  0.0000E+00
    1259   26.919000  0.0000E+00
    1260   26.924500  0.0000E+00
    1261   26.930000  0.0000E+00
    1262   26.935500  0.0000E+00
    1263   26.941000  0.0000E+00
    1264   26.946500  0.0000E+00
    1265   26.952000  0.0000E+00
    1266   26.957500  0.0000E+00
    1267   26.963000  0.0000E+00
    1268   26.968500  0.0000E+00
    1269   26.974000  0.0000E+00
    1270   26.979500  0.0000E+00
    1271   26.985000  0.0000E+00
    1272   26.990500  0.0000E+00
    1273   26.996000  0.0000E+00
    1274   27.001500  0.0000E+00
    1275   27.007000  0.0000E+00
    1276   27.012500  0.0000E+00
    1277   27.018000  0.0000E+00
    1278   27.023500  0.0000E+00
    1279   27.029000  0.0000E+00
    1280   27.034500  0.0000E+00
    1281   27.040000  0.0000E+00
    1282   27.045500  0.0000E+00
    1283   27.051000  0.0000E+00
    1284   27.056500  0.0000E+00
    1285   27.062000  0.0000E+00
    1286   27.067500  0.0000E+00
    1287   27.073000  0.0000E+00
    1288   27.078500  0.0000E+00
    1289   27.084000  0.0000E+00
    1290   27.089500  0.0000E+00
    1291   27.095000  0.0000E+00
    1292   27.100500  0.0000E+00
    1293   27.106000  0.0000E+00
    1294   27.111500  0.0000E+00
    1295   27.117000  0.0000E+00
    1296   27.122500  0.0000E+00
    1297   27.128000  0.0000E+00
    1298   27.133500  0.0000E+00
    1299   27.139000  0.0000E+00
    1300   27.144500  0.0000E+00
    1301   27.150000  0.0000E+00
    1302   27.155500  0.0000E+00
    1303   27.161000  0.0000E+00
    1304   27.166500  0.0000E+00
    1305   27.172000  0.0000E+00
    1306   27.177500  0.0000E+00
    1307   27.183000  0.0000E+00
    1308   27.188500  0.0000E+00
    1309   27.194000  0.0000E+00
    1310   27.199500  0.0000E+00
    1311   27.205000  0.0000E+00
    1312   27.210500  0.0000E+00
    1313   27.216000  0.0000E+00
    1314   27.221500  0.0000E+00
    1315   27.227000  0.0000E+00
    1316   27.232500  0.0000E+00
    1317   27.238000  0.0000E+00
    1318   27.243500  0.0000E+00
    1319   27.249000  0.0000E+00
    1320   27.254500  0.0000E+00
    1321   27.260000  0.0000E+00
    1322   27.265500  0.0000E+00
    1323   27.271000  0.0000E+00
    1324   27.276500  0.0000E+00
    1325   27.282000  0.0000E+00
    1326   27.287500  0.0000E+00
    1327   27.293000  0.0000E+00
    1328   27.298500  0.0000E+00
    1329   27.304000  0.0000E+00
    1330   27.309500  0.0000E+00
    1331   27.315000  0.0000E+00
    1332   27.320500  0.0000E+00
    1333   27.326000  0.0000E+00
    1334   27.331500  0.0000E+00
    1335   27.337000  0.0000E+00
    1336   27.342500  0.0000E+00
    1337   27.348000  0.0000E+00
    1338   27.353500  0.0000E+00
    1339   27.359000  0.0000E+00
    1340   27.364500  0.0000E+00
    1341   27.370000  0.0000E+00
    1342   27.375500  0.0000E+00
    1343   27.381000  0.0000E+00
    1344   27.386500  0.0000E+00
    1345   27.392000  0.0000E+00
    1346   27.397500  0.0000E+00
    1347   27.403000  0.0000E+00
    1348   27.408500  0.0000E+00
    1349   27.414000  0.0000E+00
    1350   27.419500  0.0000E+00
    1351   27.425000  0.0000E+00
    1352   27.430500  0.0000E+00
    1353   27.436000  0.0000E+00
    1354   27.441500  0.0000E+00
    1355   27.447000  0.0000E+00
    1356   27.452500  0.0000E+00
    1357   27.458000  0.0000E+00
    1358   27.463500  0.0000E+00
    1359   27.469000  0.0000E+00
    1360   27.474500  0.0000E+00
    1361   27.480000  0.0000E+00
    1362   27.485500  0.0000E+00
    1363   27.491000  0.0000E+00
    1364   27.496500  0.0000E+00
    1365   27.502000  0.0000E+00
    1366   27.507500  0.0000E+00
    1367   27.513000  0.0000E+00
    1368   27.518500  0.0000E+00
    1369   27.524000  0.0000E+00
    1370   27.529500  0.0000E+00
    1371   27.535000  0.0000E+00
    1372   27.540500  0.0000E+00
    1373   27.546000  0.0000E+00
    1374   27.551500  0.0000E+00
    1375   27.557000  0.0000E+00
    1376   27.562500  0.0000E+00
    1377   27.568000  0.0000E+00
    1378   27.573500  0.0000E+00
    1379   27.579000  0.0000E+00
    1380   27.584500  0.0000E+00
    1381   27.590000  0.0000E+00
    1382   27.595500  0.0000E+00
    1383   27.601000  0.0000E+00
    1384   27.606500  0.0000E+00
    1385   27.612000  0.0000E+00
    1386   27.617500  0.0000E+00
    1387   27.623000  0.0000E+00
    1388   27.628500  0.0000E+00
    1389   27.634000  0.0000E+00
    1390   27.639500  0.0000E+00
    1391   27.645000  0.0000E+00
    1392   27.650500  0.0000E+00
    1393   27.656000  0.0000E+00
    1394   27.661500  0.0000E+00
    1395   27.667000  0.0000E+00
    1396   27.672500  0.0000E+00
    1397   27.678000  0.0000E+00
    1398   27.683500  0.0000E+00
    1399   27.689000  0.0000E+00
    1400   27.694500  0.0000E+00
    1401   27.700000  0.0000E+00
    1402   27.705500  0.0000E+00
    1403   27.711000  0.0000E+00
    1404   27.716500  0.0000E+00
    1405   27.722000  0.0000E+00
    1406   27.727500  0.0000E+00
    1407   27.733000  0.0000E+00
    1408   27.738500  0.0000E+00
    1409   27.744000  0.0000E+00
    1410   27.749500  0.0000E+00
    1411   27.755000  0.0000E+00
    1412   27.760500  0.0000E+00
    1413   27.766000  0.0000E+00
    1414   27.771500  0.0000E+00
    1415   27.777000  0.0000E+00
    1416   27.782500  0.0000E+00
    1417   27.788000  0.0000E+00
    1418   27.793500  0.0000E+00
    1419   27.799000  0.0000E+00
    1420   27.804500  0.0000E+00
    1421   27.810000  0.0000E+00
    1422   27.815500  0.0000E+00
    1423   27.821000  0.0000E+00
    1424   27.826500  0.0000E+00
    1425   27.832000  0.0000E+00
    1426   27.837500  0.0000E+00
    1427   27.843000  0.0000E+00
    1428   27.848500  0.0000E+00
    1429   27.854000  0.0000E+00
    1430   27.859500  0.0000E+00
    1431   27.865000  0.0000E+00
    1432   27.870500  0.0000E+00
    1433   27.876000  0.0000E+00
    1434   27.881500  0.0000E+00
    1435   27.887000  0.0000E+00
    1436   27.892500  0.0000E+00
    1437   27.898000  0.0000E+00
    1438   27.903500  0.0000E+00
    1439   27.909000  0.0000E+00
    1440   27.914500  0.0000E+00
    1441   27.920000  0.0000E+00
    1442   27.925500  0.0000E+00
    1443   27.931000  0.0000E+00
    1444   27.936500  0.0000E+00
    1445   27.942000  0.0000E+00
    1446   27.947500  0.0000E+00
    1447   27.953000  0.0000E+00
    1448   27.958500  0.0000E+00
    1449   27.964000  0.0000E+00
    1450   27.969500  0.0000E+00
    1451   27.975000  0.0000E+00
    1452   27.980500  0.0000E+00
    1453   27.986000  0.0000E+00
    1454   27.991500  0.0000E+00
    1455   27.997000  0.0000E+00
    1456   28.002500  0.0000E+00
    1457   28.008000  0.0000E+00
    1458   28.013500  0.0000E+00
    1459   28.019000  0.0000E+00
    1460   28.024500  0.0000E+00
    1461   28.030000  0.0000E+00
    1462   28.035500  0.0000E+00
    1463   28.041000  0.0000E+00
    1464   28.046500  0.0000E+00
    1465   28.052000  0.0000E+00
    1466   28.057500  0.0000E+00
    1467   28.063000  0.0000E+00
    1468   28.068500  0.0000E+00
    1469   28.074000  0.0000E+00
    1470   28.079500  0.0000E+00
    1471   28.085000  0.0000E+00
    1472   28.090500  0.0000E+00
    1473   28.096000  0.0000E+00
    1474   28.101500  0.0000E+00
    1475   28.107000  0.0000E+00
    1476   28.112500  0.0000E+00
    1477   28.118000  0.0000E+00
    1478   28.123500  0.0000E+00
    1479   28.129000  0.0000E+00
    1480   28.134500  0.0000E+00
    1481   28.140000  0.0000E+00
    1482   28.145500  0.0000E+00
    1483   28.151000  0.0000E+00
    1484   28.156500  0.0000E+00
    1485   28.162000  0.0000E+00
    1486   28.167500  0.0000E+00
    1487   28.173000  0.0000E+00
    1488   28.178500  0.0000E+00
    1489   28.184000  0.0000E+00
    1490   28.189500  0.0000E+00
    1491   28.195000  0.0000E+00
    1492   28.200500  0.0000E+00
    1493   28.206000  0.0000E+00
    1494   28.211500  0.0000E+00
    1495   28.217000  0.0000E+00
    1496   28.222500  0.0000E+00
    1497   28.228000  0.0000E+00
    1498   28.233500  0.0000E+00
    1499   28.239000  0.0000E+00
    1500   28.244500  0.0000E+00
    1501   28.250000  0.0000E+00
    1502   28.255500  0.0000E+00
    1503   28.261000  0.0000E+00
    1504   28.266500  0.0000E+00
    1505   28.272000  0.0000E+00
    1506   28.277500  0.0000E+00
    1507   28.283000  0.0000E+00
    1508   28.288500  0.0000E+00
    1509   28.294000  0.0000E+00
    1510   28.299500  0.0000E+00
    1511   28.305000  0.0000E+00
    1512   28.310500  0.0000E+00
    1513   28.316000  0.0000E+00
    1514   28.321500  0.0000E+00
    1515   28.327000  0.0000E+00
    1516   28.332500  0.0000E+00
    1517   28.338000  0.0000E+00
    1518   28.343500  0.0000E+00
    1519   28.349000  0.0000E+00
    1520   28.354500  0.0000E+00
    1521   28.360000  0.0000E+00
    1522   28.365500  0.0000E+00
    1523   28.371000  0.0000E+00
    1524   28.376500  0.0000E+00
    1525   28.382000  0.0000E+00
    1526   28.387500  0.0000E+00
    1527   28.393000  0.0000E+00
    1528   28.398500  0.0000E+00
    1529   28.404000  0.0000E+00
    1530   28.409500  0.0000E+00
    1531   28.415000  0.0000E+00
    1532   28.420500  0.0000E+00
    1533   28.426000  0.0000E+00
    1534   28.431500  0.0000E+00
    1535   28.437000  0.0000E+00
    1536   28.442500  0.0000E+00
    1537   28.448000  0.0000E+00
    1538   28.453500  0.0000E+00
    1539   28.459000  0.0000E+00
    1540   28.464500  0.0000E+00
    1541   28.470000  0.0000E+00
    1542   28.475500  0.0000E+00
    1543   28.481000  0.0000E+00
    1544   28.486500  0.0000E+00
    1545   28.492000  0.0000E+00
    1546   28.497500  0.0000E+00
    1547   28.503000  0.0000E+00
    1548   28.508500  0.0000E+00
    1549   28.514000  0.0000E+00
    1550   28.519500  0.0000E+00
    1551   28.525000  0.0000E+00
    1552   28.530500  0.0000E+00
    1553   28.536000  0.0000E+00
    1554   28.541500  0.0000E+00
    1555   28.547000  0.0000E+00
    1556   28.552500  0.0000E+00
    1557   28.558000  0.0000E+00
    1558   28.563500  0.0000E+00
    1559   28.569000  0.0000E+00
    1560   28.574500  0.0000E+00
    1561   28.580000  0.0000E+00
    1562   28.585500  0.0000E+00
    1563   28.591000  0.0000E+00
    1564   28.596500  0.0000E+00
    1565   28.602000  0.0000E+00
    1566   28.607500  0.0000E+00
    1567   28.613000  0.0000E+00
    1568   28.618500  0.0000E+00
    1569   28.624000  0.0000E+00
    1570   28.629500  0.0000E+00
    1571   28.635000  0.0000E+00
    1572   28.640500  0.0000E+00
    1573   28.646000  0.0000E+00
    1574   28.651500  0.0000E+00
    1575   28.657000  0.0000E+00
    1576   28.662500  0.0000E+00
    1577   28.668000  0.0000E+00
    1578   28.673500  0.0000E+00
    1579   28.679000  0.0000E+00
    1580   28.684500  0.0000E+00
    1581   28.690000  0.0000E+00
    1582   28.695500  0.0000E+00
    1583   28.701000  0.0000E+00
    1584   28.706500  0.0000E+00
    1585   28.712000  0.0000E+00
    1586   28.717500  0.0000E+00
    1587   28.723000  0.0000E+00
    1588   28.728500  0.0000E+00
    1589   28.734000  0.0000E+00
    1590   28.739500  0.0000E+00
    1591   28.745000  0.0000E+00
    1592   28.750500  0.0000E+00
    1593   28.756000  0.0000E+00
    1594   28.761500  0.0000E+00
    1595   28.767000  0.0000E+00
    1596   28.772500  0.0000E+00
    1597   28.778000  0.0000E+00
    1598   28.783500  0.0000E+00
    1599   28.789000  0.0000E+00
    1600   28.794500  0.0000E+00
    1601   28.800000  0.0000E+00
    1602   28.805500  0.0000E+00
    1603   28.811000  0.0000E+00
    1604   28.816500  0.0000E+00
    1605   28.822000  0.0000E+00
    1606   28.827500  0.0000E+00
    1607   28.833000  0.0000E+00
    1608   28.838500  0.0000E+00
    1609   28.844000  0.0000E+00
    1610   28.849500  0.0000E+00
    1611   28.855000  0.0000E+00
    1612   28.860500  0.0000E+00
    1613   28.866000  0.0000E+00
    1614   28.871500  0.0000E+00
    1615   28.877000  0.0000E+00
    1616   28.882500  0.0000E+00
    1617   28.888000  0.0000E+00
    1618   28.893500  0.0000E+00
    1619   28.899000  0.0000E+00
    1620   28.904500  0.0000E+00
    1621   28.910000  0.0000E+00
    1622   28.915500  0.0000E+00
    1623   28.921000  0.0000E+00
    1624   28.926500  0.0000E+00
    1625   28.932000  0.0000E+00
    1626   28.937500  0.0000E+00
    1627   28.943000  0.0000E+00
    1628   28.948500  0.0000E+00
    1629   28.954000  0.0000E+00
    1630   28.959500  0.0000E+00
    1631   28.965000  0.0000E+00
    1632   28.970500  0.0000E+00
    1633   28.976000  0.0000E+00
    1634   28.981500  0.0000E+00
    1635   28.987000  0.0000E+00
    1636   28.992500  0.0000E+00
    1637   28.998000  0.0000E+00
    1638   29.003500  0.0000E+00
    1639   29.009000  0.0000E+00
    1640   29.014500  0.0000E+00
    1641   29.020000  0.0000E+00
    1642   29.025500  0.0000E+00
    1643   29.031000  0.0000E+00
    1644   29.036500  0.0000E+00
    1645   29.042000  0.0000E+00
    1646   29.047500  0.0000E+00
    1647   29.053000  0.0000E+00
    1648   29.058500  0.0000E+00
    1649   29.064000  0.0000E+00
    1650   29.069500  0.0000E+00
    1651   29.075000  0.0000E+00
    1652   29.080500  0.0000E+00
    1653   29.086000  0.0000E+00
    1654   29.091500  0.0000E+00
    1655   29.097000  0.0000E+00
    1656   29.102500  0.0000E+00
    1657   29.108000  0.0000E+00
    1658   29.113500  0.0000E+00
    1659   29.119000  0.0000E+00
    1660   29.124500  0.0000E+00
    1661   29.130000  0.0000E+00
    1662   29.135500  0.0000E+00
    1663   29.141000  0.0000E+00
    1664   29.146500  0.0000E+00
    1665   29.152000  0.0000E+00
    1666   29.157500  0.0000E+00
    1667   29.163000  0.0000E+00
    1668   29.168500  0.0000E+00
    1669   29.174000  0.0000E+00
    1670   29.179500  0.0000E+00
    1671   29.185000  0.0000E+00
    1672   29.190500  0.0000E+00
    1673   29.196000  0.0000E+00
    1674   29.201500  0.0000E+00
    1675   29.207000  0.0000E+00
    1676   29.212500  0.0000E+00
    1677   29.218000  0.0000E+00
    1678   29.223500  0.0000E+00
    1679   29.229000  0.0000E+00
    1680   29.234500  0.0000E+00
    1681   29.240000  0.0000E+00
    1682   29.245500  0.0000E+00
    1683   29.251000  0.0000E+00
    1684   29.256500  0.0000E+00
    1685   29.262000  0.0000E+00
    1686   29.267500  0.0000E+00
    1687   29.273000  0.0000E+00
    1688   29.278500  0.0000E+00
    1689   29.284000  0.0000E+00
    1690   29.289500  0.0000E+00
    1691   29.295000  0.0000E+00
    1692   29.300500  0.0000E+00
    1693   29.306000  0.0000E+00
    1694   29.311500  0.0000E+00
    1695   29.317000  0.0000E+00
    1696   29.322500  0.0000E+00
    1697   29.328000  0.0000E+00
    1698   29.333500  0.0000E+00
    1699   29.339000  0.0000E+00
    1700   29.344500  0.0000E+00
    1701   29.350000  0.0000E+00
    1702   29.355500  0.0000E+00
    1703   29.361000  0.0000E+00
    1704   29.366500  0.0000E+00
    1705   29.372000  0.0000E+00
    1706   29.377500  0.0000E+00
    1707   29.383000  0.0000E+00
    1708   29.388500  0.0000E+00
    1709   29.394000  0.0000E+00
    1710   29.399500  0.0000E+00
    1711   29.405000  0.0000E+00
    1712   29.410500  0.0000E+00
    1713   29.416000  0.0000E+00
    1714   29.421500  0.0000E+00
    1715   29.427000  0.0000E+00
    1716   29.432500  0.0000E+00
    1717   29.438000  0.0000E+00
    1718   29.443500  0.0000E+00
    1719   29.449000  0.0000E+00
    1720   29.454500  0.0000E+00
    1721   29.460000  0.0000E+00
    1722   29.465500  0.0000E+00
    1723   29.471000  0.0000E+00
    1724   29.476500  0.0000E+00
    1725   29.482000  0.0000E+00
    1726   29.487500  0.0000E+00
    1727   29.493000  0.0000E+00
    1728   29.498500  0.0000E+00
    1729   29.504000  0.0000E+00
    1730   29.509500  0.0000E+00
    1731   29.515000  0.0000E+00
    1732   29.520500  0.0000E+00
    1733   29.526000  0.0000E+00
    1734   29.531500  0.0000E+00
    1735   29.537000  0.0000E+00
    1736   29.542500  0.0000E+00
    1737   29.548000  0.0000E+00
    1738   29.553500  0.0000E+00
    1739   29.559000  0.0000E+00
    1740   29.564500  0.0000E+00
    1741   29.570000  0.0000E+00
    1742   29.575500  0.0000E+00
    1743   29.581000  0.0000E+00
    1744   29.586500  0.0000E+00
    1745   29.592000  0.0000E+00
    1746   29.597500  0.0000E+00
    1747   29.603000  0.0000E+00
    1748   29.608500  0.0000E+00
    1749   29.614000  0.0000E+00
    1750   29.619500  0.0000E+00
    1751   29.625000  0.0000E+00
    1752   29.630500  0.0000E+00
    1753   29.636000  0.0000E+00
    1754   29.641500  0.0000E+00
    1755   29.647000  0.0000E+00
    1756   29.652500  0.0000E+00
    1757   29.658000  0.0000E+00
    1758   29.663500  0.0000E+00
    1759   29.669000  0.0000E+00
    1760   29.674500  0.0000E+00
    1761   29.680000  0.0000E+00
    1762   29.685500  0.0000E+00
    1763   29.691000  0.0000E+00
    1764   29.696500  0.0000E+00
    1765   29.702000  0.0000E+00
    1766   29.707500  0.0000E+00
    1767   29.713000  0.0000E+00
    1768   29.718500  0.0000E+00
    1769   29.724000  0.0000E+00
    1770   29.729500  0.0000E+00
    1771   29.735000  0.0000E+00
    1772   29.740500  0.0000E+00
    1773   29.746000  0.0000E+00
    1774   29.751500  0.0000E+00
    1775   29.757000  0.0000E+00
    1776   29.762500  0.0000E+00
    1777   29.768000  0.0000E+00
    1778   29.773500  0.0000E+00
    1779   29.779000  0.0000E+00
    1780   29.784500  0.0000E+00
    1781   29.790000  0.0000E+00
    1782   29.795500  0.0000E+00
    1783   29.801000  0.0000E+00
    1784   29.806500  0.0000E+00
    1785   29.812000  0.0000E+00
    1786   29.817500  0.0000E+00
    1787   29.823000  0.0000E+00
    1788   29.828500  0.0000E+00
    1789   29.834000  0.0000E+00
    1790   29.839500  0.0000E+00
    1791   29.845000  0.0000E+00
    1792   29.850500  0.0000E+00
    1793   29.856000  0.0000E+00
    1794   29.861500  0.0000E+00
    1795   29.867000  0.0000E+00
    1796   29.872500  0.0000E+00
    1797   29.878000  0.0000E+00
    1798   29.883500  0.0000E+00
    1799   29.889000  0.0000E+00
    1800   29.894500  0.0000E+00
    1801   29.900000  0.0000E+00
    1802   29.905500  0.0000E+00
    1803   29.911000  0.0000E+00
    1804   29.916500  0.0000E+00
    1805   29.922000  0.0000E+00
    1806   29.927500  0.0000E+00
    1807   29.933000  0.0000E+00
    1808   29.938500  0.0000E+00
    1809   29.944000  0.0000E+00
    1810   29.949500  0.0000E+00
    1811   29.955000  0.0000E+00
    1812   29.960500  0.0000E+00
    1813   29.966000  0.0000E+00
    1814   29.971500  0.0000E+00
    1815   29.977000  0.0000E+00
    1816   29.982500  0.0000E+00
    1817   29.988000  0.0000E+00
    1818   29.993500  0.0000E+00
    1819   29.999000  0.0000E+00
    1820   30.004500  0.0000E+00
    1821   30.010000  0.0000E+00
    1822   30.015500  0.0000E+00
    1823   30.021000  0.0000E+00
    1824   30.026500  0.0000E+00
    1825   30.032000  0.0000E+00
    1826   30.037500  0.0000E+00
    1827   30.043000  0.0000E+00
    1828   30.048500  0.0000E+00
    1829   30.054000  0.0000E+00
    1830   30.059500  0.0000E+00
    1831   30.065000  0.0000E+00
    1832   30.070500  0.0000E+00
    1833   30.076000  0.0000E+00
    1834   30.081500  0.0000E+00
    1835   30.087000  0.0000E+00
    1836   30.092500  0.0000E+00
    1837   30.098000  0.0000E+00
    1838   30.103500  0.0000E+00
    1839   30.109000  0.0000E+00
    1840   30.114500  0.0000E+00
    1841   30.120000  0.0000E+00
    1842   30.125500  0.0000E+00
    1843   30.131000  0.0000E+00
    1844   30.136500  0.0000E+00
    1845   30.142000  0.0000E+00
    1846   30.147500  0.0000E+00
    1847   30.153000  0.0000E+00
    1848   30.158500  0.0000E+00
    1849   30.164000  0.0000E+00
    1850   30.169500  0.0000E+00
    1851   30.175000  0.0000E+00
    1852   30.180500  0.0000E+00
    1853   30.186000  0.0000E+00
    1854   30.191500  0.0000E+00
    1855   30.197000  0.0000E+00
    1856   30.202500  0.0000E+00
    1857   30.208000  0.0000E+00
    1858   30.213500  0.0000E+00
    1859   30.219000  0.0000E+00
    1860   30.224500  0.0000E+00
    1861   30.230000  0.0000E+00
    1862   30.235500  0.0000E+00
    1863   30.241000  0.0000E+00
    1864   30.246500  0.0000E+00
    1865   30.252000  0.0000E+00
    1866   30.257500  0.0000E+00
    1867   30.263000  0.0000E+00
    1868   30.268500  0.0000E+00
    1869   30.274000  0.0000E+00
    1870   30.279500  0.0000E+00
    1871   30.285000  0.0000E+00
    1872   30.290500  0.0000E+00
    1873   30.296000  0.0000E+00
    1874   30.301500  0.0000E+00
    1875   30.307000  0.0000E+00
    1876   30.312500  0.0000E+00
    1877   30.318000  0.0000E+00
    1878   30.323500  0.0000E+00
    1879   30.329000  0.0000E+00
    1880   30.334500  0.0000E+00
    1881   30.340000  0.0000E+00
    1882   30.345500  0.0000E+00
    1883   30.351000  0.0000E+00
    1884   30.356500  0.0000E+00
    1885   30.362000  0.0000E+00
    1886   30.367500  0.0000E+00
    1887   30.373000  0.0000E+00
    1888   30.378500  0.0000E+00
    1889   30.384000  0.0000E+00
    1890   30.389500  0.0000E+00
    1891   30.395000  0.0000E+00
    1892   30.400500  0.0000E+00
    1893   30.406000  0.0000E+00
    1894   30.411500  0.0000E+00
    1895   30.417000  0.0000E+00
    1896   30.422500  0.0000E+00
    1897   30.428000  0.0000E+00
    1898   30.433500  0.0000E+00
    1899   30.439000  0.0000E+00
    1900   30.444500  0.0000E+00
    1901   30.450000  0.0000E+00
    1902   30.455500  0.0000E+00
    1903   30.461000  0.0000E+00
    1904   30.466500  0.0000E+00
    1905   30.472000  0.0000E+00
    1906   30.477500  0.0000E+00
    1907   30.483000  0.0000E+00
    1908   30.488500  0.0000E+00
    1909   30.494000  0.0000E+00
    1910   30.499500  0.0000E+00
    1911   30.505000  0.0000E+00
    1912   30.510500  0.0000E+00
    1913   30.516000  0.0000E+00
    1914   30.521500  0.0000E+00
    1915   30.527000  0.0000E+00
    1916   30.532500  0.0000E+00
    1917   30.538000  0.0000E+00
    1918   30.543500  0.0000E+00
    1919   30.549000  0.0000E+00
    1920   30.554500  0.0000E+00
    1921   30.560000  0.0000E+00
    1922   30.565500  0.0000E+00
    1923   30.571000  0.0000E+00
    1924   30.576500  0.0000E+00
    1925   30.582000  0.0000E+00
    1926   30.587500  0.0000E+00
    1927   30.593000  0.0000E+00
    1928   30.598500  0.0000E+00
    1929   30.604000  0.0000E+00
    1930   30.609500  0.0000E+00
    1931   30.615000  0.0000E+00
    1932   30.620500  0.0000E+00
    1933   30.626000  0.0000E+00
    1934   30.631500  0.0000E+00
    1935   30.637000  0.0000E+00
    1936   30.642500  0.0000E+00
    1937   30.648000  0.0000E+00
    1938   30.653500  0.0000E+00
    1939   30.659000  0.0000E+00
    1940   30.664500  0.0000E+00
    1941   30.670000  0.0000E+00
    1942   30.675500  0.0000E+00
    1943   30.681000  0.0000E+00
    1944   30.686500  0.0000E+00
    1945   30.692000  0.0000E+00
    1946   30.697500  0.0000E+00
    1947   30.703000  0.0000E+00
    1948   30.708500  0.0000E+00
    1949   30.714000  0.0000E+00
    1950   30.719500  0.0000E+00
    1951   30.725000  0.0000E+00
    1952   30.730500  0.0000E+00
    1953   30.736000  0.0000E+00
    1954   30.741500  0.0000E+00
    1955   30.747000  0.0000E+00
    1956   30.752500  0.0000E+00
    1957   30.758000  0.0000E+00
    1958   30.763500  0.0000E+00
    1959   30.769000  0.0000E+00
    1960   30.774500  0.0000E+00
    1961   30.780000  0.0000E+00
    1962   30.785500  0.0000E+00
    1963   30.791000  0.0000E+00
    1964   30.796500  0.0000E+00
    1965   30.802000  0.0000E+00
    1966   30.807500  0.0000E+00
    1967   30.813000  0.0000E+00
    1968   30.818500  0.0000E+00
    1969   30.824000  0.0000E+00
    1970   30.829500  0.0000E+00
    1971   30.835000  0.0000E+00
    1972   30.840500  0.0000E+00
    1973   30.846000  0.0000E+00
    1974   30.851500  0.0000E+00
    1975   30.857000  0.0000E+00
    1976   30.862500  0.0000E+00
    1977   30.868000  0.0000E+00
    1978   30.873500  0.0000E+00
    1979   30.879000  0.0000E+00
    1980   30.884500  0.0000E+00
    1981   30.890000  0.0000E+00
    1982   30.895500  0.0000E+00
    1983   30.901000  0.0000E+00
    1984   30.906500  0.0000E+00
    1985   30.912000  0.0000E+00
    1986   30.917500  0.0000E+00
    1987   30.923000  0.0000E+00
    1988   30.928500  0.0000E+00
    1989   30.934000  0.0000E+00
    1990   30.939500  0.0000E+00
    1991   30.945000  0.0000E+00
    1992   30.950500  0.0000E+00
    1993   30.956000  0.0000E+00
    1994   30.961500  0.0000E+00
    1995   30.967000  0.0000E+00
    1996   30.972500  0.0000E+00
    1997   30.978000  0.0000E+00
    1998   30.983500  0.0000E+00
    1999   30.989000  0.0000E+00
    2000   30.994500  0.0000E+00
    2001   31.000000  0.0000E+00
    2002   31.005500  0.0000E+00
    2003   31.011000  0.0000E+00
    2004   31.016500  0.0000E+00
    2005   31.022000  0.0000E+00
    2006   31.027500  0.0000E+00
    2007   31.033000  0.0000E+00
    2008   31.038500  0.0000E+00
    2009   31.044000  0.0000E+00
    2010   31.049500  0.0000E+00
    2011   31.055000  0.0000E+00
    2012   31.060500  0.0000E+00
    2013   31.066000  0.0000E+00
    2014   31.071500  0.0000E+00
    2015   31.077000  0.0000E+00
    2016   31.082500  0.0000E+00
    2017   31.088000  0.0000E+00
    2018   31.093500  0.0000E+00
    2019   31.099000  0.0000E+00
    2020   31.104500  0.0000E+00
    2021   31.110000  0.0000E+00
    2022   31.115500  0.0000E+00
    2023   31.121000  0.0000E+00
    2024   31.126500  0.0000E+00
    2025   31.132000  0.0000E+00
    2026   31.137500  0.0000E+00
    2027   31.143000  0.0000E+00
    2028   31.148500  0.0000E+00
    2029   31.154000  0.0000E+00
    2030   31.159500  0.0000E+00
    2031   31.165000  0.0000E+00
    2032   31.170500  0.0000E+00
    2033   31.176000  0.0000E+00
    2034   31.181500  0.0000E+00
    2035   31.187000  0.0000E+00
    2036   31.192500  0.0000E+00
    2037   31.198000  0.0000E+00
    2038   31.203500  0.0000E+00
    2039   31.209000  0.0000E+00
    2040   31.214500  0.0000E+00
    2041   31.220000  0.0000E+00
    2042   31.225500  0.0000E+00
    2043   31.231000  0.0000E+00
    2044   31.236500  0.0000E+00
    2045   31.242000  0.0000E+00
    2046   31.247500  0.0000E+00
    2047   31.253000  0.0000E+00
    2048   31.258500  0.0000E+00
    2049   31.264000  0.0000E+00
    2050   31.269500  0.0000E+00
    2051   31.275000  0.0000E+00
    2052   31.280500  0.0000E+00
    2053   31.286000  0.0000E+00
    2054   31.291500  0.0000E+00
    2055   31.297000  0.0000E+00
    2056   31.302500  0.0000E+00
    2057   31.308000  0.0000E+00
    2058   31.313500  0.0000E+00
    2059   31.319000  0.0000E+00
    2060   31.324500  0.0000E+00
    2061   31.330000  0.0000E+00
    2062   31.335500  0.0000E+00
    2063   31.341000  0.0000E+00
    2064   31.346500  0.0000E+00
    2065   31.352000  0.0000E+00
    2066   31.357500  0.0000E+00
    2067   31.363000  0.0000E+00
    2068   31.368500  0.0000E+00
    2069   31.374000  0.0000E+00
    2070   31.379500  0.0000E+00
    2071   31.385000  0.0000E+00
    2072   31.390500  0.0000E+00
    2073   31.396000  0.0000E+00
    2074   31.401500  0.0000E+00
    2075   31.407000  0.0000E+00
    2076   31.412500  0.0000E+00
    2077   31.418000  0.0000E+00
    2078   31.423500  0.0000E+00
    2079   31.429000  0.0000E+00
    2080   31.434500  0.0000E+00
    2081   31.440000  0.0000E+00
    2082   31.445500  0.0000E+00
    2083   31.451000  0.0000E+00
    2084   31.456500  0.0000E+00
    2085   31.462000  0.0000E+00
    2086   31.467500  0.0000E+00
    2087   31.473000  0.0000E+00
    2088   31.478500  0.0000E+00
    2089   31.484000  0.0000E+00
    2090   31.489500  0.0000E+00
    2091   31.495000  0.0000E+00
    2092   31.500500  0.0000E+00
    2093   31.506000  0.0000E+00
    2094   31.511500  0.0000E+00
    2095   31.517000  0.0000E+00
    2096   31.522500  0.0000E+00
    2097   31.528000  0.0000E+00
    2098   31.533500  0.0000E+00
    2099   31.539000  0.0000E+00
    2100   31.544500  0.0000E+00
    2101   31.550000  0.0000E+00
    2102   31.555500  0.0000E+00
    2103   31.561000  0.0000E+00
    2104   31.566500  0.0000E+00
    2105   31.572000  0.0000E+00
    2106   31.577500  0.0000E+00
    2107   31.583000  0.0000E+00
    2108   31.588500  0.0000E+00
    2109   31.594000  0.0000E+00
    2110   31.599500  0.0000E+00
    2111   31.605000  0.0000E+00
    2112   31.610500  0.0000E+00
    2113   31.616000  0.0000E+00
    2114   31.621500  0.0000E+00
    2115   31.627000  0.0000E+00
    2116   31.632500  0.0000E+00
    2117   31.638000  0.0000E+00
    2118   31.643500  0.0000E+00
    2119   31.649000  0.0000E+00
    2120   31.654500  0.0000E+00
    2121   31.660000  0.0000E+00
    2122   31.665500  0.0000E+00
    2123   31.671000  0.0000E+00
    2124   31.676500  0.0000E+00
    2125   31.682000  0.0000E+00
    2126   31.687500  0.0000E+00
    2127   31.693000  0.0000E+00
    2128   31.698500  0.0000E+00
    2129   31.704000  0.0000E+00
    2130   31.709500  0.0000E+00
    2131   31.715000  0.0000E+00
    2132   31.720500  0.0000E+00
    2133   31.726000  0.0000E+00
    2134   31.731500  0.0000E+00
    2135   31.737000  0.0000E+00
    2136   31.742500  0.0000E+00
    2137   31.748000  0.0000E+00
    2138   31.753500  0.0000E+00
    2139   31.759000  0.0000E+00
    2140   31.764500  0.0000E+00
    2141   31.770000  0.0000E+00
    2142   31.775500  0.0000E+00
    2143   31.781000  0.0000E+00
    2144   31.786500  0.0000E+00
    2145   31.792000  0.0000E+00
    2146   31.797500  0.0000E+00
    2147   31.803000  0.0000E+00
    2148   31.808500  0.0000E+00
    2149   31.814000  0.0000E+00
    2150   31.819500  0.0000E+00
    2151   31.825000  0.0000E+00
    2152   31.830500  0.0000E+00
    2153   31.836000  0.0000E+00
    2154   31.841500  0.0000E+00
    2155   31.847000  0.0000E+00
    2156   31.852500  0.0000E+00
    2157   31.858000  0.0000E+00
    2158   31.863500  0.0000E+00
    2159   31.869000  0.0000E+00
    2160   31.874500  0.0000E+00
    2161   31.880000  0.0000E+00
    2162   31.885500  0.0000E+00
    2163   31.891000  0.0000E+00
    2164   31.896500  0.0000E+00
    2165   31.902000  0.0000E+00
    2166   31.907500  0.0000E+00
    2167   31.913000  0.0000E+00
    2168   31.918500  0.0000E+00
    2169   31.924000  0.0000E+00
    2170   31.929500  0.0000E+00
    2171   31.935000  0.0000E+00
    2172   31.940500  0.0000E+00
    2173   31.946000  0.0000E+00
    2174   31.951500  0.0000E+00
    2175   31.957000  0.0000E+00
    2176   31.962500  0.0000E+00
    2177   31.968000  0.0000E+00
    2178   31.973500  0.0000E+00
    2179   31.979000  0.0000E+00
    2180   31.984500  0.0000E+00
    2181   31.990000  0.0000E+00
    2182   31.995500  0.0000E+00
    2183   32.001000  0.0000E+00
    2184   32.006500  0.0000E+00
    2185   32.012000  0.0000E+00
    2186   32.017500  0.0000E+00
    2187   32.023000  0.0000E+00
    2188   32.028500  0.0000E+00
    2189   32.034000  0.0000E+00
    2190   32.039500  0.0000E+00
    2191   32.045000  0.0000E+00
    2192   32.050500  0.0000E+00
    2193   32.056000  0.0000E+00
    2194   32.061500  0.0000E+00
    2195   32.067000  0.0000E+00
    2196   32.072500  0.0000E+00
    2197   32.078000  0.0000E+00
    2198   32.083500  0.0000E+00
    2199   32.089000  0.0000E+00
    2200   32.094500  0.0000E+00
    2201   32.100000  0.0000E+00
    2202   32.105500  0.0000E+00
    2203   32.111000  0.0000E+00
    2204   32.116500  0.0000E+00
    2205   32.122000  0.0000E+00
    2206   32.127500  0.0000E+00
    2207   32.133000  0.0000E+00
    2208   32.138500  0.0000E+00
    2209   32.144000  0.0000E+00
    2210   32.149500  0.0000E+00
    2211   32.155000  0.0000E+00
    2212   32.160500  0.0000E+00
    2213   32.166000  0.0000E+00
    2214   32.171500  0.0000E+00
    2215   32.177000  0.0000E+00
    2216   32.182500  0.0000E+00
    2217   32.188000  0.0000E+00
    2218   32.193500  0.0000E+00
    2219   32.199000  0.0000E+00
    2220   32.204500  0.0000E+00
    2221   32.210000  0.0000E+00
    2222   32.215500  0.0000E+00
    2223   32.221000  0.0000E+00
    2224   32.226500  0.0000E+00
    2225   32.232000  0.0000E+00
    2226   32.237500  0.0000E+00
    2227   32.243000  0.0000E+00
    2228   32.248500  0.0000E+00
    2229   32.254000  0.0000E+00
    2230   32.259500  0.0000E+00
    2231   32.265000  0.0000E+00
    2232   32.270500  0.0000E+00
    2233   32.276000  0.0000E+00
    2234   32.281500  0.0000E+00
    2235   32.287000  0.0000E+00
    2236   32.292500  0.0000E+00
    2237   32.298000  0.0000E+00
    2238   32.303500  0.0000E+00
    2239   32.309000  0.0000E+00
    2240   32.314500  0.0000E+00
    2241   32.320000  0.0000E+00
    2242   32.325500  0.0000E+00
    2243   32.331000  0.0000E+00
    2244   32.336500  0.0000E+00
    2245   32.342000  0.0000E+00
    2246   32.347500  0.0000E+00
    2247   32.353000  0.0000E+00
    2248   32.358500  0.0000E+00
    2249   32.364000  0.0000E+00
    2250   32.369500  0.0000E+00
    2251   32.375000  0.0000E+00
    2252   32.380500  0.0000E+00
    2253   32.386000  0.0000E+00
    2254   32.391500  0.0000E+00
    2255   32.397000  0.0000E+00
    2256   32.402500  0.0000E+00
    2257   32.408000  0.0000E+00
    2258   32.413500  0.0000E+00
    2259   32.419000  0.0000E+00
    2260   32.424500  0.0000E+00
    2261   32.430000  0.0000E+00
    2262   32.435500  0.0000E+00
    2263   32.441000  0.0000E+00
    2264   32.446500  0.0000E+00
    2265   32.452000  0.0000E+00
    2266   32.457500  0.0000E+00
    2267   32.463000  0.0000E+00
    2268   32.468500  0.0000E+00
    2269   32.474000  0.0000E+00
    2270   32.479500  0.0000E+00
    2271   32.485000  0.0000E+00
    2272   32.490500  0.0000E+00
    2273   32.496000  0.0000E+00
    2274   32.501500  0.0000E+00
    2275   32.507000  0.0000E+00
    2276   32.512500  0.0000E+00
    2277   32.518000  0.0000E+00
    2278   32.523500  0.0000E+00
    2279   32.529000  0.0000E+00
    2280   32.534500  0.0000E+00
    2281   32.540000  0.0000E+00
    2282   32.545500  0.0000E+00
    2283   32.551000  0.0000E+00
    2284   32.556500  0.0000E+00
    2285   32.562000  0.0000E+00
    2286   32.567500  0.0000E+00
    2287   32.573000  0.0000E+00
    2288   32.578500  0.0000E+00
    2289   32.584000  0.0000E+00
    2290   32.589500  0.0000E+00
    2291   32.595000  0.0000E+00
    2292   32.600500  0.0000E+00
    2293   32.606000  0.0000E+00
    2294   32.611500  0.0000E+00
    2295   32.617000  0.0000E+00
    2296   32.622500  0.0000E+00
    2297   32.628000  0.0000E+00
    2298   32.633500  0.0000E+00
    2299   32.639000  0.0000E+00
    2300   32.644500  0.0000E+00
    2301   32.650000  0.0000E+00
    2302   32.655500  0.0000E+00
    2303   32.661000  0.0000E+00
    2304   32.666500  0.0000E+00
    2305   32.672000  0.0000E+00
    2306   32.677500  0.0000E+00
    2307   32.683000  0.0000E+00
    2308   32.688500  0.0000E+00
    2309   32.694000  0.0000E+00
    2310   32.699500  0.0000E+00
    2311   32.705000  0.0000E+00
    2312   32.710500  0.0000E+00
    2313   32.716000  0.0000E+00
    2314   32.721500  0.0000E+00
    2315   32.727000  0.0000E+00
    2316   32.732500  0.0000E+00
    2317   32.738000  0.0000E+00
    2318   32.743500  0.0000E+00
    2319   32.749000  0.0000E+00
    2320   32.754500  0.0000E+00
    2321   32.760000  0.0000E+00
    2322   32.765500  0.0000E+00
    2323   32.771000  0.0000E+00
    2324   32.776500  0.0000E+00
    2325   32.782000  0.0000E+00
    2326   32.787500  0.0000E+00
    2327   32.793000  0.0000E+00
    2328   32.798500  0.0000E+00
    2329   32.804000  0.0000E+00
    2330   32.809500  0.0000E+00
    2331   32.815000  0.0000E+00
    2332   32.820500  0.0000E+00
    2333   32.826000  0.0000E+00
    2334   32.831500  0.0000E+00
    2335   32.837000  0.0000E+00
    2336   32.842500  0.0000E+00
    2337   32.848000  0.0000E+00
    2338   32.853500  0.0000E+00
    2339   32.859000  0.0000E+00
    2340   32.864500  0.0000E+00
    2341   32.870000  0.0000E+00
    2342   32.875500  0.0000E+00
    2343   32.881000  0.0000E+00
    2344   32.886500  0.0000E+00
    2345   32.892000  0.0000E+00
    2346   32.897500  0.0000E+00
    2347   32.903000  0.0000E+00
    2348   32.908500  0.0000E+00
    2349   32.914000  0.0000E+00
    2350   32.919500  0.0000E+00
    2351   32.925000  0.0000E+00
    2352   32.930500  0.0000E+00
    2353   32.936000  0.0000E+00
    2354   32.941500  0.0000E+00
    2355   32.947000  0.0000E+00
    2356   32.952500  0.0000E+00
    2357   32.958000  0.0000E+00
    2358   32.963500  0.0000E+00
    2359   32.969000  0.0000E+00
    2360   32.974500  0.0000E+00
    2361   32.980000  0.0000E+00
    2362   32.985500  0.0000E+00
    2363   32.991000  0.0000E+00
    2364   32.996500  0.0000E+00
    2365   33.002000  0.0000E+00
    2366   33.007500  0.0000E+00
    2367   33.013000  0.0000E+00
    2368   33.018500  0.0000E+00
    2369   33.024000  0.0000E+00
    2370   33.029500  0.0000E+00
    2371   33.035000  0.0000E+00
    2372   33.040500  0.0000E+00
    2373   33.046000  0.0000E+00
    2374   33.051500  0.0000E+00
    2375   33.057000  0.0000E+00
    2376   33.062500  0.0000E+00
    2377   33.068000  0.0000E+00
    2378   33.073500  0.0000E+00
    2379   33.079000  0.0000E+00
    2380   33.084500  0.0000E+00
    2381   33.090000  0.0000E+00
    2382   33.095500  0.0000E+00
    2383   33.101000  0.0000E+00
    2384   33.106500  0.0000E+00
    2385   33.112000  0.0000E+00
    2386   33.117500  0.0000E+00
    2387   33.123000  0.0000E+00
    2388   33.128500  0.0000E+00
    2389   33.134000  0.0000E+00
    2390   33.139500  0.0000E+00
    2391   33.145000  0.0000E+00
    2392   33.150500  0.0000E+00
    2393   33.156000  0.0000E+00
    2394   33.161500  0.0000E+00
    2395   33.167000  0.0000E+00
    2396   33.172500  0.0000E+00
    2397   33.178000  0.0000E+00
    2398   33.183500  0.0000E+00
    2399   33.189000  0.0000E+00
    2400   33.194500  0.0000E+00
    2401   33.200000  0.0000E+00
    2402   33.205500  0.0000E+00
    2403   33.211000  0.0000E+00
    2404   33.216500  0.0000E+00
    2405   33.222000  0.0000E+00
    2406   33.227500  0.0000E+00
    2407   33.233000  0.0000E+00
    2408   33.238500  0.0000E+00
    2409   33.244000  0.0000E+00
    2410   33.249500  0.0000E+00
    2411   33.255000  0.0000E+00
    2412   33.260500  0.0000E+00
    2413   33.266000  0.0000E+00
    2414   33.271500  0.0000E+00
    2415   33.277000  0.0000E+00
    2416   33.282500  0.0000E+00
    2417   33.288000  0.0000E+00
    2418   33.293500  0.0000E+00
    2419   33.299000  0.0000E+00
    2420   33.304500  0.0000E+00
    2421   33.310000  0.0000E+00
    2422   33.315500  0.0000E+00
    2423   33.321000  0.0000E+00
    2424   33.326500  0.0000E+00
    2425   33.332000  0.0000E+00
    2426   33.337500  0.0000E+00
    2427   33.343000  0.0000E+00
    2428   33.348500  0.0000E+00
    2429   33.354000  0.0000E+00
    2430   33.359500  0.0000E+00
    2431   33.365000  0.0000E+00
    2432   33.370500  0.0000E+00
    2433   33.376000  0.0000E+00
    2434   33.381500  0.0000E+00
    2435   33.387000  0.0000E+00
    2436   33.392500  0.0000E+00
    2437   33.398000  0.0000E+00
    2438   33.403500  0.0000E+00
    2439   33.409000  0.0000E+00
    2440   33.414500  0.0000E+00
    2441   33.420000  0.0000E+00
    2442   33.425500  0.0000E+00
    2443   33.431000  0.0000E+00
    2444   33.436500  0.0000E+00
    2445   33.442000  0.0000E+00
    2446   33.447500  0.0000E+00
    2447   33.453000  0.0000E+00
    2448   33.458500  0.0000E+00
    2449   33.464000  0.0000E+00
    2450   33.469500  0.0000E+00
    2451   33.475000  0.0000E+00
    2452   33.480500  0.0000E+00
    2453   33.486000  0.0000E+00
    2454   33.491500  0.0000E+00
    2455   33.497000  0.0000E+00
    2456   33.502500  0.0000E+00
    2457   33.508000  0.0000E+00
    2458   33.513500  0.0000E+00
    2459   33.519000  0.0000E+00
    2460   33.524500  0.0000E+00
    2461   33.530000  0.0000E+00
    2462   33.535500  0.0000E+00
    2463   33.541000  0.0000E+00
    2464   33.546500  0.0000E+00
    2465   33.552000  0.0000E+00
    2466   33.557500  0.0000E+00
    2467   33.563000  0.0000E+00
    2468   33.568500  0.0000E+00
    2469   33.574000  0.0000E+00
    2470   33.579500  0.0000E+00
    2471   33.585000  0.0000E+00
    2472   33.590500  0.0000E+00
    2473   33.596000  0.0000E+00
    2474   33.601500  0.0000E+00
    2475   33.607000  0.0000E+00
    2476   33.612500  0.0000E+00
    2477   33.618000  0.0000E+00
    2478   33.623500  0.0000E+00
    2479   33.629000  0.0000E+00
    2480   33.634500  0.0000E+00
    2481   33.640000  0.0000E+00
    2482   33.645500  0.0000E+00
    2483   33.651000  0.0000E+00
    2484   33.656500  0.0000E+00
    2485   33.662000  0.0000E+00
    2486   33.667500  0.0000E+00
    2487   33.673000  0.0000E+00
    2488   33.678500  0.0000E+00
    2489   33.684000  0.0000E+00
    2490   33.689500  0.0000E+00
    2491   33.695000  0.0000E+00
    2492   33.700500  0.0000E+00
    2493   33.706000  0.0000E+00
    2494   33.711500  0.0000E+00
    2495   33.717000  0.0000E+00
    2496   33.722500  0.0000E+00
    2497   33.728000  0.0000E+00
    2498   33.733500  0.0000E+00
    2499   33.739000  0.0000E+00
    2500   33.744500  0.0000E+00
    2501   33.750000  0.0000E+00
    2502   33.755500  0.0000E+00
    2503   33.761000  0.0000E+00
    2504   33.766500  0.0000E+00
    2505   33.772000  0.0000E+00
    2506   33.777500  0.0000E+00
    2507   33.783000  0.0000E+00
    2508   33.788500  0.0000E+00
    2509   33.794000  0.0000E+00
    2510   33.799500  0.0000E+00
    2511   33.805000  0.0000E+00
    2512   33.810500  0.0000E+00
    2513   33.816000  0.0000E+00
    2514   33.821500  0.0000E+00
    2515   33.827000  0.0000E+00
    2516   33.832500  0.0000E+00
    2517   33.838000  0.0000E+00
    2518   33.843500  0.0000E+00
    2519   33.849000  0.0000E+00
    2520   33.854500  0.0000E+00
    2521   33.860000  0.0000E+00
    2522   33.865500  0.0000E+00
    2523   33.871000  0.0000E+00
    2524   33.876500  0.0000E+00
    2525   33.882000  0.0000E+00
    2526   33.887500  0.0000E+00
    2527   33.893000  0.0000E+00
    2528   33.898500  0.0000E+00
    2529   33.904000  0.0000E+00
    2530   33.909500  0.0000E+00
    2531   33.915000  0.0000E+00
    2532   33.920500  0.0000E+00
    2533   33.926000  0.0000E+00
    2534   33.931500  0.0000E+00
    2535   33.937000  0.0000E+00
    2536   33.942500  0.0000E+00
    2537   33.948000  0.0000E+00
    2538   33.953500  0.0000E+00
    2539   33.959000  0.0000E+00
    2540   33.964500  0.0000E+00
    2541   33.970000  0.0000E+00
    2542   33.975500  0.0000E+00
    2543   33.981000  0.0000E+00
    2544   33.986500  0.0000E+00
    2545   33.992000  0.0000E+00
    2546   33.997500  0.0000E+00
    2547   34.003000  0.0000E+00
    2548   34.008500  0.0000E+00
    2549   34.014000  0.0000E+00
    2550   34.019500  0.0000E+00
    2551   34.025000  0.0000E+00
    2552   34.030500  0.0000E+00
    2553   34.036000  0.0000E+00
    2554   34.041500  0.0000E+00
    2555   34.047000  0.0000E+00
    2556   34.052500  0.0000E+00
    2557   34.058000  0.0000E+00
    2558   34.063500  0.0000E+00
    2559   34.069000  0.0000E+00
    2560   34.074500  0.0000E+00
    2561   34.080000  0.0000E+00
    2562   34.085500  0.0000E+00
    2563   34.091000  0.0000E+00
    2564   34.096500  0.0000E+00
    2565   34.102000  0.0000E+00
    2566   34.107500  0.0000E+00
    2567   34.113000  0.0000E+00
    2568   34.118500  0.0000E+00
    2569   34.124000  0.0000E+00
    2570   34.129500  0.0000E+00
    2571   34.135000  0.0000E+00
    2572   34.140500  0.0000E+00
    2573   34.146000  0.0000E+00
    2574   34.151500  0.0000E+00
    2575   34.157000  0.0000E+00
    2576   34.162500  0.0000E+00
    2577   34.168000  0.0000E+00
    2578   34.173500  0.0000E+00
    2579   34.179000  0.0000E+00
    2580   34.184500  0.0000E+00
    2581   34.190000  0.0000E+00
    2582   34.195500  0.0000E+00
    2583   34.201000  0.0000E+00
    2584   34.206500  0.0000E+00
    2585   34.212000  0.0000E+00
    2586   34.217500  0.0000E+00
    2587   34.223000  0.0000E+00
    2588   34.228500  0.0000E+00
    2589   34.234000  0.0000E+00
    2590   34.239500  0.0000E+00
    2591   34.245000  0.0000E+00
    2592   34.250500  0.0000E+00
    2593   34.256000  0.0000E+00
    2594   34.261500  0.0000E+00
    2595   34.267000  0.0000E+00
    2596   34.272500  0.0000E+00
    2597   34.278000  0.0000E+00
    2598   34.283500  0.0000E+00
    2599   34.289000  0.0000E+00
    2600   34.294500  0.0000E+00
    2601   34.300000  0.0000E+00
    2602   34.305500  0.0000E+00
    2603   34.311000  0.0000E+00
    2604   34.316500  0.0000E+00
    2605   34.322000  0.0000E+00
    2606   34.327500  0.0000E+00
    2607   34.333000  0.0000E+00
    2608   34.338500  0.0000E+00
    2609   34.344000  0.0000E+00
    2610   34.349500  0.0000E+00
    2611   34.355000  0.0000E+00
    2612   34.360500  0.0000E+00
    2613   34.366000  0.0000E+00
    2614   34.371500  0.0000E+00
    2615   34.377000  0.0000E+00
    2616   34.382500  0.0000E+00
    2617   34.388000  0.0000E+00
    2618   34.393500  0.0000E+00
    2619   34.399000  0.0000E+00
    2620   34.404500  0.0000E+00
    2621   34.410000  0.0000E+00
    2622   34.415500  0.0000E+00
    2623   34.421000  0.0000E+00
    2624   34.426500  0.0000E+00
    2625   34.432000  0.0000E+00
    2626   34.437500  0.0000E+00
    2627   34.443000  0.0000E+00
    2628   34.448500  0.0000E+00
    2629   34.454000  0.0000E+00
    2630   34.459500  0.0000E+00
    2631   34.465000  0.0000E+00
    2632   34.470500  0.0000E+00
    2633   34.476000  0.0000E+00
    2634   34.481500  0.0000E+00
    2635   34.487000  0.0000E+00
    2636   34.492500  0.0000E+00
    2637   34.498000  0.0000E+00
    2638   34.503500  0.0000E+00
    2639   34.509000  0.0000E+00
    2640   34.514500  0.0000E+00
    2641   34.520000  0.0000E+00
    2642   34.525500  0.0000E+00
    2643   34.531000  0.0000E+00
    2644   34.536500  0.0000E+00
    2645   34.542000  0.0000E+00
    2646   34.547500  0.0000E+00
    2647   34.553000  0.0000E+00
    2648   34.558500  0.0000E+00
    2649   34.564000  0.0000E+00
    2650   34.569500  0.0000E+00
    2651   34.575000  0.0000E+00
    2652   34.580500  0.0000E+00
    2653   34.586000  0.0000E+00
    2654   34.591500  0.0000E+00
    2655   34.597000  0.0000E+00
    2656   34.602500  0.0000E+00
    2657   34.608000  0.0000E+00
    2658   34.613500  0.0000E+00
    2659   34.619000  0.0000E+00
    2660   34.624500  0.0000E+00
    2661   34.630000  0.0000E+00
    2662   34.635500  0.0000E+00
    2663   34.641000  0.0000E+00
    2664   34.646500  0.0000E+00
    2665   34.652000  0.0000E+00
    2666   34.657500  0.0000E+00
    2667   34.663000  0.0000E+00
    2668   34.668500  0.0000E+00
    2669   34.674000  0.0000E+00
    2670   34.679500  0.0000E+00
    2671   34.685000  0.0000E+00
    2672   34.690500  0.0000E+00
    2673   34.696000  0.0000E+00
    2674   34.701500  0.0000E+00
    2675   34.707000  0.0000E+00
    2676   34.712500  0.0000E+00
    2677   34.718000  0.0000E+00
    2678   34.723500  0.0000E+00
    2679   34.729000  0.0000E+00
    2680   34.734500  0.0000E+00
    2681   34.740000  0.0000E+00
    2682   34.745500  0.0000E+00
    2683   34.751000  0.0000E+00
    2684   34.756500  0.0000E+00
    2685   34.762000  0.0000E+00
    2686   34.767500  0.0000E+00
    2687   34.773000  0.0000E+00
    2688   34.778500  0.0000E+00
    2689   34.784000  0.0000E+00
    2690   34.789500  0.0000E+00
    2691   34.795000  0.0000E+00
    2692   34.800500  0.0000E+00
    2693   34.806000  0.0000E+00
    2694   34.811500  0.0000E+00
    2695   34.817000  0.0000E+00
    2696   34.822500  0.0000E+00
    2697   34.828000  0.0000E+00
    2698   34.833500  0.0000E+00
    2699   34.839000  0.0000E+00
    2700   34.844500  0.0000E+00
    2701   34.850000  0.0000E+00
    2702   34.855500  0.0000E+00
    2703   34.861000  0.0000E+00
    2704   34.866500  0.0000E+00
    2705   34.872000  0.0000E+00
    2706   34.877500  0.0000E+00
    2707   34.883000  0.0000E+00
    2708   34.888500  0.0000E+00
    2709   34.894000  0.0000E+00
    2710   34.899500  0.0000E+00
    2711   34.905000  0.0000E+00
    2712   34.910500  0.0000E+00
    2713   34.916000  0.0000E+00
    2714   34.921500  0.0000E+00
    2715   34.927000  0.0000E+00
    2716   34.932500  0.0000E+00
    2717   34.938000  0.0000E+00
    2718   34.943500  0.0000E+00
    2719   34.949000  0.0000E+00
    2720   34.954500  0.0000E+00
    2721   34.960000  0.0000E+00
    2722   34.965500  0.0000E+00
    2723   34.971000  0.0000E+00
    2724   34.976500  0.0000E+00
    2725   34.982000  0.0000E+00
    2726   34.987500  0.0000E+00
    2727   34.993000  0.0000E+00
    2728   34.998500  0.0000E+00
