       1   21.900000  2.1132E-02
       2   21.906190  2.9455E-01
       3   21.912380  3.0526E-01
       4   21.918570  3.1599E-01
       5   21.924760  3.2672E-01
       6   21.930950  3.3744E-01
       7   21.937140  3.4812E-01
       8   21.943330  3.5875E-01
       9   21.949520  3.6931E-01
      10   21.955710  3.7979E-01
      11   21.961900  3.9017E-01
      12   21.968090  4.0045E-01
      13   21.974280  4.1061E-01
      14   21.980470  4.2063E-01
      15   21.986660  4.3052E-01
      16   21.992850  4.4026E-01
      17   21.999040  4.4985E-01
      18   22.005230  4.5929E-01
      19   22.011420  4.6856E-01
      20   22.017610  4.7767E-01
      21   22.023800  4.8661E-01
      22   22.029990  4.9539E-01
      23   22.036180  5.0399E-01
      24   22.042370  5.1243E-01
      25   22.048560  5.2070E-01
      26   22.054750  5.2880E-01
      27   22.060940  5.3673E-01
      28   22.067130  5.4449E-01
      29   22.073320  5.5209E-01
      30   22.079510  5.5951E-01
      31   22.085700  5.6677E-01
      32   22.091890  5.7385E-01
      33   22.098080  5.8076E-01
      34   22.104270  5.8749E-01
      35   22.110460  5.9405E-01
      36   22.116650  6.0041E-01
      37   22.122840  6.0659E-01
      38   22.129030  6.1257E-01
      39   22.135220  6.1835E-01
      40   22.141410  6.2392E-01
      41   22.147600  6.2927E-01
      42   22.153790  6.3439E-01
      43   22.159980  6.3927E-01
      44   22.166170  6.4391E-01
      45   22.172360  6.4829E-01
      46   22.178550  6.5241E-01
      47   22.184740  6.5625E-01
      48   22.190930  6.5981E-01
      49   22.197120  6.6307E-01
      50   22.203310  6.6603E-01
      51   22.209500  6.6868E-01
      52   22.215690  6.7101E-01
      53   22.221880  6.7301E-01
      54   22.228070  6.7467E-01
      55   22.234260  6.7600E-01
      56   22.240450  6.7699E-01
      57   22.246640  6.7763E-01
      58   22.252830  6.7792E-01
      59   22.259020  6.7787E-01
      60   22.265210  6.7747E-01
      61   22.271400  6.7672E-01
      62   22.277590  6.7563E-01
      63   22.283780  6.7420E-01
      64   22.289970  6.7244E-01
      65   22.296160  6.7035E-01
      66   22.302350  6.6794E-01
      67   22.308540  6.6522E-01
      68   22.314730  6.6219E-01
      69   22.320920  6.5888E-01
      70   22.327110  6.5528E-01
      71   22.333300  6.5141E-01
      72   22.339490  6.4728E-01
      73   22.345680  6.4290E-01
      74   22.351870  6.3829E-01
      75   22.358060  6.3346E-01
      76   22.364250  6.2842E-01
      77   22.370440  6.2319E-01
      78   22.376630  6.1779E-01
      79   22.382820  6.1222E-01
      80   22.389010  6.0651E-01
      81   22.395200  6.0067E-01
      82   22.401390  5.9471E-01
      83   22.407580  5.8865E-01
      84   22.413770  5.8252E-01
      85   22.419960  5.7633E-01
      86   22.426150  5.7009E-01
      87   22.432340  5.6382E-01
      88   22.438530  5.5755E-01
      89   22.444720  5.5130E-01
      90   22.450910  5.4508E-01
      91   22.457100  5.3892E-01
      92   22.463290  5.3284E-01
      93   22.469480  5.2685E-01
      94   22.475670  5.2099E-01
      95   22.481860  5.1528E-01
      96   22.488050  5.0973E-01
      97   22.494240  5.0438E-01
      98   22.500430  4.9925E-01
      99   22.506620  4.9435E-01
     100   22.512810  4.8972E-01
     101   22.519000  4.8538E-01
     102   22.525190  4.8135E-01
     103   22.531380  4.7764E-01
     104   22.537570  4.7429E-01
     105   22.543760  4.7131E-01
     106   22.549950  4.6872E-01
     107   22.556140  4.6654E-01
     108   22.562330  4.6478E-01
     109   22.568520  4.6345E-01
     110   22.574710  4.6257E-01
     111   22.580900  4.6214E-01
     112   22.587090  4.6216E-01
     113   22.593280  4.6265E-01
     114   22.599470  4.6361E-01
     115   22.605660  4.6502E-01
     116   22.611850  4.6689E-01
     117   22.618040  4.6920E-01
     118   22.624230  4.7195E-01
     119   22.630420  4.7512E-01
     120   22.636610  4.7870E-01
     121   22.642800  4.8266E-01
     122   22.648990  4.8699E-01
     123   22.655180  4.9166E-01
     124   22.661370  4.9664E-01
     125   22.667560  5.0190E-01
     126   22.673750  5.0742E-01
     127   22.679940  5.1316E-01
     128   22.686130  5.1909E-01
     129   22.692320  5.2518E-01
     130   22.698510  5.3139E-01
     131   22.704700  5.3769E-01
     132   22.710890  5.4404E-01
     133   22.717080  5.5041E-01
     134   22.723270  5.5676E-01
     135   22.729460  5.6307E-01
     136   22.735650  5.6930E-01
     137   22.741840  5.7542E-01
     138   22.748030  5.8141E-01
     139   22.754220  5.8723E-01
     140   22.760410  5.9287E-01
     141   22.766600  5.9830E-01
     142   22.772790  6.0350E-01
     143   22.778980  6.0846E-01
     144   22.785170  6.1316E-01
     145   22.791360  6.1760E-01
     146   22.797550  6.2176E-01
     147   22.803740  6.2563E-01
     148   22.809930  6.2922E-01
     149   22.816120  6.3253E-01
     150   22.822310  6.3555E-01
     151   22.828500  6.3829E-01
     152   22.834690  6.4075E-01
     153   22.840880  6.4294E-01
     154   22.847070  6.4488E-01
     155   22.853260  6.4657E-01
     156   22.859450  6.4802E-01
     157   22.865640  6.4925E-01
     158   22.871830  6.5027E-01
     159   22.878020  6.5110E-01
     160   22.884210  6.5174E-01
     161   22.890400  6.5222E-01
     162   22.896590  6.5254E-01
     163   22.902780  6.5273E-01
     164   22.908970  6.5279E-01
     165   22.915160  6.5274E-01
     166   22.921350  6.5259E-01
     167   22.927540  6.5235E-01
     168   22.933730  6.5204E-01
     169   22.939920  6.5165E-01
     170   22.946110  6.5120E-01
     171   22.952300  6.5069E-01
     172   22.958490  6.5013E-01
     173   22.964680  6.4953E-01
     174   22.970870  6.4888E-01
     175   22.977060  6.4820E-01
     176   22.983250  6.4747E-01
     177   22.989440  6.4671E-01
     178   22.995630  6.4592E-01
     179   23.001820  6.4508E-01
     180   23.008010  6.4421E-01
     181   23.014200  6.4331E-01
     182   23.020390  6.4237E-01
     183   23.026580  6.4138E-01
     184   23.032770  6.4037E-01
     185   23.038960  6.3931E-01
     186   23.045150  6.3821E-01
     187   23.051340  6.3708E-01
     188   23.057530  6.3592E-01
     189   23.063720  6.3472E-01
     190   23.069910  6.3349E-01
     191   23.076100  6.3224E-01
     192   23.082290  6.3097E-01
     193   23.088480  6.2968E-01
     194   23.094670  6.2837E-01
     195   23.100860  6.2707E-01
     196   23.107050  6.2576E-01
     197   23.113240  6.2446E-01
     198   23.119430  6.2318E-01
     199   23.125620  6.2192E-01
     200   23.131810  6.2068E-01
     201   23.138000  6.1948E-01
     202   23.144190  6.1832E-01
     203   23.150380  6.1720E-01
     204   23.156570  6.1613E-01
     205   23.162760  6.1512E-01
     206   23.168950  6.1416E-01
     207   23.175140  6.1325E-01
     208   23.181330  6.1240E-01
     209   23.187520  6.1160E-01
     210   23.193710  6.1085E-01
     211   23.199900  6.1015E-01
     212   23.206090  6.0949E-01
     213   23.212280  6.0886E-01
     214   23.218470  6.0825E-01
     215   23.224660  6.0766E-01
     216   23.230850  6.0706E-01
     217   23.237040  6.0646E-01
     218   23.243230  6.0582E-01
     219   23.249420  6.0514E-01
     220   23.255610  6.0441E-01
     221   23.261800  6.0360E-01
     222   23.267990  6.0269E-01
     223   23.274180  6.0168E-01
     224   23.280370  6.0054E-01
     225   23.286560  5.9925E-01
     226   23.292750  5.9780E-01
     227   23.298940  5.9618E-01
     228   23.305130  5.9436E-01
     229   23.311320  5.9233E-01
     230   23.317510  5.9009E-01
     231   23.323700  5.8762E-01
     232   23.329890  5.8490E-01
     233   23.336080  5.8193E-01
     234   23.342270  5.7871E-01
     235   23.348460  5.7523E-01
     236   23.354650  5.7148E-01
     237   23.360840  5.6747E-01
     238   23.367030  5.6319E-01
     239   23.373220  5.5865E-01
     240   23.379410  5.5386E-01
     241   23.385600  5.4882E-01
     242   23.391790  5.4353E-01
     243   23.397980  5.3801E-01
     244   23.404170  5.3227E-01
     245   23.410360  5.2632E-01
     246   23.416550  5.2017E-01
     247   23.422740  5.1385E-01
     248   23.428930  5.0735E-01
     249   23.435120  5.0071E-01
     250   23.441310  4.9392E-01
     251   23.447500  4.8702E-01
     252   23.453690  4.8002E-01
     253   23.459880  4.7293E-01
     254   23.466070  4.6576E-01
     255   23.472260  4.5854E-01
     256   23.478450  4.5128E-01
     257   23.484640  4.4399E-01
     258   23.490830  4.3668E-01
     259   23.497020  4.2937E-01
     260   23.503210  4.2207E-01
     261   23.509400  4.1479E-01
     262   23.515590  4.0753E-01
     263   23.521780  4.0030E-01
     264   23.527970  3.9311E-01
     265   23.534160  3.8597E-01
     266   23.540350  3.7888E-01
     267   23.546540  3.7184E-01
     268   23.552730  3.6485E-01
     269   23.558920  3.5792E-01
     270   23.565110  3.5105E-01
     271   23.571300  3.4424E-01
     272   23.577490  3.3748E-01
     273   23.583680  3.3078E-01
     274   23.589870  3.2413E-01
     275   23.596060  3.1754E-01
     276   23.602250  3.1099E-01
     277   23.608440  3.0450E-01
     278   23.614630  2.9806E-01
     279   23.620820  2.9166E-01
     280   23.627010  2.8531E-01
     281   23.633200  2.7900E-01
     282   23.639390  2.7274E-01
     283   23.645580  2.6653E-01
     284   23.651770  2.6036E-01
     285   23.657960  2.5425E-01
     286   23.664150  2.4820E-01
     287   23.670340  2.4220E-01
     288   23.676530  2.3627E-01
     289   23.682720  2.3041E-01
     290   23.688910  2.2462E-01
     291   23.695100  2.1893E-01
     292   23.701290  2.1334E-01
     293   23.707480  2.0785E-01
     294   23.713670  2.0248E-01
     295   23.719860  1.9725E-01
     296   23.726050  1.9216E-01
     297   23.732240  1.8723E-01
     298   23.738430  1.8248E-01
     299   23.744620  1.7792E-01
     300   23.750810  1.7357E-01
     301   23.757000  1.6945E-01
     302   23.763190  1.6557E-01
     303   23.769380  1.6196E-01
     304   23.775570  1.5862E-01
     305   23.781760  1.5559E-01
     306   23.787950  1.5287E-01
     307   23.794140  1.5049E-01
     308   23.800330  1.4846E-01
     309   23.806520  1.4680E-01
     310   23.812710  1.4553E-01
     311   23.818900  1.4466E-01
     312   23.825090  1.4422E-01
     313   23.831280  1.4420E-01
     314   23.837470  1.4464E-01
     315   23.843660  1.4553E-01
     316   23.849850  1.4690E-01
     317   23.856040  1.4874E-01
     318   23.862230  1.5107E-01
     319   23.868420  1.5390E-01
     320   23.874610  1.5723E-01
     321   23.880800  1.6106E-01
     322   23.886990  1.6539E-01
     323   23.893180  1.7023E-01
     324   23.899370  1.7557E-01
     325   23.905560  1.8141E-01
     326   23.911750  1.8774E-01
     327   23.917940  1.9456E-01
     328   23.924130  2.0186E-01
     329   23.930320  2.0962E-01
     330   23.936510  2.1783E-01
     331   23.942700  2.2649E-01
     332   23.948890  2.3557E-01
     333   23.955080  2.4506E-01
     334   23.961270  2.5494E-01
     335   23.967460  2.6519E-01
     336   23.973650  2.7579E-01
     337   23.979840  2.8671E-01
     338   23.986030  2.9795E-01
     339   23.992220  3.0946E-01
     340   23.998410  3.2124E-01
     341   24.004600  3.3325E-01
     342   24.010790  3.4547E-01
     343   24.016980  3.5787E-01
     344   24.023170  3.7043E-01
     345   24.029360  3.8313E-01
     346   24.035550  3.9594E-01
     347   24.041740  4.0883E-01
     348   24.047930  4.2177E-01
     349   24.054120  4.3476E-01
     350   24.060310  4.4775E-01
     351   24.066500  4.6073E-01
     352   24.072690  4.7367E-01
     353   24.078880  4.8656E-01
     354   24.085070  4.9936E-01
     355   24.091260  5.1207E-01
     356   24.097450  5.2466E-01
     357   24.103640  5.3710E-01
     358   24.109830  5.4940E-01
     359   24.116020  5.6152E-01
     360   24.122210  5.7345E-01
     361   24.128400  5.8518E-01
     362   24.134590  5.9669E-01
     363   24.140780  6.0797E-01
     364   24.146970  6.1902E-01
     365   24.153160  6.2981E-01
     366   24.159350  6.4034E-01
     367   24.165540  6.5061E-01
     368   24.171730  6.6060E-01
     369   24.177920  6.7030E-01
     370   24.184110  6.7972E-01
     371   24.190300  6.8885E-01
     372   24.196490  6.9769E-01
     373   24.202680  7.0622E-01
     374   24.208870  7.1446E-01
     375   24.215060  7.2240E-01
     376   24.221250  7.3003E-01
     377   24.227440  7.3737E-01
     378   24.233630  7.4441E-01
     379   24.239820  7.5115E-01
     380   24.246010  7.5760E-01
     381   24.252200  7.6376E-01
     382   24.258390  7.6963E-01
     383   24.264580  7.7521E-01
     384   24.270770  7.8052E-01
     385   24.276960  7.8555E-01
     386   24.283150  7.9031E-01
     387   24.289340  7.9481E-01
     388   24.295530  7.9905E-01
     389   24.301720  8.0304E-01
     390   24.307910  8.0678E-01
     391   24.314100  8.1027E-01
     392   24.320290  8.1353E-01
     393   24.326480  8.1656E-01
     394   24.332670  8.1937E-01
     395   24.338860  8.2196E-01
     396   24.345050  8.2433E-01
     397   24.351240  8.2650E-01
     398   24.357430  8.2847E-01
     399   24.363620  8.3024E-01
     400   24.369810  8.3182E-01
     401   24.376000  8.3321E-01
     402   24.382190  8.3442E-01
     403   24.388380  8.3546E-01
     404   24.394570  8.3632E-01
     405   24.400760  8.3702E-01
     406   24.406950  8.3755E-01
     407   24.413140  8.3792E-01
     408   24.419330  8.3814E-01
     409   24.425520  8.3821E-01
     410   24.431710  8.3812E-01
     411   24.437900  8.3790E-01
     412   24.444090  8.3753E-01
     413   24.450280  8.3703E-01
     414   24.456470  8.3640E-01
     415   24.462660  8.3563E-01
     416   24.468850  8.3474E-01
     417   24.475040  8.3372E-01
     418   24.481230  8.3259E-01
     419   24.487420  8.3134E-01
     420   24.493610  8.2998E-01
     421   24.499800  8.2852E-01
     422   24.505990  8.2695E-01
     423   24.512180  8.2527E-01
     424   24.518370  8.2351E-01
     425   24.524560  8.2164E-01
     426   24.530750  8.1969E-01
     427   24.536940  8.1766E-01
     428   24.543130  8.1554E-01
     429   24.549320  8.1334E-01
     430   24.555510  8.1106E-01
     431   24.561700  8.0872E-01
     432   24.567890  8.0629E-01
     433   24.574080  8.0380E-01
     434   24.580270  8.0125E-01
     435   24.586460  7.9862E-01
     436   24.592650  7.9593E-01
     437   24.598840  7.9317E-01
     438   24.605030  7.9034E-01
     439   24.611220  7.8744E-01
     440   24.617410  7.8447E-01
     441   24.623600  7.8143E-01
     442   24.629790  7.7830E-01
     443   24.635980  7.7509E-01
     444   24.642170  7.7178E-01
     445   24.648360  7.6838E-01
     446   24.654550  7.6487E-01
     447   24.660740  7.6125E-01
     448   24.666930  7.5750E-01
     449   24.673120  7.5362E-01
     450   24.679310  7.4959E-01
     451   24.685500  7.4540E-01
     452   24.691690  7.4104E-01
     453   24.697880  7.3650E-01
     454   24.704070  7.3177E-01
     455   24.710260  7.2682E-01
     456   24.716450  7.2165E-01
     457   24.722640  7.1624E-01
     458   24.728830  7.1058E-01
     459   24.735020  7.0466E-01
     460   24.741210  6.9846E-01
     461   24.747400  6.9197E-01
     462   24.753590  6.8518E-01
     463   24.759780  6.7807E-01
     464   24.765970  6.7065E-01
     465   24.772160  6.6289E-01
     466   24.778350  6.5480E-01
     467   24.784540  6.4636E-01
     468   24.790730  6.3757E-01
     469   24.796920  6.2843E-01
     470   24.803110  6.1894E-01
     471   24.809300  6.0911E-01
     472   24.815490  5.9892E-01
     473   24.821680  5.8839E-01
     474   24.827870  5.7752E-01
     475   24.834060  5.6633E-01
     476   24.840250  5.5482E-01
     477   24.846440  5.4301E-01
     478   24.852630  5.3090E-01
     479   24.858820  5.1853E-01
     480   24.865010  5.0591E-01
     481   24.871200  4.9305E-01
     482   24.877390  4.7998E-01
     483   24.883580  4.6672E-01
     484   24.889770  4.5330E-01
     485   24.895960  4.3975E-01
     486   24.902150  4.2608E-01
     487   24.908340  4.1234E-01
     488   24.914530  3.9854E-01
     489   24.920720  3.8472E-01
     490   24.926910  3.7090E-01
     491   24.933100  3.5712E-01
     492   24.939290  3.4341E-01
     493   24.945480  3.2979E-01
     494   24.951670  3.1629E-01
     495   24.957860  3.0295E-01
     496   24.964050  2.8978E-01
     497   24.970240  2.7682E-01
     498   24.976430  2.6409E-01
     499   24.982620  2.5162E-01
     500   24.988810  2.3943E-01
     501   24.995000  2.2754E-01
     502   25.001190  2.1598E-01
     503   25.007380  2.0475E-01
     504   25.013570  1.9388E-01
     505   25.019760  1.8339E-01
     506   25.025950  1.7328E-01
     507   25.032140  1.6357E-01
     508   25.038330  1.5428E-01
     509   25.044520  1.4540E-01
     510   25.050710  1.3695E-01
     511   25.056900  1.2894E-01
     512   25.063090  1.2136E-01
     513   25.069280  1.1422E-01
     514   25.075470  1.0753E-01
     515   25.081660  1.0128E-01
     516   25.087850  9.5475E-02
     517   25.094040  9.0111E-02
     518   25.100230  8.5187E-02
     519   25.106420  8.0699E-02
     520   25.112610  7.6645E-02
     521   25.118800  7.3020E-02
     522   25.124990  6.9820E-02
     523   25.131180  6.7039E-02
     524   25.137370  6.4673E-02
     525   25.143560  6.2717E-02
     526   25.149750  6.1165E-02
     527   25.155940  6.0012E-02
     528   25.162130  5.9254E-02
     529   25.168320  5.8886E-02
     530   25.174510  5.8904E-02
     531   25.180700  5.9303E-02
     532   25.186890  6.0080E-02
     533   25.193080  6.1232E-02
     534   25.199270  6.2755E-02
     535   25.205460  6.4648E-02
     536   25.211650  6.6907E-02
     537   25.217840  6.9532E-02
     538   25.224030  7.2522E-02
     539   25.230220  7.5874E-02
     540   25.236410  7.9588E-02
     541   25.242600  8.3664E-02
     542   25.248790  8.8100E-02
     543   25.254980  9.2897E-02
     544   25.261170  9.8053E-02
     545   25.267360  1.0357E-01
     546   25.273550  1.0944E-01
     547   25.279740  1.1567E-01
     548   25.285930  1.2226E-01
     549   25.292120  1.2919E-01
     550   25.298310  1.3648E-01
     551   25.304500  1.4411E-01
     552   25.310690  1.5208E-01
     553   25.316880  1.6039E-01
     554   25.323070  1.6903E-01
     555   25.329260  1.7799E-01
     556   25.335450  1.8726E-01
     557   25.341640  1.9684E-01
     558   25.347830  2.0670E-01
     559   25.354020  2.1685E-01
     560   25.360210  2.2726E-01
     561   25.366400  2.3792E-01
     562   25.372590  2.4881E-01
     563   25.378780  2.5992E-01
     564   25.384970  2.7123E-01
     565   25.391160  2.8271E-01
     566   25.397350  2.9435E-01
     567   25.403540  3.0613E-01
     568   25.409730  3.1801E-01
     569   25.415920  3.2998E-01
     570   25.422110  3.4202E-01
     571   25.428300  3.5409E-01
     572   25.434490  3.6617E-01
     573   25.440680  3.7823E-01
     574   25.446870  3.9026E-01
     575   25.453060  4.0221E-01
     576   25.459250  4.1406E-01
     577   25.465440  4.2580E-01
     578   25.471630  4.3738E-01
     579   25.477820  4.4878E-01
     580   25.484010  4.5999E-01
     581   25.490200  4.7097E-01
     582   25.496390  4.8169E-01
     583   25.502580  4.9215E-01
     584   25.508770  5.0230E-01
     585   25.514960  5.1214E-01
     586   25.521150  5.2164E-01
     587   25.527340  5.3077E-01
     588   25.533530  5.3953E-01
     589   25.539720  5.4790E-01
     590   25.545910  5.5585E-01
     591   25.552100  5.6338E-01
     592   25.558290  5.7046E-01
     593   25.564480  5.7710E-01
     594   25.570670  5.8327E-01
     595   25.576860  5.8896E-01
     596   25.583050  5.9417E-01
     597   25.589240  5.9889E-01
     598   25.595430  6.0310E-01
     599   25.601620  6.0682E-01
     600   25.607810  6.1001E-01
     601   25.614000  6.1270E-01
     602   25.620190  6.1486E-01
     603   25.626380  6.1650E-01
     604   25.632570  6.1762E-01
     605   25.638760  6.1822E-01
     606   25.644950  6.1828E-01
     607   25.651140  6.1783E-01
     608   25.657330  6.1684E-01
     609   25.663520  6.1534E-01
     610   25.669710  6.1332E-01
     611   25.675900  6.1078E-01
     612   25.682090  6.0774E-01
     613   25.688280  6.0418E-01
     614   25.694470  6.0013E-01
     615   25.700660  5.9559E-01
     616   25.706850  5.9056E-01
     617   25.713040  5.8506E-01
     618   25.719230  5.7910E-01
     619   25.725420  5.7269E-01
     620   25.731610  5.6584E-01
     621   25.737800  5.5856E-01
     622   25.743990  5.5088E-01
     623   25.750180  5.4280E-01
     624   25.756370  5.3436E-01
     625   25.762560  5.2556E-01
     626   25.768750  5.1643E-01
     627   25.774940  5.0699E-01
     628   25.781130  4.9727E-01
     629   25.787320  4.8730E-01
     630   25.793510  4.7710E-01
     631   25.799700  4.6669E-01
     632   25.805890  4.5612E-01
     633   25.812080  4.4541E-01
     634   25.818270  4.3460E-01
     635   25.824460  4.2371E-01
     636   25.830650  4.1279E-01
     637   25.836840  4.0187E-01
     638   25.843030  3.9099E-01
     639   25.849220  3.8018E-01
     640   25.855410  3.6949E-01
     641   25.861600  3.5894E-01
     642   25.867790  3.4858E-01
     643   25.873980  3.3844E-01
     644   25.880170  3.2856E-01
     645   25.886360  3.1898E-01
     646   25.892550  3.0974E-01
     647   25.898740  3.0086E-01
     648   25.904930  2.9238E-01
     649   25.911120  2.8433E-01
     650   25.917310  2.7675E-01
     651   25.923500  2.6966E-01
     652   25.929690  2.6308E-01
     653   25.935880  2.5705E-01
     654   25.942070  2.5158E-01
     655   25.948260  2.4669E-01
     656   25.954450  2.4240E-01
     657   25.960640  2.3873E-01
     658   25.966830  2.3567E-01
     659   25.973020  2.3325E-01
     660   25.979210  2.3147E-01
     661   25.985400  2.3032E-01
     662   25.991590  2.2981E-01
     663   25.997780  2.2993E-01
     664   26.003970  2.3068E-01
     665   26.010160  2.3205E-01
     666   26.016350  2.3402E-01
     667   26.022540  2.3658E-01
     668   26.028730  2.3970E-01
     669   26.034920  2.4337E-01
     670   26.041110  2.4757E-01
     671   26.047300  2.5226E-01
     672   26.053490  2.5742E-01
     673   26.059680  2.6302E-01
     674   26.065870  2.6903E-01
     675   26.072060  2.7541E-01
     676   26.078250  2.8212E-01
     677   26.084440  2.8914E-01
     678   26.090630  2.9642E-01
     679   26.096820  3.0393E-01
     680   26.103010  3.1162E-01
     681   26.109200  3.1946E-01
     682   26.115390  3.2741E-01
     683   26.121580  3.3542E-01
     684   26.127770  3.4347E-01
     685   26.133960  3.5151E-01
     686   26.140150  3.5950E-01
     687   26.146340  3.6741E-01
     688   26.152530  3.7520E-01
     689   26.158720  3.8283E-01
     690   26.164910  3.9027E-01
     691   26.171100  3.9749E-01
     692   26.177290  4.0446E-01
     693   26.183480  4.1115E-01
     694   26.189670  4.1753E-01
     695   26.195860  4.2357E-01
     696   26.202050  4.2926E-01
     697   26.208240  4.3456E-01
     698   26.214430  4.3946E-01
     699   26.220620  4.4394E-01
     700   26.226810  4.4798E-01
     701   26.233000  4.5157E-01
     702   26.239190  4.5470E-01
     703   26.245380  4.5735E-01
     704   26.251570  4.5951E-01
     705   26.257760  4.6119E-01
     706   26.263950  4.6237E-01
     707   26.270140  4.6305E-01
     708   26.276330  4.6323E-01
     709   26.282520  4.6291E-01
     710   26.288710  4.6209E-01
     711   26.294900  4.6078E-01
     712   26.301090  4.5897E-01
     713   26.307280  4.5669E-01
     714   26.313470  4.5392E-01
     715   26.319660  4.5069E-01
     716   26.325850  4.4701E-01
     717   26.332040  4.4288E-01
     718   26.338230  4.3832E-01
     719   26.344420  4.3334E-01
     720   26.350610  4.2796E-01
     721   26.356800  4.2220E-01
     722   26.362990  4.1607E-01
     723   26.369180  4.0959E-01
     724   26.375370  4.0278E-01
     725   26.381560  3.9565E-01
     726   26.387750  3.8824E-01
     727   26.393940  3.8056E-01
     728   26.400130  3.7262E-01
     729   26.406320  3.6447E-01
     730   26.412510  3.5610E-01
     731   26.418700  3.4756E-01
     732   26.424890  3.3886E-01
     733   26.431080  3.3002E-01
     734   26.437270  3.2107E-01
     735   26.443460  3.1203E-01
     736   26.449650  3.0293E-01
     737   26.455840  2.9379E-01
     738   26.462030  2.8463E-01
     739   26.468220  2.7547E-01
     740   26.474410  2.6635E-01
     741   26.480600  2.5728E-01
     742   26.486790  2.4828E-01
     743   26.492980  2.3938E-01
     744   26.499170  2.3060E-01
     745   26.505360  2.2196E-01
     746   26.511550  2.1348E-01
     747   26.517740  2.0518E-01
     748   26.523930  1.9709E-01
     749   26.530120  1.8921E-01
     750   26.536310  1.8156E-01
     751   26.542500  1.7418E-01
     752   26.548690  1.6706E-01
     753   26.554880  1.6022E-01
     754   26.561070  1.5369E-01
     755   26.567260  1.4747E-01
     756   26.573450  1.4157E-01
     757   26.579640  1.3600E-01
     758   26.585830  1.3078E-01
     759   26.592020  1.2591E-01
     760   26.598210  1.2140E-01
     761   26.604400  1.1725E-01
     762   26.610590  1.1347E-01
     763   26.616780  1.1007E-01
     764   26.622970  1.0703E-01
     765   26.629160  1.0437E-01
     766   26.635350  1.0208E-01
     767   26.641540  1.0015E-01
     768   26.647730  9.8590E-02
     769   26.653920  9.7387E-02
     770   26.660110  9.6533E-02
     771   26.666300  9.6021E-02
     772   26.672490  9.5840E-02
     773   26.678680  9.5979E-02
     774   26.684870  9.6425E-02
     775   26.691060  9.7164E-02
     776   26.697250  9.8181E-02
     777   26.703440  9.9460E-02
     778   26.709630  1.0098E-01
     779   26.715820  1.0273E-01
     780   26.722010  1.0469E-01
     781   26.728200  1.0684E-01
     782   26.734390  1.0915E-01
     783   26.740580  1.1161E-01
     784   26.746770  1.1420E-01
     785   26.752960  1.1689E-01
     786   26.759150  1.1967E-01
     787   26.765340  1.2251E-01
     788   26.771530  1.2539E-01
     789   26.777720  1.2830E-01
     790   26.783910  1.3121E-01
     791   26.790100  1.3410E-01
     792   26.796290  1.3696E-01
     793   26.802480  1.3977E-01
     794   26.808670  1.4251E-01
     795   26.814860  1.4518E-01
     796   26.821050  1.4775E-01
     797   26.827240  1.5021E-01
     798   26.833430  1.5257E-01
     799   26.839620  1.5480E-01
     800   26.845810  1.5691E-01
     801   26.852000  1.5889E-01
     802   26.858190  1.6073E-01
     803   26.864380  1.6245E-01
     804   26.870570  1.6404E-01
     805   26.876760  1.6552E-01
     806   26.882950  1.6687E-01
     807   26.889140  1.6812E-01
     808   26.895330  1.6928E-01
     809   26.901520  1.7035E-01
     810   26.907710  1.7136E-01
     811   26.913900  1.7232E-01
     812   26.920090  1.7324E-01
     813   26.926280  1.7415E-01
     814   26.932470  1.7507E-01
     815   26.938660  1.7602E-01
     816   26.944850  1.7703E-01
     817   26.951040  1.7810E-01
     818   26.957230  1.7928E-01
     819   26.963420  1.8057E-01
     820   26.969610  1.8201E-01
     821   26.975800  1.8362E-01
     822   26.981990  1.8542E-01
     823   26.988180  1.8744E-01
     824   26.994370  1.8969E-01
     825   27.000560  1.9219E-01
     826   27.006750  1.9497E-01
     827   27.012940  1.9804E-01
     828   27.019130  2.0142E-01
     829   27.025320  2.0511E-01
     830   27.031510  2.0914E-01
     831   27.037700  2.1351E-01
     832   27.043890  2.1823E-01
     833   27.050080  2.2331E-01
     834   27.056270  2.2874E-01
     835   27.062460  2.3454E-01
     836   27.068650  2.4068E-01
     837   27.074840  2.4719E-01
     838   27.081030  2.5404E-01
     839   27.087220  2.6122E-01
     840   27.093410  2.6874E-01
     841   27.099600  2.7657E-01
     842   27.105790  2.8470E-01
     843   27.111980  2.9311E-01
     844   27.118170  3.0179E-01
     845   27.124360  3.1071E-01
     846   27.130550  3.1985E-01
     847   27.136740  3.2919E-01
     848   27.142930  3.3871E-01
     849   27.149120  3.4838E-01
     850   27.155310  3.5817E-01
     851   27.161500  3.6805E-01
     852   27.167690  3.7801E-01
     853   27.173880  3.8801E-01
     854   27.180070  3.9802E-01
     855   27.186260  4.0802E-01
     856   27.192450  4.1798E-01
     857   27.198640  4.2787E-01
     858   27.204830  4.3766E-01
     859   27.211020  4.4734E-01
     860   27.217210  4.5687E-01
     861   27.223400  4.6622E-01
     862   27.229590  4.7539E-01
     863   27.235780  4.8433E-01
     864   27.241970  4.9304E-01
     865   27.248160  5.0149E-01
     866   27.254350  5.0966E-01
     867   27.260540  5.1754E-01
     868   27.266730  5.2510E-01
     869   27.272920  5.3233E-01
     870   27.279110  5.3923E-01
     871   27.285300  5.4577E-01
     872   27.291490  5.5195E-01
     873   27.297680  5.5775E-01
     874   27.303870  5.6318E-01
     875   27.310060  5.6821E-01
     876   27.316250  5.7285E-01
     877   27.322440  5.7709E-01
     878   27.328630  5.8094E-01
     879   27.334820  5.8438E-01
     880   27.341010  5.8741E-01
     881   27.347200  5.9005E-01
     882   27.353390  5.9229E-01
     883   27.359580  5.9413E-01
     884   27.365770  5.9557E-01
     885   27.371960  5.9663E-01
     886   27.378150  5.9731E-01
     887   27.384340  5.9762E-01
     888   27.390530  5.9756E-01
     889   27.396720  5.9714E-01
     890   27.402910  5.9637E-01
     891   27.409100  5.9527E-01
     892   27.415290  5.9384E-01
     893   27.421480  5.9209E-01
     894   27.427670  5.9004E-01
     895   27.433860  5.8770E-01
     896   27.440050  5.8508E-01
     897   27.446240  5.8220E-01
     898   27.452430  5.7906E-01
     899   27.458620  5.7568E-01
     900   27.464810  5.7208E-01
     901   27.471000  5.6826E-01
     902   27.477190  5.6424E-01
     903   27.483380  5.6004E-01
     904   27.489570  5.5566E-01
     905   27.495760  5.5112E-01
     906   27.501950  5.4643E-01
     907   27.508140  5.4160E-01
     908   27.514330  5.3664E-01
     909   27.520520  5.3157E-01
     910   27.526710  5.2639E-01
     911   27.532900  5.2111E-01
     912   27.539090  5.1573E-01
     913   27.545280  5.1028E-01
     914   27.551470  5.0474E-01
     915   27.557660  4.9914E-01
     916   27.563850  4.9347E-01
     917   27.570040  4.8773E-01
     918   27.576230  4.8193E-01
     919   27.582420  4.7607E-01
     920   27.588610  4.7016E-01
     921   27.594800  4.6419E-01
     922   27.600990  4.5816E-01
     923   27.607180  4.5207E-01
     924   27.613370  4.4592E-01
     925   27.619560  4.3971E-01
     926   27.625750  4.3343E-01
     927   27.631940  4.2708E-01
     928   27.638130  4.2067E-01
     929   27.644320  4.1417E-01
     930   27.650510  4.0760E-01
     931   27.656700  4.0095E-01
     932   27.662890  3.9421E-01
     933   27.669080  3.8738E-01
     934   27.675270  3.8046E-01
     935   27.681460  3.7345E-01
     936   27.687650  3.6634E-01
     937   27.693840  3.5913E-01
     938   27.700030  3.5183E-01
     939   27.706220  3.4443E-01
     940   27.712410  3.3694E-01
     941   27.718600  3.2935E-01
     942   27.724790  3.2167E-01
     943   27.730980  3.1391E-01
     944   27.737170  3.0606E-01
     945   27.743360  2.9814E-01
     946   27.749550  2.9015E-01
     947   27.755740  2.8209E-01
     948   27.761930  2.7399E-01
     949   27.768120  2.6584E-01
     950   27.774310  2.5766E-01
     951   27.780500  2.4945E-01
     952   27.786690  2.4124E-01
     953   27.792880  2.3302E-01
     954   27.799070  2.2482E-01
     955   27.805260  2.1664E-01
     956   27.811450  2.0851E-01
     957   27.817640  2.0043E-01
     958   27.823830  1.9241E-01
     959   27.830020  1.8447E-01
     960   27.836210  1.7663E-01
     961   27.842400  1.6889E-01
     962   27.848590  1.6127E-01
     963   27.854780  1.5379E-01
     964   27.860970  1.4644E-01
     965   27.867160  1.3925E-01
     966   27.873350  1.3222E-01
     967   27.879540  1.2537E-01
     968   27.885730  1.1870E-01
     969   27.891920  1.1222E-01
     970   27.898110  1.0594E-01
     971   27.904300  9.9861E-02
     972   27.910490  9.3993E-02
     973   27.916680  8.8338E-02
     974   27.922870  8.2901E-02
     975   27.929060  7.7683E-02
     976   27.935250  7.2687E-02
     977   27.941440  6.7911E-02
     978   27.947630  6.3357E-02
     979   27.953820  5.9022E-02
     980   27.960010  5.4906E-02
     981   27.966200  5.1004E-02
     982   27.972390  4.7314E-02
     983   27.978580  4.3830E-02
     984   27.984770  4.0549E-02
     985   27.990960  3.7465E-02
     986   27.997150  3.4573E-02
     987   28.003340  3.1865E-02
     988   28.009530  2.9335E-02
     989   28.015720  2.6976E-02
     990   28.021910  2.4781E-02
     991   28.028100  2.2743E-02
     992   28.034290  2.0854E-02
     993   28.040480  1.9107E-02
     994   28.046670  1.7494E-02
     995   28.052860  1.6007E-02
     996   28.059050  1.4639E-02
     997   28.065240  1.3384E-02
     998   28.071430  1.2232E-02
     999   28.077620  1.1178E-02
    1000   28.083810  1.0215E-02
    1001   28.090000  9.3366E-03
    1002   28.096190  8.5357E-03
    1003   28.102380  7.8066E-03
    1004   28.108570  7.1437E-03
    1005   28.114760  6.5416E-03
    1006   28.120950  5.9950E-03
    1007   28.127140  5.4992E-03
    1008   28.133330  5.0497E-03
    1009   28.139520  4.6422E-03
    1010   28.145710  4.2728E-03
    1011   28.151900  3.9378E-03
    1012   28.158090  3.6341E-03
    1013   28.164280  3.3584E-03
    1014   28.170470  3.1079E-03
    1015   28.176660  2.8802E-03
    1016   28.182850  2.6729E-03
    1017   28.189040  2.4839E-03
    1018   28.195230  2.3113E-03
    1019   28.201420  2.1535E-03
    1020   28.207610  2.0089E-03
    1021   28.213800  1.8762E-03
    1022   28.219990  1.7543E-03
    1023   28.226180  1.6422E-03
    1024   28.232370  1.5389E-03
    1025   28.238560  1.4436E-03
    1026   28.244750  1.3558E-03
    1027   28.250940  1.2749E-03
    1028   28.257130  1.2005E-03
    1029   28.263320  1.1321E-03
    1030   28.269510  1.0695E-03
    1031   28.275700  1.0125E-03
    1032   28.281890  9.6106E-04
    1033   28.288080  9.1498E-04
    1034   28.294270  8.7433E-04
    1035   28.300460  8.3917E-04
    1036   28.306650  8.0964E-04
    1037   28.312840  7.8593E-04
    1038   28.319030  7.6831E-04
    1039   28.325220  7.5711E-04
    1040   28.331410  7.5274E-04
    1041   28.337600  7.5566E-04
    1042   28.343790  7.6643E-04
    1043   28.349980  7.8568E-04
    1044   28.356170  8.1412E-04
    1045   28.362360  8.5258E-04
    1046   28.368550  9.0195E-04
    1047   28.374740  9.6325E-04
    1048   28.380930  1.0376E-03
    1049   28.387120  1.1262E-03
    1050   28.393310  1.2304E-03
    1051   28.399500  1.3518E-03
    1052   28.405690  1.4919E-03
    1053   28.411880  1.6524E-03
    1054   28.418070  1.8353E-03
    1055   28.424260  2.0425E-03
    1056   28.430450  2.2764E-03
    1057   28.436640  2.5391E-03
    1058   28.442830  2.8331E-03
    1059   28.449020  3.1611E-03
    1060   28.455210  3.5259E-03
    1061   28.461400  3.9302E-03
    1062   28.467590  4.3773E-03
    1063   28.473780  4.8701E-03
    1064   28.479970  5.4121E-03
    1065   28.486160  6.0065E-03
    1066   28.492350  6.6568E-03
    1067   28.498540  7.3666E-03
    1068   28.504730  8.1394E-03
    1069   28.510920  8.9790E-03
    1070   28.517110  9.8888E-03
    1071   28.523300  1.0873E-02
    1072   28.529490  1.1934E-02
    1073   28.535680  1.3076E-02
    1074   28.541870  1.4303E-02
    1075   28.548060  1.5617E-02
    1076   28.554250  1.7022E-02
    1077   28.560440  1.8520E-02
    1078   28.566630  2.0115E-02
    1079   28.572820  2.1808E-02
    1080   28.579010  2.3602E-02
    1081   28.585200  2.5497E-02
    1082   28.591390  2.7497E-02
    1083   28.597580  2.9601E-02
    1084   28.603770  3.1810E-02
    1085   28.609960  3.4123E-02
    1086   28.616150  3.6541E-02
    1087   28.622340  3.9063E-02
    1088   28.628530  4.1686E-02
    1089   28.634720  4.4408E-02
    1090   28.640910  4.7228E-02
    1091   28.647100  5.0141E-02
    1092   28.653290  5.3143E-02
    1093   28.659480  5.6231E-02
    1094   28.665670  5.9400E-02
    1095   28.671860  6.2644E-02
    1096   28.678050  6.5956E-02
    1097   28.684240  6.9332E-02
    1098   28.690430  7.2763E-02
    1099   28.696620  7.6242E-02
    1100   28.702810  7.9762E-02
    1101   28.709000  8.3315E-02
    1102   28.715190  8.6893E-02
    1103   28.721380  9.0486E-02
    1104   28.727570  9.4087E-02
    1105   28.733760  9.7686E-02
    1106   28.739950  1.0127E-01
    1107   28.746140  1.0484E-01
    1108   28.752330  1.0838E-01
    1109   28.758520  1.1189E-01
    1110   28.764710  1.1534E-01
    1111   28.770900  1.1875E-01
    1112   28.777090  1.2209E-01
    1113   28.783280  1.2536E-01
    1114   28.789470  1.2855E-01
    1115   28.795660  1.3165E-01
    1116   28.801850  1.3466E-01
    1117   28.808040  1.3757E-01
    1118   28.814230  1.4037E-01
    1119   28.820420  1.4306E-01
    1120   28.826610  1.4563E-01
    1121   28.832800  1.4808E-01
    1122   28.838990  1.5040E-01
    1123   28.845180  1.5259E-01
    1124   28.851370  1.5463E-01
    1125   28.857560  1.5654E-01
    1126   28.863750  1.5830E-01
    1127   28.869940  1.5992E-01
    1128   28.876130  1.6138E-01
    1129   28.882320  1.6269E-01
    1130   28.888510  1.6385E-01
    1131   28.894700  1.6484E-01
    1132   28.900890  1.6568E-01
    1133   28.907080  1.6637E-01
    1134   28.913270  1.6689E-01
    1135   28.919460  1.6725E-01
    1136   28.925650  1.6745E-01
    1137   28.931840  1.6749E-01
    1138   28.938030  1.6737E-01
    1139   28.944220  1.6709E-01
    1140   28.950410  1.6665E-01
    1141   28.956600  1.6606E-01
    1142   28.962790  1.6531E-01
    1143   28.968980  1.6441E-01
    1144   28.975170  1.6336E-01
    1145   28.981360  1.6217E-01
    1146   28.987550  1.6083E-01
    1147   28.993740  1.5936E-01
    1148   28.999930  1.5775E-01
    1149   29.006120  1.5601E-01
    1150   29.012310  1.5415E-01
    1151   29.018500  1.5217E-01
    1152   29.024690  1.5008E-01
    1153   29.030880  1.4789E-01
    1154   29.037070  1.4560E-01
    1155   29.043260  1.4322E-01
    1156   29.049450  1.4076E-01
    1157   29.055640  1.3822E-01
    1158   29.061830  1.3561E-01
    1159   29.068020  1.3295E-01
    1160   29.074210  1.3024E-01
    1161   29.080400  1.2749E-01
    1162   29.086590  1.2470E-01
    1163   29.092780  1.2189E-01
    1164   29.098970  1.1906E-01
    1165   29.105160  1.1623E-01
    1166   29.111350  1.1340E-01
    1167   29.117540  1.1058E-01
    1168   29.123730  1.0778E-01
    1169   29.129920  1.0500E-01
    1170   29.136110  1.0225E-01
    1171   29.142300  9.9542E-02
    1172   29.148490  9.6881E-02
    1173   29.154680  9.4272E-02
    1174   29.160870  9.1721E-02
    1175   29.167060  8.9234E-02
    1176   29.173250  8.6817E-02
    1177   29.179440  8.4474E-02
    1178   29.185630  8.2209E-02
    1179   29.191820  8.0028E-02
    1180   29.198010  7.7934E-02
    1181   29.204200  7.5930E-02
    1182   29.210390  7.4021E-02
    1183   29.216580  7.2209E-02
    1184   29.222770  7.0498E-02
    1185   29.228960  6.8890E-02
    1186   29.235150  6.7387E-02
    1187   29.241340  6.5992E-02
    1188   29.247530  6.4708E-02
    1189   29.253720  6.3536E-02
    1190   29.259910  6.2478E-02
    1191   29.266100  6.1536E-02
    1192   29.272290  6.0711E-02
    1193   29.278480  6.0005E-02
    1194   29.284670  5.9420E-02
    1195   29.290860  5.8955E-02
    1196   29.297050  5.8613E-02
    1197   29.303240  5.8392E-02
    1198   29.309430  5.8295E-02
    1199   29.315620  5.8320E-02
    1200   29.321810  5.8467E-02
    1201   29.328000  5.8735E-02
    1202   29.334190  5.9124E-02
    1203   29.340380  5.9630E-02
    1204   29.346570  6.0253E-02
    1205   29.352760  6.0989E-02
    1206   29.358950  6.1835E-02
    1207   29.365140  6.2787E-02
    1208   29.371330  6.3840E-02
    1209   29.377520  6.4990E-02
    1210   29.383710  6.6231E-02
    1211   29.389900  6.7556E-02
    1212   29.396090  6.8959E-02
    1213   29.402280  7.0431E-02
    1214   29.408470  7.1964E-02
    1215   29.414660  7.3551E-02
    1216   29.420850  7.5181E-02
    1217   29.427040  7.6845E-02
    1218   29.433230  7.8532E-02
    1219   29.439420  8.0233E-02
    1220   29.445610  8.1935E-02
    1221   29.451800  8.3629E-02
    1222   29.457990  8.5303E-02
    1223   29.464180  8.6945E-02
    1224   29.470370  8.8545E-02
    1225   29.476560  9.0090E-02
    1226   29.482750  9.1571E-02
    1227   29.488940  9.2975E-02
    1228   29.495130  9.4293E-02
    1229   29.501320  9.5515E-02
    1230   29.507510  9.6630E-02
    1231   29.513700  9.7631E-02
    1232   29.519890  9.8509E-02
    1233   29.526080  9.9256E-02
    1234   29.532270  9.9865E-02
    1235   29.538460  1.0033E-01
    1236   29.544650  1.0065E-01
    1237   29.550840  1.0081E-01
    1238   29.557030  1.0082E-01
    1239   29.563220  1.0068E-01
    1240   29.569410  1.0037E-01
    1241   29.575600  9.9904E-02
    1242   29.581790  9.9281E-02
    1243   29.587980  9.8501E-02
    1244   29.594170  9.7568E-02
    1245   29.600360  9.6486E-02
    1246   29.606550  9.5259E-02
    1247   29.612740  9.3893E-02
    1248   29.618930  9.2394E-02
    1249   29.625120  9.0770E-02
    1250   29.631310  8.9027E-02
    1251   29.637500  8.7176E-02
    1252   29.643690  8.5224E-02
    1253   29.649880  8.3182E-02
    1254   29.656070  8.1059E-02
    1255   29.662260  7.8866E-02
    1256   29.668450  7.6613E-02
    1257   29.674640  7.4310E-02
    1258   29.680830  7.1970E-02
    1259   29.687020  6.9603E-02
    1260   29.693210  6.7219E-02
    1261   29.699400  6.4830E-02
    1262   29.705590  6.2446E-02
    1263   29.711780  6.0078E-02
    1264   29.717970  5.7736E-02
    1265   29.724160  5.5431E-02
    1266   29.730350  5.3170E-02
    1267   29.736540  5.0965E-02
    1268   29.742730  4.8824E-02
    1269   29.748920  4.6754E-02
    1270   29.755110  4.4765E-02
    1271   29.761300  4.2863E-02
    1272   29.767490  4.1054E-02
    1273   29.773680  3.9346E-02
    1274   29.779870  3.7745E-02
    1275   29.786060  3.6254E-02
    1276   29.792250  3.4879E-02
    1277   29.798440  3.3625E-02
    1278   29.804630  3.2494E-02
    1279   29.810820  3.1490E-02
    1280   29.817010  3.0615E-02
    1281   29.823200  2.9871E-02
    1282   29.829390  2.9259E-02
    1283   29.835580  2.8781E-02
    1284   29.841770  2.8436E-02
    1285   29.847960  2.8225E-02
    1286   29.854150  2.8147E-02
    1287   29.860340  2.8201E-02
    1288   29.866530  2.8385E-02
    1289   29.872720  2.8697E-02
    1290   29.878910  2.9136E-02
    1291   29.885100  2.9697E-02
    1292   29.891290  3.0378E-02
    1293   29.897480  3.1175E-02
    1294   29.903670  3.2084E-02
    1295   29.909860  3.3100E-02
    1296   29.916050  3.4219E-02
    1297   29.922240  3.5434E-02
    1298   29.928430  3.6741E-02
    1299   29.934620  3.8134E-02
    1300   29.940810  3.9606E-02
    1301   29.947000  4.1150E-02
    1302   29.953190  4.2759E-02
    1303   29.959380  4.4427E-02
    1304   29.965570  4.6146E-02
    1305   29.971760  4.7908E-02
    1306   29.977950  4.9706E-02
    1307   29.984140  5.1531E-02
    1308   29.990330  5.3375E-02
    1309   29.996520  5.5230E-02
    1310   30.002710  5.7088E-02
    1311   30.008900  5.8939E-02
    1312   30.015090  6.0777E-02
    1313   30.021280  6.2592E-02
    1314   30.027470  6.4376E-02
    1315   30.033660  6.6121E-02
    1316   30.039850  6.7819E-02
    1317   30.046040  6.9462E-02
    1318   30.052230  7.1043E-02
    1319   30.058420  7.2554E-02
    1320   30.064610  7.3989E-02
    1321   30.070800  7.5341E-02
    1322   30.076990  7.6603E-02
    1323   30.083180  7.7770E-02
    1324   30.089370  7.8836E-02
    1325   30.095560  7.9796E-02
    1326   30.101750  8.0647E-02
    1327   30.107940  8.1384E-02
    1328   30.114130  8.2004E-02
    1329   30.120320  8.2504E-02
    1330   30.126510  8.2882E-02
    1331   30.132700  8.3137E-02
    1332   30.138890  8.3267E-02
    1333   30.145080  8.3271E-02
    1334   30.151270  8.3151E-02
    1335   30.157460  8.2906E-02
    1336   30.163650  8.2538E-02
    1337   30.169840  8.2049E-02
    1338   30.176030  8.1441E-02
    1339   30.182220  8.0717E-02
    1340   30.188410  7.9880E-02
    1341   30.194600  7.8934E-02
    1342   30.200790  7.7883E-02
    1343   30.206980  7.6732E-02
    1344   30.213170  7.5485E-02
    1345   30.219360  7.4148E-02
    1346   30.225550  7.2727E-02
    1347   30.231740  7.1227E-02
    1348   30.237930  6.9654E-02
    1349   30.244120  6.8015E-02
    1350   30.250310  6.6315E-02
    1351   30.256500  6.4562E-02
    1352   30.262690  6.2761E-02
    1353   30.268880  6.0919E-02
    1354   30.275070  5.9044E-02
    1355   30.281260  5.7140E-02
    1356   30.287450  5.5215E-02
    1357   30.293640  5.3274E-02
    1358   30.299830  5.1324E-02
    1359   30.306020  4.9371E-02
    1360   30.312210  4.7421E-02
    1361   30.318400  4.5478E-02
    1362   30.324590  4.3549E-02
    1363   30.330780  4.1638E-02
    1364   30.336970  3.9750E-02
    1365   30.343160  3.7890E-02
    1366   30.349350  3.6060E-02
    1367   30.355540  3.4267E-02
    1368   30.361730  3.2512E-02
    1369   30.367920  3.0798E-02
    1370   30.374110  2.9130E-02
    1371   30.380300  2.7509E-02
    1372   30.386490  2.5937E-02
    1373   30.392680  2.4417E-02
    1374   30.398870  2.2949E-02
    1375   30.405060  2.1535E-02
    1376   30.411250  2.0176E-02
    1377   30.417440  1.8873E-02
    1378   30.423630  1.7625E-02
    1379   30.429820  1.6433E-02
    1380   30.436010  1.5297E-02
    1381   30.442200  1.4217E-02
    1382   30.448390  1.3191E-02
    1383   30.454580  1.2220E-02
    1384   30.460770  1.1301E-02
    1385   30.466960  1.0434E-02
    1386   30.473150  9.6183E-03
    1387   30.479340  8.8516E-03
    1388   30.485530  8.1325E-03
    1389   30.491720  7.4596E-03
    1390   30.497910  6.8310E-03
    1391   30.504100  6.2452E-03
    1392   30.510290  5.7002E-03
    1393   30.516480  5.1943E-03
    1394   30.522670  4.7255E-03
    1395   30.528860  4.2921E-03
    1396   30.535050  3.8922E-03
    1397   30.541240  3.5240E-03
    1398   30.547430  3.1855E-03
    1399   30.553620  2.8751E-03
    1400   30.559810  2.5911E-03
    1401   30.566000  2.3316E-03
    1402   30.572190  2.0951E-03
    1403   30.578380  1.8800E-03
    1404   30.584570  1.6848E-03
    1405   30.590760  1.5079E-03
    1406   30.596950  1.3481E-03
    1407   30.603140  1.2041E-03
    1408   30.609330  1.0744E-03
    1409   30.615520  9.5812E-04
    1410   30.621710  8.5399E-04
    1411   30.627900  7.6103E-04
    1412   30.634090  6.7827E-04
    1413   30.640280  6.0483E-04
    1414   30.646470  5.3989E-04
    1415   30.652660  4.8271E-04
    1416   30.658850  4.3259E-04
    1417   30.665040  3.8892E-04
    1418   30.671230  3.5114E-04
    1419   30.677420  3.1875E-04
    1420   30.683610  2.9131E-04
    1421   30.689800  2.6845E-04
    1422   30.695990  2.4982E-04
    1423   30.702180  2.3517E-04
    1424   30.708370  2.2427E-04
    1425   30.714560  2.1694E-04
    1426   30.720750  2.1307E-04
    1427   30.726940  2.1259E-04
    1428   30.733130  2.1547E-04
    1429   30.739320  2.2174E-04
    1430   30.745510  2.3147E-04
    1431   30.751700  2.4478E-04
    1432   30.757890  2.6184E-04
    1433   30.764080  2.8287E-04
    1434   30.770270  3.0814E-04
    1435   30.776460  3.3798E-04
    1436   30.782650  3.7274E-04
    1437   30.788840  4.1287E-04
    1438   30.795030  4.5885E-04
    1439   30.801220  5.1123E-04
    1440   30.807410  5.7060E-04
    1441   30.813600  6.3765E-04
    1442   30.819790  7.1310E-04
    1443   30.825980  7.9778E-04
    1444   30.832170  8.9256E-04
    1445   30.838360  9.9840E-04
    1446   30.844550  1.1163E-03
    1447   30.850740  1.2475E-03
    1448   30.856930  1.3931E-03
    1449   30.863120  1.5545E-03
    1450   30.869310  1.7330E-03
    1451   30.875500  1.9301E-03
    1452   30.881690  2.1475E-03
    1453   30.887880  2.3868E-03
    1454   30.894070  2.6498E-03
    1455   30.900260  2.9385E-03
    1456   30.906450  3.2549E-03
    1457   30.912640  3.6011E-03
    1458   30.918830  3.9793E-03
    1459   30.925020  4.3920E-03
    1460   30.931210  4.8417E-03
    1461   30.937400  5.3308E-03
    1462   30.943590  5.8621E-03
    1463   30.949780  6.4383E-03
    1464   30.955970  7.0625E-03
    1465   30.962160  7.7375E-03
    1466   30.968350  8.4664E-03
    1467   30.974540  9.2523E-03
    1468   30.980730  1.0099E-02
    1469   30.986920  1.1008E-02
    1470   30.993110  1.1985E-02
    1471   30.999300  1.3032E-02
    1472   31.005490  1.4152E-02
    1473   31.011680  1.5349E-02
    1474   31.017870  1.6626E-02
    1475   31.024060  1.7986E-02
    1476   31.030250  1.9433E-02
    1477   31.036440  2.0969E-02
    1478   31.042630  2.2598E-02
    1479   31.048820  2.4322E-02
    1480   31.055010  2.6144E-02
    1481   31.061200  2.8066E-02
    1482   31.067390  3.0091E-02
    1483   31.073580  3.2220E-02
    1484   31.079770  3.4454E-02
    1485   31.085960  3.6796E-02
    1486   31.092150  3.9246E-02
    1487   31.098340  4.1805E-02
    1488   31.104530  4.4472E-02
    1489   31.110720  4.7248E-02
    1490   31.116910  5.0131E-02
    1491   31.123100  5.3120E-02
    1492   31.129290  5.6215E-02
    1493   31.135480  5.9411E-02
    1494   31.141670  6.2707E-02
    1495   31.147860  6.6100E-02
    1496   31.154050  6.9584E-02
    1497   31.160240  7.3156E-02
    1498   31.166430  7.6811E-02
    1499   31.172620  8.0544E-02
    1500   31.178810  8.4347E-02
    1501   31.185000  8.8215E-02
    1502   31.191190  9.2139E-02
    1503   31.197380  9.6114E-02
    1504   31.203570  1.0013E-01
    1505   31.209760  1.0418E-01
    1506   31.215950  1.0825E-01
    1507   31.222140  1.1234E-01
    1508   31.228330  1.1643E-01
    1509   31.234520  1.2051E-01
    1510   31.240710  1.2458E-01
    1511   31.246900  1.2862E-01
    1512   31.253090  1.3262E-01
    1513   31.259280  1.3658E-01
    1514   31.265470  1.4047E-01
    1515   31.271660  1.4430E-01
    1516   31.277850  1.4804E-01
    1517   31.284040  1.5169E-01
    1518   31.290230  1.5524E-01
    1519   31.296420  1.5867E-01
    1520   31.302610  1.6198E-01
    1521   31.308800  1.6515E-01
    1522   31.314990  1.6817E-01
    1523   31.321180  1.7104E-01
    1524   31.327370  1.7375E-01
    1525   31.333560  1.7629E-01
    1526   31.339750  1.7864E-01
    1527   31.345940  1.8081E-01
    1528   31.352130  1.8278E-01
    1529   31.358320  1.8455E-01
    1530   31.364510  1.8611E-01
    1531   31.370700  1.8745E-01
    1532   31.376890  1.8858E-01
    1533   31.383080  1.8949E-01
    1534   31.389270  1.9017E-01
    1535   31.395460  1.9063E-01
    1536   31.401650  1.9086E-01
    1537   31.407840  1.9086E-01
    1538   31.414030  1.9063E-01
    1539   31.420220  1.9017E-01
    1540   31.426410  1.8948E-01
    1541   31.432600  1.8856E-01
    1542   31.438790  1.8743E-01
    1543   31.444980  1.8608E-01
    1544   31.451170  1.8451E-01
    1545   31.457360  1.8273E-01
    1546   31.463550  1.8075E-01
    1547   31.469740  1.7857E-01
    1548   31.475930  1.7621E-01
    1549   31.482120  1.7366E-01
    1550   31.488310  1.7094E-01
    1551   31.494500  1.6805E-01
    1552   31.500690  1.6501E-01
    1553   31.506880  1.6183E-01
    1554   31.513070  1.5851E-01
    1555   31.519260  1.5507E-01
    1556   31.525450  1.5152E-01
    1557   31.531640  1.4787E-01
    1558   31.537830  1.4412E-01
    1559   31.544020  1.4031E-01
    1560   31.550210  1.3643E-01
    1561   31.556400  1.3250E-01
    1562   31.562590  1.2853E-01
    1563   31.568780  1.2454E-01
    1564   31.574970  1.2054E-01
    1565   31.581160  1.1653E-01
    1566   31.587350  1.1254E-01
    1567   31.593540  1.0858E-01
    1568   31.599730  1.0465E-01
    1569   31.605920  1.0077E-01
    1570   31.612110  9.6960E-02
    1571   31.618300  9.3220E-02
    1572   31.624490  8.9565E-02
    1573   31.630680  8.6007E-02
    1574   31.636870  8.2555E-02
    1575   31.643060  7.9219E-02
    1576   31.649250  7.6010E-02
    1577   31.655440  7.2936E-02
    1578   31.661630  7.0007E-02
    1579   31.667820  6.7229E-02
    1580   31.674010  6.4610E-02
    1581   31.680200  6.2158E-02
    1582   31.686390  5.9879E-02
    1583   31.692580  5.7777E-02
    1584   31.698770  5.5859E-02
    1585   31.704960  5.4128E-02
    1586   31.711150  5.2588E-02
    1587   31.717340  5.1243E-02
    1588   31.723530  5.0094E-02
    1589   31.729720  4.9144E-02
    1590   31.735910  4.8393E-02
    1591   31.742100  4.7841E-02
    1592   31.748290  4.7489E-02
    1593   31.754480  4.7336E-02
    1594   31.760670  4.7380E-02
    1595   31.766860  4.7618E-02
    1596   31.773050  4.8049E-02
    1597   31.779240  4.8668E-02
    1598   31.785430  4.9471E-02
    1599   31.791620  5.0454E-02
    1600   31.797810  5.1612E-02
    1601   31.804000  5.2938E-02
    1602   31.810190  5.4427E-02
    1603   31.816380  5.6072E-02
    1604   31.822570  5.7866E-02
    1605   31.828760  5.9800E-02
    1606   31.834950  6.1868E-02
    1607   31.841140  6.4060E-02
    1608   31.847330  6.6369E-02
    1609   31.853520  6.8785E-02
    1610   31.859710  7.1299E-02
    1611   31.865900  7.3902E-02
    1612   31.872090  7.6584E-02
    1613   31.878280  7.9336E-02
    1614   31.884470  8.2148E-02
    1615   31.890660  8.5011E-02
    1616   31.896850  8.7914E-02
    1617   31.903040  9.0850E-02
    1618   31.909230  9.3807E-02
    1619   31.915420  9.6778E-02
    1620   31.921610  9.9753E-02
    1621   31.927800  1.0272E-01
    1622   31.933990  1.0568E-01
    1623   31.940180  1.0861E-01
    1624   31.946370  1.1152E-01
    1625   31.952560  1.1439E-01
    1626   31.958750  1.1721E-01
    1627   31.964940  1.1999E-01
    1628   31.971130  1.2271E-01
    1629   31.977320  1.2536E-01
    1630   31.983510  1.2794E-01
    1631   31.989700  1.3045E-01
    1632   31.995890  1.3288E-01
    1633   32.002080  1.3522E-01
    1634   32.008270  1.3748E-01
    1635   32.014460  1.3964E-01
    1636   32.020650  1.4170E-01
    1637   32.026840  1.4367E-01
    1638   32.033030  1.4553E-01
    1639   32.039220  1.4728E-01
    1640   32.045410  1.4893E-01
    1641   32.051600  1.5046E-01
    1642   32.057790  1.5188E-01
    1643   32.063980  1.5318E-01
    1644   32.070170  1.5437E-01
    1645   32.076360  1.5544E-01
    1646   32.082550  1.5638E-01
    1647   32.088740  1.5720E-01
    1648   32.094930  1.5790E-01
    1649   32.101120  1.5848E-01
    1650   32.107310  1.5893E-01
    1651   32.113500  1.5926E-01
    1652   32.119690  1.5946E-01
    1653   32.125880  1.5954E-01
    1654   32.132070  1.5950E-01
    1655   32.138260  1.5933E-01
    1656   32.144450  1.5904E-01
    1657   32.150640  1.5863E-01
    1658   32.156830  1.5811E-01
    1659   32.163020  1.5747E-01
    1660   32.169210  1.5672E-01
    1661   32.175400  1.5586E-01
    1662   32.181590  1.5489E-01
    1663   32.187780  1.5383E-01
    1664   32.193970  1.5267E-01
    1665   32.200160  1.5141E-01
    1666   32.206350  1.5007E-01
    1667   32.212540  1.4865E-01
    1668   32.218730  1.4715E-01
    1669   32.224920  1.4558E-01
    1670   32.231110  1.4395E-01
    1671   32.237300  1.4227E-01
    1672   32.243490  1.4053E-01
    1673   32.249680  1.3875E-01
    1674   32.255870  1.3694E-01
    1675   32.262060  1.3509E-01
    1676   32.268250  1.3322E-01
    1677   32.274440  1.3133E-01
    1678   32.280630  1.2943E-01
    1679   32.286820  1.2752E-01
    1680   32.293010  1.2562E-01
    1681   32.299200  1.2372E-01
    1682   32.305390  1.2183E-01
    1683   32.311580  1.1996E-01
    1684   32.317770  1.1810E-01
    1685   32.323960  1.1627E-01
    1686   32.330150  1.1446E-01
    1687   32.336340  1.1267E-01
    1688   32.342530  1.1092E-01
    1689   32.348720  1.0920E-01
    1690   32.354910  1.0750E-01
    1691   32.361100  1.0584E-01
    1692   32.367290  1.0421E-01
    1693   32.373480  1.0261E-01
    1694   32.379670  1.0104E-01
    1695   32.385860  9.9490E-02
    1696   32.392050  9.7969E-02
    1697   32.398240  9.6470E-02
    1698   32.404430  9.4992E-02
    1699   32.410620  9.3530E-02
    1700   32.416810  9.2083E-02
    1701   32.423000  9.0647E-02
    1702   32.429190  8.9218E-02
    1703   32.435380  8.7794E-02
    1704   32.441570  8.6372E-02
    1705   32.447760  8.4947E-02
    1706   32.453950  8.3517E-02
    1707   32.460140  8.2079E-02
    1708   32.466330  8.0631E-02
    1709   32.472520  7.9170E-02
    1710   32.478710  7.7694E-02
    1711   32.484900  7.6201E-02
    1712   32.491090  7.4690E-02
    1713   32.497280  7.3159E-02
    1714   32.503470  7.1607E-02
    1715   32.509660  7.0035E-02
    1716   32.515850  6.8441E-02
    1717   32.522040  6.6826E-02
    1718   32.528230  6.5190E-02
    1719   32.534420  6.3535E-02
    1720   32.540610  6.1862E-02
    1721   32.546800  6.0172E-02
    1722   32.552990  5.8467E-02
    1723   32.559180  5.6748E-02
    1724   32.565370  5.5020E-02
    1725   32.571560  5.3283E-02
    1726   32.577750  5.1540E-02
    1727   32.583940  4.9795E-02
    1728   32.590130  4.8051E-02
    1729   32.596320  4.6309E-02
    1730   32.602510  4.4575E-02
    1731   32.608700  4.2850E-02
    1732   32.614890  4.1138E-02
    1733   32.621080  3.9442E-02
    1734   32.627270  3.7765E-02
    1735   32.633460  3.6110E-02
    1736   32.639650  3.4480E-02
    1737   32.645840  3.2878E-02
    1738   32.652030  3.1306E-02
    1739   32.658220  2.9767E-02
    1740   32.664410  2.8264E-02
    1741   32.670600  2.6797E-02
    1742   32.676790  2.5370E-02
    1743   32.682980  2.3983E-02
    1744   32.689170  2.2639E-02
    1745   32.695360  2.1338E-02
    1746   32.701550  2.0083E-02
    1747   32.707740  1.8872E-02
    1748   32.713930  1.7708E-02
    1749   32.720120  1.6591E-02
    1750   32.726310  1.5520E-02
    1751   32.732500  1.4497E-02
    1752   32.738690  1.3520E-02
    1753   32.744880  1.2589E-02
    1754   32.751070  1.1704E-02
    1755   32.757260  1.0865E-02
    1756   32.763450  1.0070E-02
    1757   32.769640  9.3192E-03
    1758   32.775830  8.6105E-03
    1759   32.782020  7.9433E-03
    1760   32.788210  7.3163E-03
    1761   32.794400  6.7281E-03
    1762   32.800590  6.1775E-03
    1763   32.806780  5.6630E-03
    1764   32.812970  5.1832E-03
    1765   32.819160  4.7364E-03
    1766   32.825350  4.3214E-03
    1767   32.831540  3.9364E-03
    1768   32.837730  3.5800E-03
    1769   32.843920  3.2508E-03
    1770   32.850110  2.9471E-03
    1771   32.856300  2.6676E-03
    1772   32.862490  2.4107E-03
    1773   32.868680  2.1751E-03
    1774   32.874870  1.9594E-03
    1775   32.881060  1.7623E-03
    1776   32.887250  1.5826E-03
    1777   32.893440  1.4189E-03
    1778   32.899630  1.2702E-03
    1779   32.905820  1.1353E-03
    1780   32.912010  1.0132E-03
    1781   32.918200  9.0284E-04
    1782   32.924390  8.0330E-04
    1783   32.930580  7.1370E-04
    1784   32.936770  6.3320E-04
    1785   32.942960  5.6101E-04
    1786   32.949150  4.9642E-04
    1787   32.955340  4.3875E-04
    1788   32.961530  3.8737E-04
    1789   32.967720  3.4170E-04
    1790   32.973910  3.0122E-04
    1791   32.980100  2.6543E-04
    1792   32.986290  2.3388E-04
    1793   32.992480  2.0616E-04
    1794   32.998670  1.8192E-04
    1795   33.004860  1.6080E-04
    1796   33.011050  1.4251E-04
    1797   33.017240  1.2677E-04
    1798   33.023430  1.1335E-04
    1799   33.029620  1.0201E-04
    1800   33.035810  9.2581E-05
    1801   33.042000  8.4884E-05
    1802   33.048190  7.8773E-05
    1803   33.054380  7.4124E-05
    1804   33.060570  7.0827E-05
    1805   33.066760  6.8792E-05
    1806   33.072950  6.7947E-05
    1807   33.079140  6.8231E-05
    1808   33.085330  6.9600E-05
    1809   33.091520  7.2023E-05
    1810   33.097710  7.5483E-05
    1811   33.103900  7.9972E-05
    1812   33.110090  8.5497E-05
    1813   33.116280  9.2076E-05
    1814   33.122470  9.9736E-05
    1815   33.128660  1.0852E-04
    1816   33.134850  1.1847E-04
    1817   33.141040  1.2966E-04
    1818   33.147230  1.4217E-04
    1819   33.153420  1.5607E-04
    1820   33.159610  1.7147E-04
    1821   33.165800  1.8849E-04
    1822   33.171990  2.0726E-04
    1823   33.178180  2.2792E-04
    1824   33.184370  2.5065E-04
    1825   33.190560  2.7562E-04
    1826   33.196750  3.0304E-04
    1827   33.202940  3.3315E-04
    1828   33.209130  3.6619E-04
    1829   33.215320  4.0246E-04
    1830   33.221510  4.4225E-04
    1831   33.227700  4.8593E-04
    1832   33.233890  5.3386E-04
    1833   33.240080  5.8646E-04
    1834   33.246270  6.4419E-04
    1835   33.252460  7.0756E-04
    1836   33.258650  7.7710E-04
    1837   33.264840  8.5342E-04
    1838   33.271030  9.3717E-04
    1839   33.277220  1.0290E-03
    1840   33.283410  1.1298E-03
    1841   33.289600  1.2402E-03
    1842   33.295790  1.3613E-03
    1843   33.301980  1.4938E-03
    1844   33.308170  1.6389E-03
    1845   33.314360  1.7976E-03
    1846   33.320550  1.9710E-03
    1847   33.326740  2.1604E-03
    1848   33.332930  2.3669E-03
    1849   33.339120  2.5919E-03
    1850   33.345310  2.8369E-03
    1851   33.351500  3.1031E-03
    1852   33.357690  3.3922E-03
    1853   33.363880  3.7056E-03
    1854   33.370070  4.0449E-03
    1855   33.376260  4.4118E-03
    1856   33.382450  4.8077E-03
    1857   33.388640  5.2344E-03
    1858   33.394830  5.6934E-03
    1859   33.401020  6.1865E-03
    1860   33.407210  6.7152E-03
    1861   33.413400  7.2810E-03
    1862   33.419590  7.8854E-03
    1863   33.425780  8.5300E-03
    1864   33.431970  9.2161E-03
    1865   33.438160  9.9448E-03
    1866   33.444350  1.0717E-02
    1867   33.450540  1.1535E-02
    1868   33.456730  1.2398E-02
    1869   33.462920  1.3308E-02
    1870   33.469110  1.4265E-02
    1871   33.475300  1.5269E-02
    1872   33.481490  1.6321E-02
    1873   33.487680  1.7420E-02
    1874   33.493870  1.8566E-02
    1875   33.500060  1.9759E-02
    1876   33.506250  2.0997E-02
    1877   33.512440  2.2280E-02
    1878   33.518630  2.3607E-02
    1879   33.524820  2.4975E-02
    1880   33.531010  2.6384E-02
    1881   33.537200  2.7830E-02
    1882   33.543390  2.9312E-02
    1883   33.549580  3.0827E-02
    1884   33.555770  3.2373E-02
    1885   33.561960  3.3945E-02
    1886   33.568150  3.5542E-02
    1887   33.574340  3.7160E-02
    1888   33.580530  3.8795E-02
    1889   33.586720  4.0444E-02
    1890   33.592910  4.2103E-02
    1891   33.599100  4.3768E-02
    1892   33.605290  4.5436E-02
    1893   33.611480  4.7102E-02
    1894   33.617670  4.8763E-02
    1895   33.623860  5.0415E-02
    1896   33.630050  5.2054E-02
    1897   33.636240  5.3677E-02
    1898   33.642430  5.5280E-02
    1899   33.648620  5.6861E-02
    1900   33.654810  5.8416E-02
    1901   33.661000  5.9942E-02
    1902   33.667190  6.1436E-02
    1903   33.673380  6.2897E-02
    1904   33.679570  6.4322E-02
    1905   33.685760  6.5710E-02
    1906   33.691950  6.7058E-02
    1907   33.698140  6.8366E-02
    1908   33.704330  6.9634E-02
    1909   33.710520  7.0859E-02
    1910   33.716710  7.2043E-02
    1911   33.722900  7.3185E-02
    1912   33.729090  7.4285E-02
    1913   33.735280  7.5344E-02
    1914   33.741470  7.6362E-02
    1915   33.747660  7.7341E-02
    1916   33.753850  7.8282E-02
    1917   33.760040  7.9185E-02
    1918   33.766230  8.0053E-02
    1919   33.772420  8.0886E-02
    1920   33.778610  8.1686E-02
    1921   33.784800  8.2454E-02
    1922   33.790990  8.3193E-02
    1923   33.797180  8.3903E-02
    1924   33.803370  8.4586E-02
    1925   33.809560  8.5243E-02
    1926   33.815750  8.5875E-02
    1927   33.821940  8.6483E-02
    1928   33.828130  8.7067E-02
    1929   33.834320  8.7629E-02
    1930   33.840510  8.8168E-02
    1931   33.846700  8.8685E-02
    1932   33.852890  8.9179E-02
    1933   33.859080  8.9650E-02
    1934   33.865270  9.0098E-02
    1935   33.871460  9.0520E-02
    1936   33.877650  9.0916E-02
    1937   33.883840  9.1285E-02
    1938   33.890030  9.1625E-02
    1939   33.896220  9.1934E-02
    1940   33.902410  9.2210E-02
    1941   33.908600  9.2451E-02
    1942   33.914790  9.2655E-02
    1943   33.920980  9.2819E-02
    1944   33.927170  9.2940E-02
    1945   33.933360  9.3017E-02
    1946   33.939550  9.3046E-02
    1947   33.945740  9.3025E-02
    1948   33.951930  9.2952E-02
    1949   33.958120  9.2825E-02
    1950   33.964310  9.2640E-02
    1951   33.970500  9.2396E-02
    1952   33.976690  9.2091E-02
    1953   33.982880  9.1723E-02
    1954   33.989070  9.1290E-02
    1955   33.995260  9.0791E-02
    1956   34.001450  9.0226E-02
    1957   34.007640  8.9593E-02
    1958   34.013830  8.8891E-02
    1959   34.020020  8.8120E-02
    1960   34.026210  8.7281E-02
    1961   34.032400  8.6374E-02
    1962   34.038590  8.5399E-02
    1963   34.044780  8.4357E-02
    1964   34.050970  8.3249E-02
    1965   34.057160  8.2078E-02
    1966   34.063350  8.0844E-02
    1967   34.069540  7.9550E-02
    1968   34.075730  7.8198E-02
    1969   34.081920  7.6791E-02
    1970   34.088110  7.5332E-02
    1971   34.094300  7.3823E-02
    1972   34.100490  7.2267E-02
    1973   34.106680  7.0669E-02
    1974   34.112870  6.9032E-02
    1975   34.119060  6.7358E-02
    1976   34.125250  6.5653E-02
    1977   34.131440  6.3919E-02
    1978   34.137630  6.2161E-02
    1979   34.143820  6.0383E-02
    1980   34.150010  5.8589E-02
    1981   34.156200  5.6782E-02
    1982   34.162390  5.4967E-02
    1983   34.168580  5.3148E-02
    1984   34.174770  5.1328E-02
    1985   34.180960  4.9511E-02
    1986   34.187150  4.7701E-02
    1987   34.193340  4.5902E-02
    1988   34.199530  4.4117E-02
    1989   34.205720  4.2349E-02
    1990   34.211910  4.0602E-02
    1991   34.218100  3.8878E-02
    1992   34.224290  3.7181E-02
    1993   34.230480  3.5513E-02
    1994   34.236670  3.3876E-02
    1995   34.242860  3.2274E-02
    1996   34.249050  3.0708E-02
    1997   34.255240  2.9179E-02
    1998   34.261430  2.7691E-02
    1999   34.267620  2.6243E-02
    2000   34.273810  2.4839E-02
    2001   34.280000  2.3478E-02
    2002   34.286190  2.2162E-02
    2003   34.292380  2.0891E-02
    2004   34.298570  1.9666E-02
    2005   34.304760  1.8488E-02
    2006   34.310950  1.7356E-02
    2007   34.317140  1.6271E-02
    2008   34.323330  1.5232E-02
    2009   34.329520  1.4239E-02
    2010   34.335710  1.3292E-02
    2011   34.341900  1.2391E-02
    2012   34.348090  1.1534E-02
    2013   34.354280  1.0721E-02
    2014   34.360470  9.9503E-03
    2015   34.366660  9.2218E-03
    2016   34.372850  8.5341E-03
    2017   34.379040  7.8861E-03
    2018   34.385230  7.2765E-03
    2019   34.391420  6.7041E-03
    2020   34.397610  6.1676E-03
    2021   34.403800  5.6656E-03
    2022   34.409990  5.1968E-03
    2023   34.416180  4.7597E-03
    2024   34.422370  4.3531E-03
    2025   34.428560  3.9754E-03
    2026   34.434750  3.6253E-03
    2027   34.440940  3.3014E-03
    2028   34.447130  3.0023E-03
    2029   34.453320  2.7267E-03
    2030   34.459510  2.4734E-03
    2031   34.465700  2.2409E-03
    2032   34.471890  2.0281E-03
    2033   34.478080  1.8338E-03
    2034   34.484270  1.6569E-03
    2035   34.490460  1.4962E-03
    2036   34.496650  1.3506E-03
    2037   34.502840  1.2192E-03
    2038   34.509030  1.1010E-03
    2039   34.515220  9.9515E-04
    2040   34.521410  9.0072E-04
    2041   34.527600  8.1693E-04
    2042   34.533790  7.4304E-04
    2043   34.539980  6.7835E-04
    2044   34.546170  6.2220E-04
    2045   34.552360  5.7400E-04
    2046   34.558550  5.3318E-04
    2047   34.564740  4.9924E-04
    2048   34.570930  4.7171E-04
    2049   34.577120  4.5015E-04
    2050   34.583310  4.3417E-04
    2051   34.589500  4.2342E-04
    2052   34.595690  4.1758E-04
    2053   34.601880  4.1635E-04
    2054   34.608070  4.1948E-04
    2055   34.614260  4.2671E-04
    2056   34.620450  4.3785E-04
    2057   34.626640  4.5269E-04
    2058   34.632830  4.7106E-04
    2059   34.639020  4.9281E-04
    2060   34.645210  5.1778E-04
    2061   34.651400  5.4584E-04
    2062   34.657590  5.7687E-04
    2063   34.663780  6.1074E-04
    2064   34.669970  6.4735E-04
    2065   34.676160  6.8657E-04
    2066   34.682350  7.2831E-04
    2067   34.688540  7.7244E-04
    2068   34.694730  8.1886E-04
    2069   34.700920  8.6744E-04
    2070   34.707110  9.1807E-04
    2071   34.713300  9.7062E-04
    2072   34.719490  1.0249E-03
    2073   34.725680  1.0809E-03
    2074   34.731870  1.1384E-03
    2075   34.738060  1.1971E-03
    2076   34.744250  1.2571E-03
    2077   34.750440  1.3180E-03
    2078   34.756630  1.3797E-03
    2079   34.762820  1.4421E-03
    2080   34.769010  1.5048E-03
    2081   34.775200  1.5677E-03
    2082   34.781390  1.6306E-03
    2083   34.787580  1.6932E-03
    2084   34.793770  1.7554E-03
    2085   34.799960  1.8168E-03
    2086   34.806150  1.8773E-03
    2087   34.812340  1.9366E-03
    2088   34.818530  1.9945E-03
    2089   34.824720  2.0508E-03
    2090   34.830910  2.1052E-03
    2091   34.837100  2.1575E-03
    2092   34.843290  2.2075E-03
    2093   34.849480  2.2550E-03
    2094   34.855670  2.2998E-03
    2095   34.861860  2.3417E-03
    2096   34.868050  2.3804E-03
    2097   34.874240  2.4160E-03
    2098   34.880430  2.4481E-03
    2099   34.886620  2.4767E-03
    2100   34.892810  2.5017E-03
    2101   34.899000  2.5229E-03
    2102   34.905190  2.5404E-03
    2103   34.911380  2.5539E-03
    2104   34.917570  2.5635E-03
    2105   34.923760  2.5692E-03
    2106   34.929950  2.5709E-03
    2107   34.936140  2.5687E-03
    2108   34.942330  2.5626E-03
    2109   34.948520  2.5526E-03
    2110   34.954710  2.5389E-03
    2111   34.960900  2.5214E-03
    2112   34.967090  2.5003E-03
    2113   34.973280  2.4758E-03
    2114   34.979470  2.4478E-03
    2115   34.985660  2.4167E-03
    2116   34.991850  2.3825E-03
    2117   34.998040  2.3453E-03
    2118   35.004230  2.3055E-03
    2119   35.010420  2.2630E-03
    2120   35.016610  2.2182E-03
    2121   35.022800  2.1712E-03
    2122   35.028990  2.1222E-03
    2123   35.035180  2.0713E-03
    2124   35.041370  2.0189E-03
    2125   35.047560  1.9650E-03
    2126   35.053750  1.9100E-03
    2127   35.059940  1.8539E-03
    2128   35.066130  1.7969E-03
    2129   35.072320  1.7393E-03
    2130   35.078510  1.6812E-03
    2131   35.084700  1.6228E-03
    2132   35.090890  1.5643E-03
    2133   35.097080  1.5058E-03
    2134   35.103270  1.4475E-03
    2135   35.109460  1.3895E-03
    2136   35.115650  1.3320E-03
    2137   35.121840  1.2751E-03
    2138   35.128030  1.2190E-03
    2139   35.134220  1.1636E-03
    2140   35.140410  1.1093E-03
    2141   35.146600  1.0559E-03
    2142   35.152790  1.0037E-03
    2143   35.158980  9.5278E-04
    2144   35.165170  9.0310E-04
    2145   35.171360  8.5478E-04
    2146   35.177550  8.0787E-04
    2147   35.183740  7.6241E-04
    2148   35.189930  7.1846E-04
    2149   35.196120  6.7603E-04
    2150   35.202310  6.3516E-04
    2151   35.208500  5.9586E-04
    2152   35.214690  5.5815E-04
    2153   35.220880  5.2202E-04
    2154   35.227070  4.8747E-04
    2155   35.233260  4.5451E-04
    2156   35.239450  4.2311E-04
    2157   35.245640  3.9326E-04
    2158   35.251830  3.6493E-04
    2159   35.258020  3.3810E-04
    2160   35.264210  3.1273E-04
    2161   35.270400  2.8880E-04
    2162   35.276590  2.6626E-04
    2163   35.282780  2.4507E-04
    2164   35.288970  2.2519E-04
    2165   35.295160  2.0658E-04
    2166   35.301350  1.8918E-04
    2167   35.307540  1.7296E-04
    2168   35.313730  1.5785E-04
    2169   35.319920  1.4382E-04
    2170   35.326110  1.3080E-04
    2171   35.332300  1.1876E-04
    2172   35.338490  1.0763E-04
    2173   35.344680  9.7375E-05
    2174   35.350870  8.7939E-05
    2175   35.357060  7.9276E-05
    2176   35.363250  7.1338E-05
    2177   35.369440  6.4079E-05
    2178   35.375630  5.7454E-05
    2179   35.381820  5.1419E-05
    2180   35.388010  4.5935E-05
    2181   35.394200  4.0960E-05
    2182   35.400390  3.6456E-05
    2183   35.406580  3.2387E-05
    2184   35.412770  2.8719E-05
    2185   35.418960  2.5418E-05
    2186   35.425150  2.2455E-05
    2187   35.431340  1.9800E-05
    2188   35.437530  1.7426E-05
    2189   35.443720  1.5307E-05
    2190   35.449910  1.3421E-05
    2191   35.456100  1.1745E-05
    2192   35.462290  1.0258E-05
    2193   35.468480  8.9425E-06
    2194   35.474670  7.7808E-06
    2195   35.480860  6.7569E-06
    2196   35.487050  5.8565E-06
    2197   35.493240  5.0663E-06
    2198   35.499430  4.3743E-06
    2199   35.505620  3.7695E-06
    2200   35.511810  3.2420E-06
    2201   35.518000  2.7829E-06
    2202   35.524190  2.3842E-06
    2203   35.530380  2.0387E-06
    2204   35.536570  1.7398E-06
    2205   35.542760  1.4818E-06
    2206   35.548950  1.2597E-06
    2207   35.555140  1.0687E-06
    2208   35.561330  9.0494E-07
    2209   35.567520  7.6476E-07
    2210   35.573710  6.4503E-07
    2211   35.579900  5.4298E-07
    2212   35.586090  4.5617E-07
    2213   35.592280  3.8250E-07
    2214   35.598470  3.2009E-07
    2215   35.604660  2.6734E-07
    2216   35.610850  2.2284E-07
    2217   35.617040  1.8538E-07
    2218   35.623230  1.5392E-07
    2219   35.629420  1.2755E-07
    2220   35.635610  1.0549E-07
    2221   35.641800  8.7069E-08
    2222   35.647990  7.1727E-08
    2223   35.654180  5.8974E-08
    2224   35.660370  4.8396E-08
    2225   35.666560  3.9640E-08
    2226   35.672750  3.2409E-08
    2227   35.678940  2.6450E-08
    2228   35.685130  2.1552E-08
    2229   35.691320  1.7536E-08
    2230   35.697510  1.4254E-08
    2231   35.703700  1.1580E-08
    2232   35.709890  9.4104E-09
    2233   35.716080  7.6604E-09
    2234   35.722270  6.2596E-09
    2235   35.728460  5.1507E-09
    2236   35.734650  4.2880E-09
    2237   35.740840  3.6354E-09
    2238   35.747030  3.1658E-09
    2239   35.753220  2.8594E-09
    2240   35.759410  2.7039E-09
    2241   35.765600  2.6935E-09
    2242   35.771790  2.8294E-09
    2243   35.777980  3.1191E-09
    2244   35.784170  3.5775E-09
    2245   35.790360  4.2273E-09
    2246   35.796550  5.0996E-09
    2247   35.802740  6.2357E-09
    2248   35.808930  7.6883E-09
    2249   35.815120  9.5236E-09
    2250   35.821310  1.1824E-08
    2251   35.827500  1.4690E-08
    2252   35.833690  1.8247E-08
    2253   35.839880  2.2644E-08
    2254   35.846070  2.8065E-08
    2255   35.852260  3.4729E-08
    2256   35.858450  4.2904E-08
    2257   35.864640  5.2910E-08
    2258   35.870830  6.5128E-08
    2259   35.877020  8.0018E-08
    2260   35.883210  9.8126E-08
    2261   35.889400  1.2010E-07
    2262   35.895590  1.4672E-07
    2263   35.901780  1.7890E-07
    2264   35.907970  2.1771E-07
    2265   35.914160  2.6443E-07
    2266   35.920350  3.2057E-07
    2267   35.926540  3.8789E-07
    2268   35.932730  4.6845E-07
    2269   35.938920  5.6466E-07
    2270   35.945110  6.7934E-07
    2271   35.951300  8.1575E-07
    2272   35.957490  9.7770E-07
    2273   35.963680  1.1696E-06
    2274   35.969870  1.3965E-06
    2275   35.976060  1.6642E-06
    2276   35.982250  1.9796E-06
    2277   35.988440  2.3503E-06
    2278   35.994630  2.7852E-06
    2279   36.000820  3.2943E-06
    2280   36.007010  3.8893E-06
    2281   36.013200  4.5830E-06
    2282   36.019390  5.3905E-06
    2283   36.025580  6.3283E-06
    2284   36.031770  7.4156E-06
    2285   36.037960  8.6735E-06
    2286   36.044150  1.0126E-05
    2287   36.050340  1.1800E-05
    2288   36.056530  1.3725E-05
    2289   36.062720  1.5934E-05
    2290   36.068910  1.8466E-05
    2291   36.075100  2.1360E-05
    2292   36.081290  2.4662E-05
    2293   36.087480  2.8422E-05
    2294   36.093670  3.2697E-05
    2295   36.099860  3.7545E-05
    2296   36.106050  4.3034E-05
    2297   36.112240  4.9235E-05
    2298   36.118430  5.6228E-05
    2299   36.124620  6.4098E-05
    2300   36.130810  7.2938E-05
    2301   36.137000  8.2848E-05
    2302   36.143190  9.3934E-05
    2303   36.149380  1.0631E-04
    2304   36.155570  1.2011E-04
    2305   36.161760  1.3545E-04
    2306   36.167950  1.5249E-04
    2307   36.174140  1.7136E-04
    2308   36.180330  1.9223E-04
    2309   36.186520  2.1526E-04
    2310   36.192710  2.4062E-04
    2311   36.198900  2.6851E-04
    2312   36.205090  2.9910E-04
    2313   36.211280  3.3260E-04
    2314   36.217470  3.6922E-04
    2315   36.223660  4.0917E-04
    2316   36.229850  4.5266E-04
    2317   36.236040  4.9992E-04
    2318   36.242230  5.5119E-04
    2319   36.248420  6.0668E-04
    2320   36.254610  6.6665E-04
    2321   36.260800  7.3133E-04
    2322   36.266990  8.0096E-04
    2323   36.273180  8.7577E-04
    2324   36.279370  9.5602E-04
    2325   36.285560  1.0419E-03
    2326   36.291750  1.1337E-03
    2327   36.297940  1.2317E-03
    2328   36.304130  1.3360E-03
    2329   36.310320  1.4468E-03
    2330   36.316510  1.5644E-03
    2331   36.322700  1.6890E-03
    2332   36.328890  1.8208E-03
    2333   36.335080  1.9599E-03
    2334   36.341270  2.1065E-03
    2335   36.347460  2.2608E-03
    2336   36.353650  2.4228E-03
    2337   36.359840  2.5928E-03
    2338   36.366030  2.7708E-03
    2339   36.372220  2.9570E-03
    2340   36.378410  3.1513E-03
    2341   36.384600  3.3540E-03
    2342   36.390790  3.5650E-03
    2343   36.396980  3.7844E-03
    2344   36.403170  4.0123E-03
    2345   36.409360  4.2486E-03
    2346   36.415550  4.4933E-03
    2347   36.421740  4.7466E-03
    2348   36.427930  5.0083E-03
    2349   36.434120  5.2785E-03
    2350   36.440310  5.5571E-03
    2351   36.446500  5.8442E-03
    2352   36.452690  6.1397E-03
    2353   36.458880  6.4437E-03
    2354   36.465070  6.7561E-03
    2355   36.471260  7.0770E-03
    2356   36.477450  7.4063E-03
    2357   36.483640  7.7441E-03
    2358   36.489830  8.0904E-03
    2359   36.496020  8.4454E-03
    2360   36.502210  8.8090E-03
    2361   36.508400  9.1814E-03
    2362   36.514590  9.5628E-03
    2363   36.520780  9.9532E-03
    2364   36.526970  1.0353E-02
    2365   36.533160  1.0762E-02
    2366   36.539350  1.1181E-02
    2367   36.545540  1.1609E-02
    2368   36.551730  1.2048E-02
    2369   36.557920  1.2498E-02
    2370   36.564110  1.2959E-02
    2371   36.570300  1.3431E-02
    2372   36.576490  1.3915E-02
    2373   36.582680  1.4411E-02
    2374   36.588870  1.4920E-02
    2375   36.595060  1.5443E-02
    2376   36.601250  1.5980E-02
    2377   36.607440  1.6531E-02
    2378   36.613630  1.7097E-02
    2379   36.619820  1.7680E-02
    2380   36.626010  1.8279E-02
    2381   36.632200  1.8896E-02
    2382   36.638390  1.9531E-02
    2383   36.644580  2.0184E-02
    2384   36.650770  2.0857E-02
    2385   36.656960  2.1551E-02
    2386   36.663150  2.2265E-02
    2387   36.669340  2.3001E-02
    2388   36.675530  2.3760E-02
    2389   36.681720  2.4541E-02
    2390   36.687910  2.5346E-02
    2391   36.694100  2.6175E-02
    2392   36.700290  2.7028E-02
    2393   36.706480  2.7907E-02
    2394   36.712670  2.8810E-02
    2395   36.718860  2.9739E-02
    2396   36.725050  3.0693E-02
    2397   36.731240  3.1672E-02
    2398   36.737430  3.2676E-02
    2399   36.743620  3.3705E-02
    2400   36.749810  3.4759E-02
    2401   36.756000  3.5836E-02
    2402   36.762190  3.6936E-02
    2403   36.768380  3.8059E-02
    2404   36.774570  3.9202E-02
    2405   36.780760  4.0365E-02
    2406   36.786950  4.1547E-02
    2407   36.793140  4.2745E-02
    2408   36.799330  4.3959E-02
    2409   36.805520  4.5185E-02
    2410   36.811710  4.6423E-02
    2411   36.817900  4.7670E-02
    2412   36.824090  4.8924E-02
    2413   36.830280  5.0182E-02
    2414   36.836470  5.1442E-02
    2415   36.842660  5.2700E-02
    2416   36.848850  5.3956E-02
    2417   36.855040  5.5204E-02
    2418   36.861230  5.6444E-02
    2419   36.867420  5.7671E-02
    2420   36.873610  5.8882E-02
    2421   36.879800  6.0076E-02
    2422   36.885990  6.1248E-02
    2423   36.892180  6.2396E-02
    2424   36.898370  6.3517E-02
    2425   36.904560  6.4607E-02
    2426   36.910750  6.5665E-02
    2427   36.916940  6.6687E-02
    2428   36.923130  6.7670E-02
    2429   36.929320  6.8612E-02
    2430   36.935510  6.9511E-02
    2431   36.941700  7.0363E-02
    2432   36.947890  7.1167E-02
    2433   36.954080  7.1920E-02
    2434   36.960270  7.2621E-02
    2435   36.966460  7.3268E-02
    2436   36.972650  7.3858E-02
    2437   36.978840  7.4390E-02
    2438   36.985030  7.4863E-02
    2439   36.991220  7.5276E-02
    2440   36.997410  7.5627E-02
    2441   37.003600  7.5916E-02
    2442   37.009790  7.6141E-02
    2443   37.015980  7.6302E-02
    2444   37.022170  7.6399E-02
    2445   37.028360  7.6431E-02
    2446   37.034550  7.6397E-02
    2447   37.040740  7.6299E-02
    2448   37.046930  7.6136E-02
    2449   37.053120  7.5907E-02
    2450   37.059310  7.5615E-02
    2451   37.065500  7.5258E-02
    2452   37.071690  7.4839E-02
    2453   37.077880  7.4356E-02
    2454   37.084070  7.3813E-02
    2455   37.090260  7.3208E-02
    2456   37.096450  7.2545E-02
    2457   37.102640  7.1823E-02
    2458   37.108830  7.1044E-02
    2459   37.115020  7.0211E-02
    2460   37.121210  6.9324E-02
    2461   37.127400  6.8384E-02
    2462   37.133590  6.7395E-02
    2463   37.139780  6.6358E-02
    2464   37.145970  6.5274E-02
    2465   37.152160  6.4147E-02
    2466   37.158350  6.2978E-02
    2467   37.164540  6.1769E-02
    2468   37.170730  6.0524E-02
    2469   37.176920  5.9243E-02
    2470   37.183110  5.7931E-02
    2471   37.189300  5.6589E-02
    2472   37.195490  5.5221E-02
    2473   37.201680  5.3828E-02
    2474   37.207870  5.2415E-02
    2475   37.214060  5.0982E-02
    2476   37.220250  4.9535E-02
    2477   37.226440  4.8074E-02
    2478   37.232630  4.6604E-02
    2479   37.238820  4.5127E-02
    2480   37.245010  4.3645E-02
    2481   37.251200  4.2163E-02
    2482   37.257390  4.0682E-02
    2483   37.263580  3.9206E-02
    2484   37.269770  3.7737E-02
    2485   37.275960  3.6278E-02
    2486   37.282150  3.4831E-02
    2487   37.288340  3.3400E-02
    2488   37.294530  3.1986E-02
    2489   37.300720  3.0591E-02
    2490   37.306910  2.9220E-02
    2491   37.313100  2.7872E-02
    2492   37.319290  2.6551E-02
    2493   37.325480  2.5257E-02
    2494   37.331670  2.3994E-02
    2495   37.337860  2.2762E-02
    2496   37.344050  2.1564E-02
    2497   37.350240  2.0399E-02
    2498   37.356430  1.9270E-02
    2499   37.362620  1.8177E-02
    2500   37.368810  1.7122E-02
    2501   37.375000  1.6105E-02
    2502   37.381190  1.5126E-02
    2503   37.387380  1.4186E-02
    2504   37.393570  1.3285E-02
    2505   37.399760  1.2423E-02
    2506   37.405950  1.1601E-02
    2507   37.412140  1.0817E-02
    2508   37.418330  1.0073E-02
    2509   37.424520  9.3664E-03
    2510   37.430710  8.6983E-03
    2511   37.436900  8.0675E-03
    2512   37.443090  7.4735E-03
    2513   37.449280  6.9155E-03
    2514   37.455470  6.3927E-03
    2515   37.461660  5.9043E-03
    2516   37.467850  5.4494E-03
    2517   37.474040  5.0270E-03
    2518   37.480230  4.6363E-03
    2519   37.486420  4.2762E-03
    2520   37.492610  3.9458E-03
    2521   37.498800  3.6441E-03
    2522   37.504990  3.3701E-03
    2523   37.511180  3.1228E-03
    2524   37.517370  2.9014E-03
    2525   37.523560  2.7048E-03
    2526   37.529750  2.5323E-03
    2527   37.535940  2.3830E-03
    2528   37.542130  2.2561E-03
    2529   37.548320  2.1507E-03
    2530   37.554510  2.0662E-03
    2531   37.560700  2.0019E-03
    2532   37.566890  1.9571E-03
    2533   37.573080  1.9313E-03
    2534   37.579270  1.9239E-03
    2535   37.585460  1.9343E-03
    2536   37.591650  1.9621E-03
    2537   37.597840  2.0069E-03
    2538   37.604030  2.0682E-03
    2539   37.610220  2.1456E-03
    2540   37.616410  2.2388E-03
    2541   37.622600  2.3474E-03
    2542   37.628790  2.4711E-03
    2543   37.634980  2.6096E-03
    2544   37.641170  2.7625E-03
    2545   37.647360  2.9296E-03
    2546   37.653550  3.1104E-03
    2547   37.659740  3.3048E-03
    2548   37.665930  3.5123E-03
    2549   37.672120  3.7326E-03
    2550   37.678310  3.9653E-03
    2551   37.684500  4.2100E-03
    2552   37.690690  4.4663E-03
    2553   37.696880  4.7338E-03
    2554   37.703070  5.0121E-03
    2555   37.709260  5.3005E-03
    2556   37.715450  5.5987E-03
    2557   37.721640  5.9061E-03
    2558   37.727830  6.2223E-03
    2559   37.734020  6.5466E-03
    2560   37.740210  6.8785E-03
    2561   37.746400  7.2174E-03
    2562   37.752590  7.5629E-03
    2563   37.758780  7.9144E-03
    2564   37.764970  8.2714E-03
    2565   37.771160  8.6333E-03
    2566   37.777350  8.9999E-03
    2567   37.783540  9.3705E-03
    2568   37.789730  9.7450E-03
    2569   37.795920  1.0123E-02
    2570   37.802110  1.0504E-02
    2571   37.808300  1.0888E-02
    2572   37.814490  1.1275E-02
    2573   37.820680  1.1665E-02
    2574   37.826870  1.2059E-02
    2575   37.833060  1.2455E-02
    2576   37.839250  1.2854E-02
    2577   37.845440  1.3258E-02
    2578   37.851630  1.3665E-02
    2579   37.857820  1.4077E-02
    2580   37.864010  1.4495E-02
    2581   37.870200  1.4918E-02
    2582   37.876390  1.5348E-02
    2583   37.882580  1.5785E-02
    2584   37.888770  1.6231E-02
    2585   37.894960  1.6686E-02
    2586   37.901150  1.7151E-02
    2587   37.907340  1.7627E-02
    2588   37.913530  1.8116E-02
    2589   37.919720  1.8617E-02
    2590   37.925910  1.9132E-02
    2591   37.932100  1.9662E-02
    2592   37.938290  2.0208E-02
    2593   37.944480  2.0770E-02
    2594   37.950670  2.1349E-02
    2595   37.956860  2.1946E-02
    2596   37.963050  2.2561E-02
    2597   37.969240  2.3194E-02
    2598   37.975430  2.3845E-02
    2599   37.981620  2.4515E-02
    2600   37.987810  2.5204E-02
    2601   37.994000  2.5910E-02
    2602   38.000190  2.6634E-02
    2603   38.006380  2.7375E-02
    2604   38.012570  2.8131E-02
    2605   38.018760  2.8902E-02
    2606   38.024950  2.9687E-02
    2607   38.031140  3.0484E-02
    2608   38.037330  3.1292E-02
    2609   38.043520  3.2108E-02
    2610   38.049710  3.2932E-02
    2611   38.055900  3.3760E-02
    2612   38.062090  3.4591E-02
    2613   38.068280  3.5422E-02
    2614   38.074470  3.6251E-02
    2615   38.080660  3.7075E-02
    2616   38.086850  3.7893E-02
    2617   38.093040  3.8701E-02
    2618   38.099230  3.9497E-02
    2619   38.105420  4.0278E-02
    2620   38.111610  4.1042E-02
    2621   38.117800  4.1786E-02
    2622   38.123990  4.2507E-02
    2623   38.130180  4.3204E-02
    2624   38.136370  4.3874E-02
    2625   38.142560  4.4515E-02
    2626   38.148750  4.5124E-02
    2627   38.154940  4.5701E-02
    2628   38.161130  4.6242E-02
    2629   38.167320  4.6746E-02
    2630   38.173510  4.7212E-02
    2631   38.179700  4.7638E-02
    2632   38.185890  4.8024E-02
    2633   38.192080  4.8368E-02
    2634   38.198270  4.8669E-02
    2635   38.204460  4.8927E-02
    2636   38.210650  4.9142E-02
    2637   38.216840  4.9312E-02
    2638   38.223030  4.9438E-02
    2639   38.229220  4.9520E-02
    2640   38.235410  4.9558E-02
    2641   38.241600  4.9552E-02
    2642   38.247790  4.9504E-02
    2643   38.253980  4.9412E-02
    2644   38.260170  4.9279E-02
    2645   38.266360  4.9105E-02
    2646   38.272550  4.8890E-02
    2647   38.278740  4.8637E-02
    2648   38.284930  4.8346E-02
    2649   38.291120  4.8017E-02
    2650   38.297310  4.7653E-02
    2651   38.303500  4.7255E-02
    2652   38.309690  4.6824E-02
    2653   38.315880  4.6362E-02
    2654   38.322070  4.5869E-02
    2655   38.328260  4.5348E-02
    2656   38.334450  4.4799E-02
    2657   38.340640  4.4225E-02
    2658   38.346830  4.3626E-02
    2659   38.353020  4.3004E-02
    2660   38.359210  4.2361E-02
    2661   38.365400  4.1698E-02
    2662   38.371590  4.1016E-02
    2663   38.377780  4.0317E-02
    2664   38.383970  3.9603E-02
    2665   38.390160  3.8873E-02
    2666   38.396350  3.8131E-02
    2667   38.402540  3.7377E-02
    2668   38.408730  3.6613E-02
    2669   38.414920  3.5839E-02
    2670   38.421110  3.5057E-02
    2671   38.427300  3.4269E-02
    2672   38.433490  3.3475E-02
    2673   38.439680  3.2677E-02
    2674   38.445870  3.1875E-02
    2675   38.452060  3.1071E-02
    2676   38.458250  3.0267E-02
    2677   38.464440  2.9462E-02
    2678   38.470630  2.8659E-02
    2679   38.476820  2.7857E-02
    2680   38.483010  2.7058E-02
    2681   38.489200  2.6264E-02
    2682   38.495390  2.5474E-02
    2683   38.501580  2.4691E-02
    2684   38.507770  2.3913E-02
    2685   38.513960  2.3144E-02
    2686   38.520150  2.2382E-02
    2687   38.526340  2.1630E-02
    2688   38.532530  2.0888E-02
    2689   38.538720  2.0156E-02
    2690   38.544910  1.9435E-02
    2691   38.551100  1.8726E-02
    2692   38.557290  1.8029E-02
    2693   38.563480  1.7345E-02
    2694   38.569670  1.6675E-02
    2695   38.575860  1.6018E-02
    2696   38.582050  1.5376E-02
    2697   38.588240  1.4748E-02
    2698   38.594430  1.4135E-02
    2699   38.600620  1.3538E-02
    2700   38.606810  1.2956E-02
    2701   38.613000  1.2390E-02
    2702   38.619190  1.1840E-02
    2703   38.625380  1.1305E-02
    2704   38.631570  1.0787E-02
    2705   38.637760  1.0285E-02
    2706   38.643950  9.7991E-03
    2707   38.650140  9.3293E-03
    2708   38.656330  8.8755E-03
    2709   38.662520  8.4376E-03
    2710   38.668710  8.0154E-03
    2711   38.674900  7.6089E-03
    2712   38.681090  7.2178E-03
    2713   38.687280  6.8419E-03
    2714   38.693470  6.4809E-03
    2715   38.699660  6.1345E-03
    2716   38.705850  5.8025E-03
    2717   38.712040  5.4846E-03
    2718   38.718230  5.1803E-03
    2719   38.724420  4.8895E-03
    2720   38.730610  4.6117E-03
    2721   38.736800  4.3466E-03
    2722   38.742990  4.0937E-03
    2723   38.749180  3.8528E-03
    2724   38.755370  3.6234E-03
    2725   38.761560  3.4052E-03
    2726   38.767750  3.1978E-03
    2727   38.773940  3.0008E-03
    2728   38.780130  2.8138E-03
    2729   38.786320  2.6365E-03
    2730   38.792510  2.4684E-03
    2731   38.798700  2.3092E-03
    2732   38.804890  2.1586E-03
    2733   38.811080  2.0162E-03
    2734   38.817270  1.8817E-03
    2735   38.823460  1.7547E-03
    2736   38.829650  1.6348E-03
    2737   38.835840  1.5219E-03
    2738   38.842030  1.4155E-03
    2739   38.848220  1.3153E-03
    2740   38.854410  1.2212E-03
    2741   38.860600  1.1327E-03
    2742   38.866790  1.0496E-03
    2743   38.872980  9.7169E-04
    2744   38.879170  8.9867E-04
    2745   38.885360  8.3030E-04
    2746   38.891550  7.6634E-04
    2747   38.897740  7.0656E-04
    2748   38.903930  6.5075E-04
    2749   38.910120  5.9869E-04
    2750   38.916310  5.5018E-04
    2751   38.922500  5.0503E-04
    2752   38.928690  4.6305E-04
    2753   38.934880  4.2405E-04
    2754   38.941070  3.8788E-04
    2755   38.947260  3.5436E-04
    2756   38.953450  3.2333E-04
    2757   38.959640  2.9465E-04
    2758   38.965830  2.6817E-04
    2759   38.972020  2.4375E-04
    2760   38.978210  2.2126E-04
    2761   38.984400  2.0058E-04
    2762   38.990590  1.8158E-04
    2763   38.996780  1.6415E-04
    2764   39.002970  1.4819E-04
    2765   39.009160  1.3359E-04
    2766   39.015350  1.2026E-04
    2767   39.021540  1.0810E-04
    2768   39.027730  9.7027E-05
    2769   39.033920  8.6958E-05
    2770   39.040110  7.7817E-05
    2771   39.046300  6.9532E-05
    2772   39.052490  6.2033E-05
    2773   39.058680  5.5257E-05
    2774   39.064870  4.9144E-05
    2775   39.071060  4.3638E-05
    2776   39.077250  3.8688E-05
    2777   39.083440  3.4243E-05
    2778   39.089630  3.0261E-05
    2779   39.095820  2.6698E-05
    2780   39.102010  2.3515E-05
    2781   39.108200  2.0678E-05
    2782   39.114390  1.8152E-05
    2783   39.120580  1.5908E-05
    2784   39.126770  1.3918E-05
    2785   39.132960  1.2157E-05
    2786   39.139150  1.0600E-05
    2787   39.145340  9.2260E-06
    2788   39.151530  8.0165E-06
    2789   39.157720  6.9534E-06
    2790   39.163910  6.0207E-06
    2791   39.170100  5.2039E-06
    2792   39.176290  4.4899E-06
    2793   39.182480  3.8670E-06
    2794   39.188670  3.3246E-06
    2795   39.194860  2.8531E-06
    2796   39.201050  2.4440E-06
    2797   39.207240  2.0898E-06
    2798   39.213430  1.7837E-06
    2799   39.219620  1.5196E-06
    2800   39.225810  1.2923E-06
    2801   39.232000  1.0969E-06
    2802   39.238190  9.2935E-07
    2803   39.244380  7.8593E-07
    2804   39.250570  6.6340E-07
    2805   39.256760  5.5893E-07
    2806   39.262950  4.7003E-07
    2807   39.269140  3.9452E-07
    2808   39.275330  3.3052E-07
    2809   39.281520  2.7638E-07
    2810   39.287710  2.3066E-07
    2811   39.293900  1.9214E-07
    2812   39.300090  1.5975E-07
    2813   39.306280  1.3257E-07
    2814   39.312470  1.0980E-07
    2815   39.318660  9.0761E-08
    2816   39.324850  7.4881E-08
    2817   39.331040  6.1661E-08
    2818   39.337230  5.0676E-08
    2819   39.343420  4.1567E-08
    2820   39.349610  3.4029E-08
    2821   39.355800  2.7803E-08
    2822   39.361990  2.2672E-08
    2823   39.368180  1.8452E-08
    2824   39.374370  1.4988E-08
    2825   39.380560  1.2150E-08
    2826   39.386750  9.8301E-09
    2827   39.392940  7.9374E-09
    2828   39.399130  6.3965E-09
    2829   39.405320  5.1445E-09
    2830   39.411510  4.1293E-09
    2831   39.417700  3.3078E-09
    2832   39.423890  2.6445E-09
    2833   39.430080  2.1100E-09
    2834   39.436270  1.6801E-09
    2835   39.442460  1.3352E-09
    2836   39.448650  1.0589E-09
    2837   39.454840  8.3812E-10
    2838   39.461030  6.6203E-10
    2839   39.467220  5.2188E-10
    2840   39.473410  4.1057E-10
    2841   39.479600  3.2235E-10
    2842   39.485790  2.5257E-10
    2843   39.491980  1.9750E-10
    2844   39.498170  1.5412E-10
    2845   39.504360  1.2002E-10
    2846   39.510550  9.3282E-11
    2847   39.516740  7.2349E-11
    2848   39.522930  5.5998E-11
    2849   39.529120  4.3254E-11
    2850   39.535310  3.3342E-11
    2851   39.541500  2.5648E-11
    2852   39.547690  1.9690E-11
    2853   39.553880  1.5085E-11
    2854   39.560070  1.1533E-11
    2855   39.566260  8.7985E-12
    2856   39.572450  6.6982E-12
    2857   39.578640  5.0884E-12
    2858   39.584830  3.8572E-12
    2859   39.591020  2.9177E-12
    2860   39.597210  2.2022E-12
    2861   39.603400  1.6586E-12
    2862   39.609590  1.2465E-12
    2863   39.615780  9.3489E-13
    2864   39.621970  6.9989E-13
    2865   39.628160  5.2292E-13
    2866   39.634350  3.8964E-13
    2867   39.640540  2.8945E-13
    2868   39.646730  2.1439E-13
    2869   39.652920  1.5834E-13
    2870   39.659110  1.1658E-13
    2871   39.665300  8.5563E-14
    2872   39.671490  6.2579E-14
    2873   39.677680  4.5595E-14
    2874   39.683870  3.3081E-14
    2875   39.690060  2.3888E-14
    2876   39.696250  1.7158E-14
    2877   39.702440  1.2249E-14
    2878   39.708630  8.6813E-15
    2879   39.714820  6.1010E-15
    2880   39.721010  4.2445E-15
    2881   39.727200  2.9168E-15
    2882   39.733390  1.9742E-15
    2883   39.739580  1.3109E-15
    2884   39.745770  8.4925E-16
    2885   39.751960  5.3256E-16
    2886   39.758150  3.1932E-16
    2887   39.764340  1.7937E-16
    2888   39.770530  9.0856E-17
    2889   39.776720  3.7928E-17
    2890   39.782910  9.0975E-18
    2891   39.789100  0.0000E+00
    2892   39.795290  0.0000E+00
    2893   39.801480  0.0000E+00
    2894   39.807670  0.0000E+00
    2895   39.813860  0.0000E+00
    2896   39.820050  0.0000E+00
    2897   39.826240  0.0000E+00
    2898   39.832430  0.0000E+00
    2899   39.838620  0.0000E+00
    2900   39.844810  0.0000E+00
    2901   39.851000  0.0000E+00
    2902   39.857190  0.0000E+00
    2903   39.863380  0.0000E+00
    2904   39.869570  0.0000E+00
    2905   39.875760  0.0000E+00
    2906   39.881950  0.0000E+00
    2907   39.888140  0.0000E+00
    2908   39.894330  0.0000E+00
    2909   39.900520  0.0000E+00
    2910   39.906710  0.0000E+00
    2911   39.912900  0.0000E+00
    2912   39.919090  0.0000E+00
    2913   39.925280  0.0000E+00
    2914   39.931470  0.0000E+00
    2915   39.937660  0.0000E+00
    2916   39.943850  0.0000E+00
    2917   39.950040  0.0000E+00
    2918   39.956230  0.0000E+00
    2919   39.962420  0.0000E+00
    2920   39.968610  0.0000E+00
    2921   39.974800  0.0000E+00
    2922   39.980990  0.0000E+00
    2923   39.987180  0.0000E+00
    2924   39.993370  0.0000E+00
    2925   39.999560  0.0000E+00
