       1   21.900000  0.0000E+00
       2   21.906190  1.0063E-05
       3   21.912380  1.1344E-05
       4   21.918570  1.2764E-05
       5   21.924760  1.4332E-05
       6   21.930950  1.6061E-05
       7   21.937140  1.7961E-05
       8   21.943330  2.0046E-05
       9   21.949520  2.2328E-05
      10   21.955710  2.4820E-05
      11   21.961900  2.7534E-05
      12   21.968090  3.0482E-05
      13   21.974280  3.3678E-05
      14   21.980470  3.7134E-05
      15   21.986660  4.0862E-05
      16   21.992850  4.4872E-05
      17   21.999040  4.9175E-05
      18   22.005230  5.3782E-05
      19   22.011420  5.8700E-05
      20   22.017610  6.3937E-05
      21   22.023800  6.9499E-05
      22   22.029990  7.5391E-05
      23   22.036180  8.1616E-05
      24   22.042370  8.8173E-05
      25   22.048560  9.5062E-05
      26   22.054750  1.0228E-04
      27   22.060940  1.0982E-04
      28   22.067130  1.1767E-04
      29   22.073320  1.2583E-04
      30   22.079510  1.3427E-04
      31   22.085700  1.4298E-04
      32   22.091890  1.5195E-04
      33   22.098080  1.6114E-04
      34   22.104270  1.7054E-04
      35   22.110460  1.8011E-04
      36   22.116650  1.8983E-04
      37   22.122840  1.9965E-04
      38   22.129030  2.0955E-04
      39   22.135220  2.1948E-04
      40   22.141410  2.2940E-04
      41   22.147600  2.3928E-04
      42   22.153790  2.4906E-04
      43   22.159980  2.5870E-04
      44   22.166170  2.6815E-04
      45   22.172360  2.7737E-04
      46   22.178550  2.8631E-04
      47   22.184740  2.9491E-04
      48   22.190930  3.0314E-04
      49   22.197120  3.1095E-04
      50   22.203310  3.1829E-04
      51   22.209500  3.2512E-04
      52   22.215690  3.3140E-04
      53   22.221880  3.3709E-04
      54   22.228070  3.4216E-04
      55   22.234260  3.4657E-04
      56   22.240450  3.5031E-04
      57   22.246640  3.5333E-04
      58   22.252830  3.5564E-04
      59   22.259020  3.5720E-04
      60   22.265210  3.5802E-04
      61   22.271400  3.5808E-04
      62   22.277590  3.5739E-04
      63   22.283780  3.5594E-04
      64   22.289970  3.5376E-04
      65   22.296160  3.5084E-04
      66   22.302350  3.4722E-04
      67   22.308540  3.4291E-04
      68   22.314730  3.3794E-04
      69   22.320920  3.3234E-04
      70   22.327110  3.2615E-04
      71   22.333300  3.1941E-04
      72   22.339490  3.1215E-04
      73   22.345680  3.0441E-04
      74   22.351870  2.9625E-04
      75   22.358060  2.8772E-04
      76   22.364250  2.7885E-04
      77   22.370440  2.6970E-04
      78   22.376630  2.6032E-04
      79   22.382820  2.5077E-04
      80   22.389010  2.4108E-04
      81   22.395200  2.3131E-04
      82   22.401390  2.2151E-04
      83   22.407580  2.1172E-04
      84   22.413770  2.0200E-04
      85   22.419960  1.9237E-04
      86   22.426150  1.8289E-04
      87   22.432340  1.7359E-04
      88   22.438530  1.6451E-04
      89   22.444720  1.5568E-04
      90   22.450910  1.4713E-04
      91   22.457100  1.3889E-04
      92   22.463290  1.3098E-04
      93   22.469480  1.2344E-04
      94   22.475670  1.1626E-04
      95   22.481860  1.0948E-04
      96   22.488050  1.0311E-04
      97   22.494240  9.7148E-05
      98   22.500430  9.1613E-05
      99   22.506620  8.6508E-05
     100   22.512810  8.1837E-05
     101   22.519000  7.7600E-05
     102   22.525190  7.3797E-05
     103   22.531380  7.0424E-05
     104   22.537570  6.7477E-05
     105   22.543760  6.4949E-05
     106   22.549950  6.2833E-05
     107   22.556140  6.1118E-05
     108   22.562330  5.9794E-05
     109   22.568520  5.8848E-05
     110   22.574710  5.8267E-05
     111   22.580900  5.8037E-05
     112   22.587090  5.8142E-05
     113   22.593280  5.8566E-05
     114   22.599470  5.9293E-05
     115   22.605660  6.0304E-05
     116   22.611850  6.1581E-05
     117   22.618040  6.3105E-05
     118   22.624230  6.4857E-05
     119   22.630420  6.6816E-05
     120   22.636610  6.8962E-05
     121   22.642800  7.1276E-05
     122   22.648990  7.3735E-05
     123   22.655180  7.6319E-05
     124   22.661370  7.9007E-05
     125   22.667560  8.1778E-05
     126   22.673750  8.4611E-05
     127   22.679940  8.7486E-05
     128   22.686130  9.0381E-05
     129   22.692320  9.3277E-05
     130   22.698510  9.6155E-05
     131   22.704700  9.8996E-05
     132   22.710890  1.0178E-04
     133   22.717080  1.0450E-04
     134   22.723270  1.0712E-04
     135   22.729460  1.0965E-04
     136   22.735650  1.1206E-04
     137   22.741840  1.1434E-04
     138   22.748030  1.1648E-04
     139   22.754220  1.1847E-04
     140   22.760410  1.2031E-04
     141   22.766600  1.2198E-04
     142   22.772790  1.2349E-04
     143   22.778980  1.2483E-04
     144   22.785170  1.2600E-04
     145   22.791360  1.2700E-04
     146   22.797550  1.2783E-04
     147   22.803740  1.2851E-04
     148   22.809930  1.2902E-04
     149   22.816120  1.2939E-04
     150   22.822310  1.2962E-04
     151   22.828500  1.2971E-04
     152   22.834690  1.2969E-04
     153   22.840880  1.2956E-04
     154   22.847070  1.2933E-04
     155   22.853260  1.2902E-04
     156   22.859450  1.2864E-04
     157   22.865640  1.2821E-04
     158   22.871830  1.2774E-04
     159   22.878020  1.2723E-04
     160   22.884210  1.2672E-04
     161   22.890400  1.2620E-04
     162   22.896590  1.2569E-04
     163   22.902780  1.2521E-04
     164   22.908970  1.2475E-04
     165   22.915160  1.2434E-04
     166   22.921350  1.2397E-04
     167   22.927540  1.2366E-04
     168   22.933730  1.2341E-04
     169   22.939920  1.2322E-04
     170   22.946110  1.2309E-04
     171   22.952300  1.2303E-04
     172   22.958490  1.2303E-04
     173   22.964680  1.2309E-04
     174   22.970870  1.2321E-04
     175   22.977060  1.2337E-04
     176   22.983250  1.2358E-04
     177   22.989440  1.2383E-04
     178   22.995630  1.2410E-04
     179   23.001820  1.2439E-04
     180   23.008010  1.2469E-04
     181   23.014200  1.2498E-04
     182   23.020390  1.2526E-04
     183   23.026580  1.2551E-04
     184   23.032770  1.2572E-04
     185   23.038960  1.2588E-04
     186   23.045150  1.2599E-04
     187   23.051340  1.2602E-04
     188   23.057530  1.2598E-04
     189   23.063720  1.2585E-04
     190   23.069910  1.2562E-04
     191   23.076100  1.2529E-04
     192   23.082290  1.2485E-04
     193   23.088480  1.2430E-04
     194   23.094670  1.2363E-04
     195   23.100860  1.2285E-04
     196   23.107050  1.2194E-04
     197   23.113240  1.2092E-04
     198   23.119430  1.1978E-04
     199   23.125620  1.1853E-04
     200   23.131810  1.1717E-04
     201   23.138000  1.1570E-04
     202   23.144190  1.1413E-04
     203   23.150380  1.1247E-04
     204   23.156570  1.1073E-04
     205   23.162760  1.0890E-04
     206   23.168950  1.0700E-04
     207   23.175140  1.0505E-04
     208   23.181330  1.0304E-04
     209   23.187520  1.0098E-04
     210   23.193710  9.8888E-05
     211   23.199900  9.6769E-05
     212   23.206090  9.4631E-05
     213   23.212280  9.2482E-05
     214   23.218470  9.0328E-05
     215   23.224660  8.8178E-05
     216   23.230850  8.6037E-05
     217   23.237040  8.3912E-05
     218   23.243230  8.1806E-05
     219   23.249420  7.9725E-05
     220   23.255610  7.7672E-05
     221   23.261800  7.5651E-05
     222   23.267990  7.3663E-05
     223   23.274180  7.1710E-05
     224   23.280370  6.9794E-05
     225   23.286560  6.7914E-05
     226   23.292750  6.6072E-05
     227   23.298940  6.4265E-05
     228   23.305130  6.2494E-05
     229   23.311320  6.0757E-05
     230   23.317510  5.9053E-05
     231   23.323700  5.7380E-05
     232   23.329890  5.5736E-05
     233   23.336080  5.4119E-05
     234   23.342270  5.2527E-05
     235   23.348460  5.0958E-05
     236   23.354650  4.9411E-05
     237   23.360840  4.7883E-05
     238   23.367030  4.6373E-05
     239   23.373220  4.4879E-05
     240   23.379410  4.3401E-05
     241   23.385600  4.1937E-05
     242   23.391790  4.0488E-05
     243   23.397980  3.9051E-05
     244   23.404170  3.7627E-05
     245   23.410360  3.6217E-05
     246   23.416550  3.4821E-05
     247   23.422740  3.3439E-05
     248   23.428930  3.2072E-05
     249   23.435120  3.0721E-05
     250   23.441310  2.9388E-05
     251   23.447500  2.8073E-05
     252   23.453690  2.6778E-05
     253   23.459880  2.5506E-05
     254   23.466070  2.4257E-05
     255   23.472260  2.3032E-05
     256   23.478450  2.1835E-05
     257   23.484640  2.0665E-05
     258   23.490830  1.9526E-05
     259   23.497020  1.8418E-05
     260   23.503210  1.7343E-05
     261   23.509400  1.6301E-05
     262   23.515590  1.5295E-05
     263   23.521780  1.4325E-05
     264   23.527970  1.3391E-05
     265   23.534160  1.2496E-05
     266   23.540350  1.1638E-05
     267   23.546540  1.0818E-05
     268   23.552730  1.0037E-05
     269   23.558920  9.2948E-06
     270   23.565110  8.5904E-06
     271   23.571300  7.9239E-06
     272   23.577490  7.2947E-06
     273   23.583680  6.7021E-06
     274   23.589870  6.1455E-06
     275   23.596060  5.6237E-06
     276   23.602250  5.1360E-06
     277   23.608440  4.6810E-06
     278   23.614630  4.2578E-06
     279   23.620820  3.8649E-06
     280   23.627010  3.5012E-06
     281   23.633200  3.1652E-06
     282   23.639390  2.8557E-06
     283   23.645580  2.5711E-06
     284   23.651770  2.3103E-06
     285   23.657960  2.0717E-06
     286   23.664150  1.8541E-06
     287   23.670340  1.6560E-06
     288   23.676530  1.4763E-06
     289   23.682720  1.3136E-06
     290   23.688910  1.1667E-06
     291   23.695100  1.0345E-06
     292   23.701290  9.1594E-07
     293   23.707480  8.0988E-07
     294   23.713670  7.1538E-07
     295   23.719860  6.3153E-07
     296   23.726050  5.5749E-07
     297   23.732240  4.9248E-07
     298   23.738430  4.3581E-07
     299   23.744620  3.8684E-07
     300   23.750810  3.4501E-07
     301   23.757000  3.0986E-07
     302   23.763190  2.8097E-07
     303   23.769380  2.5801E-07
     304   23.775570  2.4074E-07
     305   23.781760  2.2898E-07
     306   23.787950  2.2265E-07
     307   23.794140  2.2174E-07
     308   23.800330  2.2635E-07
     309   23.806520  2.3664E-07
     310   23.812710  2.5290E-07
     311   23.818900  2.7549E-07
     312   23.825090  3.0491E-07
     313   23.831280  3.4174E-07
     314   23.837470  3.8670E-07
     315   23.843660  4.4064E-07
     316   23.849850  5.0453E-07
     317   23.856040  5.7950E-07
     318   23.862230  6.6685E-07
     319   23.868420  7.6801E-07
     320   23.874610  8.8462E-07
     321   23.880800  1.0185E-06
     322   23.886990  1.1717E-06
     323   23.893180  1.3464E-06
     324   23.899370  1.5452E-06
     325   23.905560  1.7706E-06
     326   23.911750  2.0258E-06
     327   23.917940  2.3139E-06
     328   23.924130  2.6385E-06
     329   23.930320  3.0033E-06
     330   23.936510  3.4126E-06
     331   23.942700  3.8707E-06
     332   23.948890  4.3823E-06
     333   23.955080  4.9527E-06
     334   23.961270  5.5873E-06
     335   23.967460  6.2917E-06
     336   23.973650  7.0721E-06
     337   23.979840  7.9349E-06
     338   23.986030  8.8871E-06
     339   23.992220  9.9355E-06
     340   23.998410  1.1088E-05
     341   24.004600  1.2351E-05
     342   24.010790  1.3735E-05
     343   24.016980  1.5246E-05
     344   24.023170  1.6893E-05
     345   24.029360  1.8685E-05
     346   24.035550  2.0630E-05
     347   24.041740  2.2738E-05
     348   24.047930  2.5018E-05
     349   24.054120  2.7478E-05
     350   24.060310  3.0128E-05
     351   24.066500  3.2976E-05
     352   24.072690  3.6031E-05
     353   24.078880  3.9301E-05
     354   24.085070  4.2795E-05
     355   24.091260  4.6520E-05
     356   24.097450  5.0483E-05
     357   24.103640  5.4691E-05
     358   24.109830  5.9151E-05
     359   24.116020  6.3866E-05
     360   24.122210  6.8843E-05
     361   24.128400  7.4083E-05
     362   24.134590  7.9591E-05
     363   24.140780  8.5368E-05
     364   24.146970  9.1414E-05
     365   24.153160  9.7728E-05
     366   24.159350  1.0431E-04
     367   24.165540  1.1115E-04
     368   24.171730  1.1826E-04
     369   24.177920  1.2561E-04
     370   24.184110  1.3322E-04
     371   24.190300  1.4106E-04
     372   24.196490  1.4912E-04
     373   24.202680  1.5740E-04
     374   24.208870  1.6588E-04
     375   24.215060  1.7455E-04
     376   24.221250  1.8339E-04
     377   24.227440  1.9239E-04
     378   24.233630  2.0152E-04
     379   24.239820  2.1076E-04
     380   24.246010  2.2009E-04
     381   24.252200  2.2950E-04
     382   24.258390  2.3895E-04
     383   24.264580  2.4843E-04
     384   24.270770  2.5790E-04
     385   24.276960  2.6734E-04
     386   24.283150  2.7672E-04
     387   24.289340  2.8602E-04
     388   24.295530  2.9521E-04
     389   24.301720  3.0425E-04
     390   24.307910  3.1313E-04
     391   24.314100  3.2181E-04
     392   24.320290  3.3027E-04
     393   24.326480  3.3847E-04
     394   24.332670  3.4639E-04
     395   24.338860  3.5400E-04
     396   24.345050  3.6128E-04
     397   24.351240  3.6820E-04
     398   24.357430  3.7473E-04
     399   24.363620  3.8086E-04
     400   24.369810  3.8655E-04
     401   24.376000  3.9180E-04
     402   24.382190  3.9657E-04
     403   24.388380  4.0085E-04
     404   24.394570  4.0463E-04
     405   24.400760  4.0788E-04
     406   24.406950  4.1061E-04
     407   24.413140  4.1279E-04
     408   24.419330  4.1441E-04
     409   24.425520  4.1548E-04
     410   24.431710  4.1598E-04
     411   24.437900  4.1591E-04
     412   24.444090  4.1527E-04
     413   24.450280  4.1407E-04
     414   24.456470  4.1230E-04
     415   24.462660  4.0997E-04
     416   24.468850  4.0710E-04
     417   24.475040  4.0368E-04
     418   24.481230  3.9973E-04
     419   24.487420  3.9527E-04
     420   24.493610  3.9032E-04
     421   24.499800  3.8488E-04
     422   24.505990  3.7898E-04
     423   24.512180  3.7263E-04
     424   24.518370  3.6588E-04
     425   24.524560  3.5872E-04
     426   24.530750  3.5120E-04
     427   24.536940  3.4334E-04
     428   24.543130  3.3516E-04
     429   24.549320  3.2670E-04
     430   24.555510  3.1798E-04
     431   24.561700  3.0904E-04
     432   24.567890  2.9990E-04
     433   24.574080  2.9059E-04
     434   24.580270  2.8114E-04
     435   24.586460  2.7159E-04
     436   24.592650  2.6196E-04
     437   24.598840  2.5228E-04
     438   24.605030  2.4259E-04
     439   24.611220  2.3290E-04
     440   24.617410  2.2325E-04
     441   24.623600  2.1366E-04
     442   24.629790  2.0416E-04
     443   24.635980  1.9478E-04
     444   24.642170  1.8552E-04
     445   24.648360  1.7642E-04
     446   24.654550  1.6750E-04
     447   24.660740  1.5877E-04
     448   24.666930  1.5024E-04
     449   24.673120  1.4194E-04
     450   24.679310  1.3388E-04
     451   24.685500  1.2607E-04
     452   24.691690  1.1851E-04
     453   24.697880  1.1122E-04
     454   24.704070  1.0420E-04
     455   24.710260  9.7454E-05
     456   24.716450  9.0992E-05
     457   24.722640  8.4813E-05
     458   24.728830  7.8918E-05
     459   24.735020  7.3306E-05
     460   24.741210  6.7974E-05
     461   24.747400  6.2920E-05
     462   24.753590  5.8140E-05
     463   24.759780  5.3628E-05
     464   24.765970  4.9380E-05
     465   24.772160  4.5387E-05
     466   24.778350  4.1642E-05
     467   24.784540  3.8138E-05
     468   24.790730  3.4867E-05
     469   24.796920  3.1818E-05
     470   24.803110  2.8984E-05
     471   24.809300  2.6354E-05
     472   24.815490  2.3919E-05
     473   24.821680  2.1669E-05
     474   24.827870  1.9595E-05
     475   24.834060  1.7687E-05
     476   24.840250  1.5935E-05
     477   24.846440  1.4330E-05
     478   24.852630  1.2863E-05
     479   24.858820  1.1524E-05
     480   24.865010  1.0305E-05
     481   24.871200  9.1983E-06
     482   24.877390  8.1947E-06
     483   24.883580  7.2868E-06
     484   24.889770  6.4673E-06
     485   24.895960  5.7290E-06
     486   24.902150  5.0653E-06
     487   24.908340  4.4700E-06
     488   24.914530  3.9371E-06
     489   24.920720  3.4610E-06
     490   24.926910  3.0367E-06
     491   24.933100  2.6592E-06
     492   24.939290  2.3242E-06
     493   24.945480  2.0274E-06
     494   24.951670  1.7651E-06
     495   24.957860  1.5337E-06
     496   24.964050  1.3301E-06
     497   24.970240  1.1512E-06
     498   24.976430  9.9444E-07
     499   24.982620  8.5733E-07
     500   24.988810  7.3767E-07
     501   24.995000  6.3346E-07
     502   25.001190  5.4289E-07
     503   25.007380  4.6435E-07
     504   25.013570  3.9638E-07
     505   25.019760  3.3769E-07
     506   25.025950  2.8712E-07
     507   25.032140  2.4363E-07
     508   25.038330  2.0631E-07
     509   25.044520  1.7436E-07
     510   25.050710  1.4706E-07
     511   25.056900  1.2379E-07
     512   25.063090  1.0399E-07
     513   25.069280  8.7176E-08
     514   25.075470  7.2936E-08
     515   25.081660  6.0898E-08
     516   25.087850  5.0744E-08
     517   25.094040  4.2197E-08
     518   25.100230  3.5018E-08
     519   25.106420  2.9001E-08
     520   25.112610  2.3969E-08
     521   25.118800  1.9770E-08
     522   25.124990  1.6273E-08
     523   25.131180  1.3367E-08
     524   25.137370  1.0957E-08
     525   25.143560  8.9635E-09
     526   25.149750  7.3175E-09
     527   25.155940  5.9615E-09
     528   25.162130  4.8467E-09
     529   25.168320  3.9322E-09
     530   25.174510  3.1837E-09
     531   25.180700  2.5724E-09
     532   25.186890  2.0741E-09
     533   25.193080  1.6688E-09
     534   25.199270  1.3400E-09
     535   25.205460  1.0737E-09
     536   25.211650  8.5856E-10
     537   25.217840  6.8508E-10
     538   25.224030  5.4552E-10
     539   25.230220  4.3348E-10
     540   25.236410  3.4373E-10
     541   25.242600  2.7199E-10
     542   25.248790  2.1478E-10
     543   25.254980  1.6924E-10
     544   25.261170  1.3308E-10
     545   25.267360  1.0443E-10
     546   25.273550  8.1769E-11
     547   25.279740  6.3893E-11
     548   25.285930  4.9820E-11
     549   25.292120  3.8765E-11
     550   25.298310  3.0100E-11
     551   25.304500  2.3322E-11
     552   25.310690  1.8032E-11
     553   25.316880  1.3913E-11
     554   25.323070  1.0711E-11
     555   25.329260  8.2294E-12
     556   25.335450  6.3092E-12
     557   25.341640  4.8267E-12
     558   25.347830  3.6849E-12
     559   25.354020  2.8071E-12
     560   25.360210  2.1339E-12
     561   25.366400  1.6186E-12
     562   25.372590  1.2251E-12
     563   25.378780  9.2521E-13
     564   25.384970  6.9722E-13
     565   25.391160  5.2425E-13
     566   25.397350  3.9331E-13
     567   25.403540  2.9441E-13
     568   25.409730  2.1987E-13
     569   25.415920  1.6381E-13
     570   25.422110  1.2175E-13
     571   25.428300  9.0264E-14
     572   25.434490  6.6741E-14
     573   25.440680  4.9210E-14
     574   25.446870  3.6177E-14
     575   25.453060  2.6520E-14
     576   25.459250  1.9414E-14
     577   25.465440  1.4175E-14
     578   25.471630  1.0317E-14
     579   25.477820  7.4695E-15
     580   25.484010  5.3527E-15
     581   25.490200  3.7995E-15
     582   25.496390  2.6667E-15
     583   25.502580  1.8456E-15
     584   25.508770  1.2550E-15
     585   25.514960  8.3388E-16
     586   25.521150  5.3684E-16
     587   25.527340  3.3055E-16
     588   25.533530  1.9055E-16
     589   25.539720  9.8794E-17
     590   25.545910  4.1901E-17
     591   25.552100  1.0105E-17
     592   25.558290  0.0000E+00
     593   25.564480  0.0000E+00
     594   25.570670  0.0000E+00
     595   25.576860  0.0000E+00
     596   25.583050  0.0000E+00
     597   25.589240  0.0000E+00
     598   25.595430  0.0000E+00
     599   25.601620  0.0000E+00
     600   25.607810  0.0000E+00
     601   25.614000  0.0000E+00
     602   25.620190  0.0000E+00
     603   25.626380  0.0000E+00
     604   25.632570  0.0000E+00
     605   25.638760  0.0000E+00
     606   25.644950  0.0000E+00
     607   25.651140  0.0000E+00
     608   25.657330  0.0000E+00
     609   25.663520  0.0000E+00
     610   25.669710  0.0000E+00
     611   25.675900  0.0000E+00
     612   25.682090  0.0000E+00
     613   25.688280  0.0000E+00
     614   25.694470  0.0000E+00
     615   25.700660  0.0000E+00
     616   25.706850  0.0000E+00
     617   25.713040  0.0000E+00
     618   25.719230  0.0000E+00
     619   25.725420  0.0000E+00
     620   25.731610  0.0000E+00
     621   25.737800  0.0000E+00
     622   25.743990  0.0000E+00
     623   25.750180  0.0000E+00
     624   25.756370  0.0000E+00
     625   25.762560  0.0000E+00
     626   25.768750  0.0000E+00
     627   25.774940  0.0000E+00
     628   25.781130  0.0000E+00
     629   25.787320  0.0000E+00
     630   25.793510  0.0000E+00
     631   25.799700  0.0000E+00
     632   25.805890  0.0000E+00
     633   25.812080  0.0000E+00
     634   25.818270  0.0000E+00
     635   25.824460  0.0000E+00
     636   25.830650  0.0000E+00
     637   25.836840  0.0000E+00
     638   25.843030  0.0000E+00
     639   25.849220  0.0000E+00
     640   25.855410  0.0000E+00
     641   25.861600  0.0000E+00
     642   25.867790  0.0000E+00
     643   25.873980  0.0000E+00
     644   25.880170  0.0000E+00
     645   25.886360  0.0000E+00
     646   25.892550  0.0000E+00
     647   25.898740  0.0000E+00
     648   25.904930  0.0000E+00
     649   25.911120  0.0000E+00
     650   25.917310  0.0000E+00
     651   25.923500  0.0000E+00
     652   25.929690  0.0000E+00
     653   25.935880  0.0000E+00
     654   25.942070  0.0000E+00
     655   25.948260  0.0000E+00
     656   25.954450  0.0000E+00
     657   25.960640  0.0000E+00
     658   25.966830  0.0000E+00
     659   25.973020  0.0000E+00
     660   25.979210  0.0000E+00
     661   25.985400  0.0000E+00
     662   25.991590  0.0000E+00
     663   25.997780  0.0000E+00
     664   26.003970  0.0000E+00
     665   26.010160  0.0000E+00
     666   26.016350  0.0000E+00
     667   26.022540  0.0000E+00
     668   26.028730  0.0000E+00
     669   26.034920  0.0000E+00
     670   26.041110  0.0000E+00
     671   26.047300  0.0000E+00
     672   26.053490  0.0000E+00
     673   26.059680  0.0000E+00
     674   26.065870  0.0000E+00
     675   26.072060  0.0000E+00
     676   26.078250  0.0000E+00
     677   26.084440  0.0000E+00
     678   26.090630  0.0000E+00
     679   26.096820  0.0000E+00
     680   26.103010  0.0000E+00
     681   26.109200  0.0000E+00
     682   26.115390  0.0000E+00
     683   26.121580  0.0000E+00
     684   26.127770  0.0000E+00
     685   26.133960  0.0000E+00
     686   26.140150  0.0000E+00
     687   26.146340  0.0000E+00
     688   26.152530  0.0000E+00
     689   26.158720  0.0000E+00
     690   26.164910  0.0000E+00
     691   26.171100  0.0000E+00
     692   26.177290  0.0000E+00
     693   26.183480  0.0000E+00
     694   26.189670  0.0000E+00
     695   26.195860  0.0000E+00
     696   26.202050  0.0000E+00
     697   26.208240  0.0000E+00
     698   26.214430  0.0000E+00
     699   26.220620  0.0000E+00
     700   26.226810  0.0000E+00
     701   26.233000  0.0000E+00
     702   26.239190  0.0000E+00
     703   26.245380  0.0000E+00
     704   26.251570  0.0000E+00
     705   26.257760  0.0000E+00
     706   26.263950  0.0000E+00
     707   26.270140  0.0000E+00
     708   26.276330  0.0000E+00
     709   26.282520  0.0000E+00
     710   26.288710  0.0000E+00
     711   26.294900  0.0000E+00
     712   26.301090  0.0000E+00
     713   26.307280  0.0000E+00
     714   26.313470  0.0000E+00
     715   26.319660  0.0000E+00
     716   26.325850  0.0000E+00
     717   26.332040  0.0000E+00
     718   26.338230  0.0000E+00
     719   26.344420  0.0000E+00
     720   26.350610  0.0000E+00
     721   26.356800  0.0000E+00
     722   26.362990  0.0000E+00
     723   26.369180  0.0000E+00
     724   26.375370  0.0000E+00
     725   26.381560  0.0000E+00
     726   26.387750  0.0000E+00
     727   26.393940  0.0000E+00
     728   26.400130  0.0000E+00
     729   26.406320  0.0000E+00
     730   26.412510  0.0000E+00
     731   26.418700  0.0000E+00
     732   26.424890  0.0000E+00
     733   26.431080  0.0000E+00
     734   26.437270  0.0000E+00
     735   26.443460  0.0000E+00
     736   26.449650  0.0000E+00
     737   26.455840  0.0000E+00
     738   26.462030  0.0000E+00
     739   26.468220  0.0000E+00
     740   26.474410  0.0000E+00
     741   26.480600  0.0000E+00
     742   26.486790  0.0000E+00
     743   26.492980  0.0000E+00
     744   26.499170  0.0000E+00
     745   26.505360  0.0000E+00
     746   26.511550  0.0000E+00
     747   26.517740  0.0000E+00
     748   26.523930  0.0000E+00
     749   26.530120  0.0000E+00
     750   26.536310  0.0000E+00
     751   26.542500  0.0000E+00
     752   26.548690  0.0000E+00
     753   26.554880  0.0000E+00
     754   26.561070  0.0000E+00
     755   26.567260  0.0000E+00
     756   26.573450  0.0000E+00
     757   26.579640  0.0000E+00
     758   26.585830  0.0000E+00
     759   26.592020  0.0000E+00
     760   26.598210  0.0000E+00
     761   26.604400  0.0000E+00
     762   26.610590  0.0000E+00
     763   26.616780  0.0000E+00
     764   26.622970  0.0000E+00
     765   26.629160  0.0000E+00
     766   26.635350  0.0000E+00
     767   26.641540  0.0000E+00
     768   26.647730  0.0000E+00
     769   26.653920  0.0000E+00
     770   26.660110  0.0000E+00
     771   26.666300  0.0000E+00
     772   26.672490  0.0000E+00
     773   26.678680  0.0000E+00
     774   26.684870  0.0000E+00
     775   26.691060  0.0000E+00
     776   26.697250  0.0000E+00
     777   26.703440  0.0000E+00
     778   26.709630  0.0000E+00
     779   26.715820  0.0000E+00
     780   26.722010  0.0000E+00
     781   26.728200  0.0000E+00
     782   26.734390  0.0000E+00
     783   26.740580  0.0000E+00
     784   26.746770  0.0000E+00
     785   26.752960  0.0000E+00
     786   26.759150  0.0000E+00
     787   26.765340  0.0000E+00
     788   26.771530  0.0000E+00
     789   26.777720  0.0000E+00
     790   26.783910  0.0000E+00
     791   26.790100  0.0000E+00
     792   26.796290  0.0000E+00
     793   26.802480  0.0000E+00
     794   26.808670  0.0000E+00
     795   26.814860  0.0000E+00
     796   26.821050  0.0000E+00
     797   26.827240  0.0000E+00
     798   26.833430  0.0000E+00
     799   26.839620  0.0000E+00
     800   26.845810  0.0000E+00
     801   26.852000  0.0000E+00
     802   26.858190  0.0000E+00
     803   26.864380  0.0000E+00
     804   26.870570  0.0000E+00
     805   26.876760  0.0000E+00
     806   26.882950  0.0000E+00
     807   26.889140  0.0000E+00
     808   26.895330  0.0000E+00
     809   26.901520  0.0000E+00
     810   26.907710  0.0000E+00
     811   26.913900  0.0000E+00
     812   26.920090  0.0000E+00
     813   26.926280  0.0000E+00
     814   26.932470  0.0000E+00
     815   26.938660  0.0000E+00
     816   26.944850  0.0000E+00
     817   26.951040  0.0000E+00
     818   26.957230  0.0000E+00
     819   26.963420  0.0000E+00
     820   26.969610  0.0000E+00
     821   26.975800  0.0000E+00
     822   26.981990  0.0000E+00
     823   26.988180  0.0000E+00
     824   26.994370  0.0000E+00
     825   27.000560  0.0000E+00
     826   27.006750  0.0000E+00
     827   27.012940  0.0000E+00
     828   27.019130  0.0000E+00
     829   27.025320  0.0000E+00
     830   27.031510  0.0000E+00
     831   27.037700  0.0000E+00
     832   27.043890  0.0000E+00
     833   27.050080  0.0000E+00
     834   27.056270  0.0000E+00
     835   27.062460  0.0000E+00
     836   27.068650  0.0000E+00
     837   27.074840  0.0000E+00
     838   27.081030  0.0000E+00
     839   27.087220  0.0000E+00
     840   27.093410  0.0000E+00
     841   27.099600  0.0000E+00
     842   27.105790  0.0000E+00
     843   27.111980  0.0000E+00
     844   27.118170  0.0000E+00
     845   27.124360  0.0000E+00
     846   27.130550  0.0000E+00
     847   27.136740  0.0000E+00
     848   27.142930  0.0000E+00
     849   27.149120  0.0000E+00
     850   27.155310  0.0000E+00
     851   27.161500  0.0000E+00
     852   27.167690  0.0000E+00
     853   27.173880  0.0000E+00
     854   27.180070  0.0000E+00
     855   27.186260  0.0000E+00
     856   27.192450  0.0000E+00
     857   27.198640  0.0000E+00
     858   27.204830  0.0000E+00
     859   27.211020  0.0000E+00
     860   27.217210  0.0000E+00
     861   27.223400  0.0000E+00
     862   27.229590  0.0000E+00
     863   27.235780  0.0000E+00
     864   27.241970  0.0000E+00
     865   27.248160  0.0000E+00
     866   27.254350  0.0000E+00
     867   27.260540  0.0000E+00
     868   27.266730  0.0000E+00
     869   27.272920  0.0000E+00
     870   27.279110  0.0000E+00
     871   27.285300  0.0000E+00
     872   27.291490  0.0000E+00
     873   27.297680  0.0000E+00
     874   27.303870  0.0000E+00
     875   27.310060  0.0000E+00
     876   27.316250  0.0000E+00
     877   27.322440  0.0000E+00
     878   27.328630  0.0000E+00
     879   27.334820  0.0000E+00
     880   27.341010  0.0000E+00
     881   27.347200  0.0000E+00
     882   27.353390  0.0000E+00
     883   27.359580  0.0000E+00
     884   27.365770  0.0000E+00
     885   27.371960  0.0000E+00
     886   27.378150  0.0000E+00
     887   27.384340  0.0000E+00
     888   27.390530  0.0000E+00
     889   27.396720  0.0000E+00
     890   27.402910  0.0000E+00
     891   27.409100  0.0000E+00
     892   27.415290  0.0000E+00
     893   27.421480  0.0000E+00
     894   27.427670  0.0000E+00
     895   27.433860  0.0000E+00
     896   27.440050  0.0000E+00
     897   27.446240  0.0000E+00
     898   27.452430  0.0000E+00
     899   27.458620  0.0000E+00
     900   27.464810  0.0000E+00
     901   27.471000  0.0000E+00
     902   27.477190  0.0000E+00
     903   27.483380  0.0000E+00
     904   27.489570  0.0000E+00
     905   27.495760  0.0000E+00
     906   27.501950  0.0000E+00
     907   27.508140  0.0000E+00
     908   27.514330  0.0000E+00
     909   27.520520  0.0000E+00
     910   27.526710  0.0000E+00
     911   27.532900  0.0000E+00
     912   27.539090  0.0000E+00
     913   27.545280  0.0000E+00
     914   27.551470  0.0000E+00
     915   27.557660  0.0000E+00
     916   27.563850  0.0000E+00
     917   27.570040  0.0000E+00
     918   27.576230  0.0000E+00
     919   27.582420  0.0000E+00
     920   27.588610  0.0000E+00
     921   27.594800  0.0000E+00
     922   27.600990  0.0000E+00
     923   27.607180  0.0000E+00
     924   27.613370  0.0000E+00
     925   27.619560  0.0000E+00
     926   27.625750  0.0000E+00
     927   27.631940  0.0000E+00
     928   27.638130  0.0000E+00
     929   27.644320  0.0000E+00
     930   27.650510  0.0000E+00
     931   27.656700  0.0000E+00
     932   27.662890  0.0000E+00
     933   27.669080  0.0000E+00
     934   27.675270  0.0000E+00
     935   27.681460  0.0000E+00
     936   27.687650  0.0000E+00
     937   27.693840  0.0000E+00
     938   27.700030  0.0000E+00
     939   27.706220  0.0000E+00
     940   27.712410  0.0000E+00
     941   27.718600  0.0000E+00
     942   27.724790  0.0000E+00
     943   27.730980  0.0000E+00
     944   27.737170  0.0000E+00
     945   27.743360  0.0000E+00
     946   27.749550  0.0000E+00
     947   27.755740  0.0000E+00
     948   27.761930  0.0000E+00
     949   27.768120  0.0000E+00
     950   27.774310  0.0000E+00
     951   27.780500  0.0000E+00
     952   27.786690  0.0000E+00
     953   27.792880  0.0000E+00
     954   27.799070  0.0000E+00
     955   27.805260  0.0000E+00
     956   27.811450  0.0000E+00
     957   27.817640  0.0000E+00
     958   27.823830  0.0000E+00
     959   27.830020  0.0000E+00
     960   27.836210  0.0000E+00
     961   27.842400  0.0000E+00
     962   27.848590  0.0000E+00
     963   27.854780  0.0000E+00
     964   27.860970  0.0000E+00
     965   27.867160  0.0000E+00
     966   27.873350  0.0000E+00
     967   27.879540  0.0000E+00
     968   27.885730  0.0000E+00
     969   27.891920  0.0000E+00
     970   27.898110  0.0000E+00
     971   27.904300  0.0000E+00
     972   27.910490  0.0000E+00
     973   27.916680  0.0000E+00
     974   27.922870  0.0000E+00
     975   27.929060  0.0000E+00
     976   27.935250  0.0000E+00
     977   27.941440  0.0000E+00
     978   27.947630  0.0000E+00
     979   27.953820  0.0000E+00
     980   27.960010  0.0000E+00
     981   27.966200  0.0000E+00
     982   27.972390  0.0000E+00
     983   27.978580  0.0000E+00
     984   27.984770  0.0000E+00
     985   27.990960  0.0000E+00
     986   27.997150  0.0000E+00
     987   28.003340  0.0000E+00
     988   28.009530  0.0000E+00
     989   28.015720  0.0000E+00
     990   28.021910  0.0000E+00
     991   28.028100  0.0000E+00
     992   28.034290  0.0000E+00
     993   28.040480  0.0000E+00
     994   28.046670  0.0000E+00
     995   28.052860  0.0000E+00
     996   28.059050  0.0000E+00
     997   28.065240  0.0000E+00
     998   28.071430  0.0000E+00
     999   28.077620  0.0000E+00
    1000   28.083810  0.0000E+00
    1001   28.090000  0.0000E+00
    1002   28.096190  0.0000E+00
    1003   28.102380  0.0000E+00
    1004   28.108570  0.0000E+00
    1005   28.114760  0.0000E+00
    1006   28.120950  0.0000E+00
    1007   28.127140  0.0000E+00
    1008   28.133330  0.0000E+00
    1009   28.139520  0.0000E+00
    1010   28.145710  0.0000E+00
    1011   28.151900  0.0000E+00
    1012   28.158090  0.0000E+00
    1013   28.164280  0.0000E+00
    1014   28.170470  0.0000E+00
    1015   28.176660  0.0000E+00
    1016   28.182850  0.0000E+00
    1017   28.189040  0.0000E+00
    1018   28.195230  0.0000E+00
    1019   28.201420  0.0000E+00
    1020   28.207610  0.0000E+00
    1021   28.213800  0.0000E+00
    1022   28.219990  0.0000E+00
    1023   28.226180  0.0000E+00
    1024   28.232370  0.0000E+00
    1025   28.238560  0.0000E+00
    1026   28.244750  0.0000E+00
    1027   28.250940  0.0000E+00
    1028   28.257130  0.0000E+00
    1029   28.263320  0.0000E+00
    1030   28.269510  0.0000E+00
    1031   28.275700  0.0000E+00
    1032   28.281890  0.0000E+00
    1033   28.288080  0.0000E+00
    1034   28.294270  0.0000E+00
    1035   28.300460  0.0000E+00
    1036   28.306650  0.0000E+00
    1037   28.312840  0.0000E+00
    1038   28.319030  0.0000E+00
    1039   28.325220  0.0000E+00
    1040   28.331410  0.0000E+00
    1041   28.337600  0.0000E+00
    1042   28.343790  0.0000E+00
    1043   28.349980  0.0000E+00
    1044   28.356170  0.0000E+00
    1045   28.362360  0.0000E+00
    1046   28.368550  0.0000E+00
    1047   28.374740  0.0000E+00
    1048   28.380930  0.0000E+00
    1049   28.387120  0.0000E+00
    1050   28.393310  0.0000E+00
    1051   28.399500  0.0000E+00
    1052   28.405690  0.0000E+00
    1053   28.411880  0.0000E+00
    1054   28.418070  0.0000E+00
    1055   28.424260  0.0000E+00
    1056   28.430450  0.0000E+00
    1057   28.436640  0.0000E+00
    1058   28.442830  0.0000E+00
    1059   28.449020  0.0000E+00
    1060   28.455210  0.0000E+00
    1061   28.461400  0.0000E+00
    1062   28.467590  0.0000E+00
    1063   28.473780  0.0000E+00
    1064   28.479970  0.0000E+00
    1065   28.486160  0.0000E+00
    1066   28.492350  0.0000E+00
    1067   28.498540  0.0000E+00
    1068   28.504730  0.0000E+00
    1069   28.510920  0.0000E+00
    1070   28.517110  0.0000E+00
    1071   28.523300  0.0000E+00
    1072   28.529490  0.0000E+00
    1073   28.535680  0.0000E+00
    1074   28.541870  0.0000E+00
    1075   28.548060  0.0000E+00
    1076   28.554250  0.0000E+00
    1077   28.560440  0.0000E+00
    1078   28.566630  0.0000E+00
    1079   28.572820  0.0000E+00
    1080   28.579010  0.0000E+00
    1081   28.585200  0.0000E+00
    1082   28.591390  0.0000E+00
    1083   28.597580  0.0000E+00
    1084   28.603770  0.0000E+00
    1085   28.609960  0.0000E+00
    1086   28.616150  0.0000E+00
    1087   28.622340  0.0000E+00
    1088   28.628530  0.0000E+00
    1089   28.634720  0.0000E+00
    1090   28.640910  0.0000E+00
    1091   28.647100  0.0000E+00
    1092   28.653290  0.0000E+00
    1093   28.659480  0.0000E+00
    1094   28.665670  0.0000E+00
    1095   28.671860  0.0000E+00
    1096   28.678050  0.0000E+00
    1097   28.684240  0.0000E+00
    1098   28.690430  0.0000E+00
    1099   28.696620  0.0000E+00
    1100   28.702810  0.0000E+00
    1101   28.709000  0.0000E+00
    1102   28.715190  0.0000E+00
    1103   28.721380  0.0000E+00
    1104   28.727570  0.0000E+00
    1105   28.733760  0.0000E+00
    1106   28.739950  0.0000E+00
    1107   28.746140  0.0000E+00
    1108   28.752330  0.0000E+00
    1109   28.758520  0.0000E+00
    1110   28.764710  0.0000E+00
    1111   28.770900  0.0000E+00
    1112   28.777090  0.0000E+00
    1113   28.783280  0.0000E+00
    1114   28.789470  0.0000E+00
    1115   28.795660  0.0000E+00
    1116   28.801850  0.0000E+00
    1117   28.808040  0.0000E+00
    1118   28.814230  0.0000E+00
    1119   28.820420  0.0000E+00
    1120   28.826610  0.0000E+00
    1121   28.832800  0.0000E+00
    1122   28.838990  0.0000E+00
    1123   28.845180  0.0000E+00
    1124   28.851370  0.0000E+00
    1125   28.857560  0.0000E+00
    1126   28.863750  0.0000E+00
    1127   28.869940  0.0000E+00
    1128   28.876130  0.0000E+00
    1129   28.882320  0.0000E+00
    1130   28.888510  0.0000E+00
    1131   28.894700  0.0000E+00
    1132   28.900890  0.0000E+00
    1133   28.907080  0.0000E+00
    1134   28.913270  0.0000E+00
    1135   28.919460  0.0000E+00
    1136   28.925650  0.0000E+00
    1137   28.931840  0.0000E+00
    1138   28.938030  0.0000E+00
    1139   28.944220  0.0000E+00
    1140   28.950410  0.0000E+00
    1141   28.956600  0.0000E+00
    1142   28.962790  0.0000E+00
    1143   28.968980  0.0000E+00
    1144   28.975170  0.0000E+00
    1145   28.981360  0.0000E+00
    1146   28.987550  0.0000E+00
    1147   28.993740  0.0000E+00
    1148   28.999930  0.0000E+00
    1149   29.006120  0.0000E+00
    1150   29.012310  0.0000E+00
    1151   29.018500  0.0000E+00
    1152   29.024690  0.0000E+00
    1153   29.030880  0.0000E+00
    1154   29.037070  0.0000E+00
    1155   29.043260  0.0000E+00
    1156   29.049450  0.0000E+00
    1157   29.055640  0.0000E+00
    1158   29.061830  0.0000E+00
    1159   29.068020  0.0000E+00
    1160   29.074210  0.0000E+00
    1161   29.080400  0.0000E+00
    1162   29.086590  0.0000E+00
    1163   29.092780  0.0000E+00
    1164   29.098970  0.0000E+00
    1165   29.105160  0.0000E+00
    1166   29.111350  0.0000E+00
    1167   29.117540  0.0000E+00
    1168   29.123730  0.0000E+00
    1169   29.129920  0.0000E+00
    1170   29.136110  0.0000E+00
    1171   29.142300  0.0000E+00
    1172   29.148490  0.0000E+00
    1173   29.154680  0.0000E+00
    1174   29.160870  0.0000E+00
    1175   29.167060  0.0000E+00
    1176   29.173250  0.0000E+00
    1177   29.179440  0.0000E+00
    1178   29.185630  0.0000E+00
    1179   29.191820  0.0000E+00
    1180   29.198010  0.0000E+00
    1181   29.204200  0.0000E+00
    1182   29.210390  0.0000E+00
    1183   29.216580  0.0000E+00
    1184   29.222770  0.0000E+00
    1185   29.228960  0.0000E+00
    1186   29.235150  0.0000E+00
    1187   29.241340  0.0000E+00
    1188   29.247530  0.0000E+00
    1189   29.253720  0.0000E+00
    1190   29.259910  0.0000E+00
    1191   29.266100  0.0000E+00
    1192   29.272290  0.0000E+00
    1193   29.278480  0.0000E+00
    1194   29.284670  0.0000E+00
    1195   29.290860  0.0000E+00
    1196   29.297050  0.0000E+00
    1197   29.303240  0.0000E+00
    1198   29.309430  0.0000E+00
    1199   29.315620  0.0000E+00
    1200   29.321810  0.0000E+00
    1201   29.328000  0.0000E+00
    1202   29.334190  0.0000E+00
    1203   29.340380  0.0000E+00
    1204   29.346570  0.0000E+00
    1205   29.352760  0.0000E+00
    1206   29.358950  0.0000E+00
    1207   29.365140  0.0000E+00
    1208   29.371330  0.0000E+00
    1209   29.377520  0.0000E+00
    1210   29.383710  0.0000E+00
    1211   29.389900  0.0000E+00
    1212   29.396090  0.0000E+00
    1213   29.402280  0.0000E+00
    1214   29.408470  0.0000E+00
    1215   29.414660  0.0000E+00
    1216   29.420850  0.0000E+00
    1217   29.427040  0.0000E+00
    1218   29.433230  0.0000E+00
    1219   29.439420  0.0000E+00
    1220   29.445610  0.0000E+00
    1221   29.451800  0.0000E+00
    1222   29.457990  0.0000E+00
    1223   29.464180  0.0000E+00
    1224   29.470370  0.0000E+00
    1225   29.476560  0.0000E+00
    1226   29.482750  0.0000E+00
    1227   29.488940  0.0000E+00
    1228   29.495130  0.0000E+00
    1229   29.501320  0.0000E+00
    1230   29.507510  0.0000E+00
    1231   29.513700  0.0000E+00
    1232   29.519890  0.0000E+00
    1233   29.526080  0.0000E+00
    1234   29.532270  0.0000E+00
    1235   29.538460  0.0000E+00
    1236   29.544650  0.0000E+00
    1237   29.550840  0.0000E+00
    1238   29.557030  0.0000E+00
    1239   29.563220  0.0000E+00
    1240   29.569410  0.0000E+00
    1241   29.575600  0.0000E+00
    1242   29.581790  0.0000E+00
    1243   29.587980  0.0000E+00
    1244   29.594170  0.0000E+00
    1245   29.600360  0.0000E+00
    1246   29.606550  0.0000E+00
    1247   29.612740  0.0000E+00
    1248   29.618930  0.0000E+00
    1249   29.625120  0.0000E+00
    1250   29.631310  0.0000E+00
    1251   29.637500  0.0000E+00
    1252   29.643690  0.0000E+00
    1253   29.649880  0.0000E+00
    1254   29.656070  0.0000E+00
    1255   29.662260  0.0000E+00
    1256   29.668450  0.0000E+00
    1257   29.674640  0.0000E+00
    1258   29.680830  0.0000E+00
    1259   29.687020  0.0000E+00
    1260   29.693210  0.0000E+00
    1261   29.699400  0.0000E+00
    1262   29.705590  0.0000E+00
    1263   29.711780  0.0000E+00
    1264   29.717970  0.0000E+00
    1265   29.724160  0.0000E+00
    1266   29.730350  0.0000E+00
    1267   29.736540  0.0000E+00
    1268   29.742730  0.0000E+00
    1269   29.748920  0.0000E+00
    1270   29.755110  0.0000E+00
    1271   29.761300  0.0000E+00
    1272   29.767490  0.0000E+00
    1273   29.773680  0.0000E+00
    1274   29.779870  0.0000E+00
    1275   29.786060  0.0000E+00
    1276   29.792250  0.0000E+00
    1277   29.798440  0.0000E+00
    1278   29.804630  0.0000E+00
    1279   29.810820  0.0000E+00
    1280   29.817010  0.0000E+00
    1281   29.823200  0.0000E+00
    1282   29.829390  0.0000E+00
    1283   29.835580  0.0000E+00
    1284   29.841770  0.0000E+00
    1285   29.847960  0.0000E+00
    1286   29.854150  0.0000E+00
    1287   29.860340  0.0000E+00
    1288   29.866530  0.0000E+00
    1289   29.872720  0.0000E+00
    1290   29.878910  0.0000E+00
    1291   29.885100  0.0000E+00
    1292   29.891290  0.0000E+00
    1293   29.897480  0.0000E+00
    1294   29.903670  0.0000E+00
    1295   29.909860  0.0000E+00
    1296   29.916050  0.0000E+00
    1297   29.922240  0.0000E+00
    1298   29.928430  0.0000E+00
    1299   29.934620  0.0000E+00
    1300   29.940810  0.0000E+00
    1301   29.947000  0.0000E+00
    1302   29.953190  0.0000E+00
    1303   29.959380  0.0000E+00
    1304   29.965570  0.0000E+00
    1305   29.971760  0.0000E+00
    1306   29.977950  0.0000E+00
    1307   29.984140  0.0000E+00
    1308   29.990330  0.0000E+00
    1309   29.996520  0.0000E+00
    1310   30.002710  0.0000E+00
    1311   30.008900  0.0000E+00
    1312   30.015090  0.0000E+00
    1313   30.021280  0.0000E+00
    1314   30.027470  0.0000E+00
    1315   30.033660  0.0000E+00
    1316   30.039850  0.0000E+00
    1317   30.046040  0.0000E+00
    1318   30.052230  0.0000E+00
    1319   30.058420  0.0000E+00
    1320   30.064610  0.0000E+00
    1321   30.070800  0.0000E+00
    1322   30.076990  0.0000E+00
    1323   30.083180  0.0000E+00
    1324   30.089370  0.0000E+00
    1325   30.095560  0.0000E+00
    1326   30.101750  0.0000E+00
    1327   30.107940  0.0000E+00
    1328   30.114130  0.0000E+00
    1329   30.120320  0.0000E+00
    1330   30.126510  0.0000E+00
    1331   30.132700  0.0000E+00
    1332   30.138890  0.0000E+00
    1333   30.145080  0.0000E+00
    1334   30.151270  0.0000E+00
    1335   30.157460  0.0000E+00
    1336   30.163650  0.0000E+00
    1337   30.169840  0.0000E+00
    1338   30.176030  0.0000E+00
    1339   30.182220  0.0000E+00
    1340   30.188410  0.0000E+00
    1341   30.194600  0.0000E+00
    1342   30.200790  0.0000E+00
    1343   30.206980  0.0000E+00
    1344   30.213170  0.0000E+00
    1345   30.219360  0.0000E+00
    1346   30.225550  0.0000E+00
    1347   30.231740  0.0000E+00
    1348   30.237930  0.0000E+00
    1349   30.244120  0.0000E+00
    1350   30.250310  0.0000E+00
    1351   30.256500  0.0000E+00
    1352   30.262690  0.0000E+00
    1353   30.268880  0.0000E+00
    1354   30.275070  0.0000E+00
    1355   30.281260  0.0000E+00
    1356   30.287450  0.0000E+00
    1357   30.293640  0.0000E+00
    1358   30.299830  0.0000E+00
    1359   30.306020  0.0000E+00
    1360   30.312210  0.0000E+00
    1361   30.318400  0.0000E+00
    1362   30.324590  0.0000E+00
    1363   30.330780  0.0000E+00
    1364   30.336970  0.0000E+00
    1365   30.343160  0.0000E+00
    1366   30.349350  0.0000E+00
    1367   30.355540  0.0000E+00
    1368   30.361730  0.0000E+00
    1369   30.367920  0.0000E+00
    1370   30.374110  0.0000E+00
    1371   30.380300  0.0000E+00
    1372   30.386490  0.0000E+00
    1373   30.392680  0.0000E+00
    1374   30.398870  0.0000E+00
    1375   30.405060  0.0000E+00
    1376   30.411250  0.0000E+00
    1377   30.417440  0.0000E+00
    1378   30.423630  0.0000E+00
    1379   30.429820  0.0000E+00
    1380   30.436010  0.0000E+00
    1381   30.442200  0.0000E+00
    1382   30.448390  0.0000E+00
    1383   30.454580  0.0000E+00
    1384   30.460770  0.0000E+00
    1385   30.466960  0.0000E+00
    1386   30.473150  0.0000E+00
    1387   30.479340  0.0000E+00
    1388   30.485530  0.0000E+00
    1389   30.491720  0.0000E+00
    1390   30.497910  0.0000E+00
    1391   30.504100  0.0000E+00
    1392   30.510290  0.0000E+00
    1393   30.516480  0.0000E+00
    1394   30.522670  0.0000E+00
    1395   30.528860  0.0000E+00
    1396   30.535050  0.0000E+00
    1397   30.541240  0.0000E+00
    1398   30.547430  0.0000E+00
    1399   30.553620  0.0000E+00
    1400   30.559810  0.0000E+00
    1401   30.566000  0.0000E+00
    1402   30.572190  0.0000E+00
    1403   30.578380  0.0000E+00
    1404   30.584570  0.0000E+00
    1405   30.590760  0.0000E+00
    1406   30.596950  0.0000E+00
    1407   30.603140  0.0000E+00
    1408   30.609330  0.0000E+00
    1409   30.615520  0.0000E+00
    1410   30.621710  0.0000E+00
    1411   30.627900  0.0000E+00
    1412   30.634090  0.0000E+00
    1413   30.640280  0.0000E+00
    1414   30.646470  0.0000E+00
    1415   30.652660  0.0000E+00
    1416   30.658850  0.0000E+00
    1417   30.665040  0.0000E+00
    1418   30.671230  0.0000E+00
    1419   30.677420  0.0000E+00
    1420   30.683610  0.0000E+00
    1421   30.689800  0.0000E+00
    1422   30.695990  0.0000E+00
    1423   30.702180  0.0000E+00
    1424   30.708370  0.0000E+00
    1425   30.714560  0.0000E+00
    1426   30.720750  0.0000E+00
    1427   30.726940  0.0000E+00
    1428   30.733130  0.0000E+00
    1429   30.739320  0.0000E+00
    1430   30.745510  0.0000E+00
    1431   30.751700  0.0000E+00
    1432   30.757890  0.0000E+00
    1433   30.764080  0.0000E+00
    1434   30.770270  0.0000E+00
    1435   30.776460  0.0000E+00
    1436   30.782650  0.0000E+00
    1437   30.788840  0.0000E+00
    1438   30.795030  0.0000E+00
    1439   30.801220  0.0000E+00
    1440   30.807410  0.0000E+00
    1441   30.813600  0.0000E+00
    1442   30.819790  0.0000E+00
    1443   30.825980  0.0000E+00
    1444   30.832170  0.0000E+00
    1445   30.838360  0.0000E+00
    1446   30.844550  0.0000E+00
    1447   30.850740  0.0000E+00
    1448   30.856930  0.0000E+00
    1449   30.863120  0.0000E+00
    1450   30.869310  0.0000E+00
    1451   30.875500  0.0000E+00
    1452   30.881690  0.0000E+00
    1453   30.887880  0.0000E+00
    1454   30.894070  0.0000E+00
    1455   30.900260  0.0000E+00
    1456   30.906450  0.0000E+00
    1457   30.912640  0.0000E+00
    1458   30.918830  0.0000E+00
    1459   30.925020  0.0000E+00
    1460   30.931210  0.0000E+00
    1461   30.937400  0.0000E+00
    1462   30.943590  0.0000E+00
    1463   30.949780  0.0000E+00
    1464   30.955970  0.0000E+00
    1465   30.962160  0.0000E+00
    1466   30.968350  0.0000E+00
    1467   30.974540  0.0000E+00
    1468   30.980730  0.0000E+00
    1469   30.986920  0.0000E+00
    1470   30.993110  0.0000E+00
    1471   30.999300  0.0000E+00
    1472   31.005490  0.0000E+00
    1473   31.011680  0.0000E+00
    1474   31.017870  0.0000E+00
    1475   31.024060  0.0000E+00
    1476   31.030250  0.0000E+00
    1477   31.036440  0.0000E+00
    1478   31.042630  0.0000E+00
    1479   31.048820  0.0000E+00
    1480   31.055010  0.0000E+00
    1481   31.061200  0.0000E+00
    1482   31.067390  0.0000E+00
    1483   31.073580  0.0000E+00
    1484   31.079770  0.0000E+00
    1485   31.085960  0.0000E+00
    1486   31.092150  0.0000E+00
    1487   31.098340  0.0000E+00
    1488   31.104530  0.0000E+00
    1489   31.110720  0.0000E+00
    1490   31.116910  0.0000E+00
    1491   31.123100  0.0000E+00
    1492   31.129290  0.0000E+00
    1493   31.135480  0.0000E+00
    1494   31.141670  0.0000E+00
    1495   31.147860  0.0000E+00
    1496   31.154050  0.0000E+00
    1497   31.160240  0.0000E+00
    1498   31.166430  0.0000E+00
    1499   31.172620  0.0000E+00
    1500   31.178810  0.0000E+00
    1501   31.185000  0.0000E+00
    1502   31.191190  0.0000E+00
    1503   31.197380  0.0000E+00
    1504   31.203570  0.0000E+00
    1505   31.209760  0.0000E+00
    1506   31.215950  0.0000E+00
    1507   31.222140  0.0000E+00
    1508   31.228330  0.0000E+00
    1509   31.234520  0.0000E+00
    1510   31.240710  0.0000E+00
    1511   31.246900  0.0000E+00
    1512   31.253090  0.0000E+00
    1513   31.259280  0.0000E+00
    1514   31.265470  0.0000E+00
    1515   31.271660  0.0000E+00
    1516   31.277850  0.0000E+00
    1517   31.284040  0.0000E+00
    1518   31.290230  0.0000E+00
    1519   31.296420  0.0000E+00
    1520   31.302610  0.0000E+00
    1521   31.308800  0.0000E+00
    1522   31.314990  0.0000E+00
    1523   31.321180  0.0000E+00
    1524   31.327370  0.0000E+00
    1525   31.333560  0.0000E+00
    1526   31.339750  0.0000E+00
    1527   31.345940  0.0000E+00
    1528   31.352130  0.0000E+00
    1529   31.358320  0.0000E+00
    1530   31.364510  0.0000E+00
    1531   31.370700  0.0000E+00
    1532   31.376890  0.0000E+00
    1533   31.383080  0.0000E+00
    1534   31.389270  0.0000E+00
    1535   31.395460  0.0000E+00
    1536   31.401650  0.0000E+00
    1537   31.407840  0.0000E+00
    1538   31.414030  0.0000E+00
    1539   31.420220  0.0000E+00
    1540   31.426410  0.0000E+00
    1541   31.432600  0.0000E+00
    1542   31.438790  0.0000E+00
    1543   31.444980  0.0000E+00
    1544   31.451170  0.0000E+00
    1545   31.457360  0.0000E+00
    1546   31.463550  0.0000E+00
    1547   31.469740  0.0000E+00
    1548   31.475930  0.0000E+00
    1549   31.482120  0.0000E+00
    1550   31.488310  0.0000E+00
    1551   31.494500  0.0000E+00
    1552   31.500690  0.0000E+00
    1553   31.506880  0.0000E+00
    1554   31.513070  0.0000E+00
    1555   31.519260  0.0000E+00
    1556   31.525450  0.0000E+00
    1557   31.531640  0.0000E+00
    1558   31.537830  0.0000E+00
    1559   31.544020  0.0000E+00
    1560   31.550210  0.0000E+00
    1561   31.556400  0.0000E+00
    1562   31.562590  0.0000E+00
    1563   31.568780  0.0000E+00
    1564   31.574970  0.0000E+00
    1565   31.581160  0.0000E+00
    1566   31.587350  0.0000E+00
    1567   31.593540  0.0000E+00
    1568   31.599730  0.0000E+00
    1569   31.605920  0.0000E+00
    1570   31.612110  0.0000E+00
    1571   31.618300  0.0000E+00
    1572   31.624490  0.0000E+00
    1573   31.630680  0.0000E+00
    1574   31.636870  0.0000E+00
    1575   31.643060  0.0000E+00
    1576   31.649250  0.0000E+00
    1577   31.655440  0.0000E+00
    1578   31.661630  0.0000E+00
    1579   31.667820  0.0000E+00
    1580   31.674010  0.0000E+00
    1581   31.680200  0.0000E+00
    1582   31.686390  0.0000E+00
    1583   31.692580  0.0000E+00
    1584   31.698770  0.0000E+00
    1585   31.704960  0.0000E+00
    1586   31.711150  0.0000E+00
    1587   31.717340  0.0000E+00
    1588   31.723530  0.0000E+00
    1589   31.729720  0.0000E+00
    1590   31.735910  0.0000E+00
    1591   31.742100  0.0000E+00
    1592   31.748290  0.0000E+00
    1593   31.754480  0.0000E+00
    1594   31.760670  0.0000E+00
    1595   31.766860  0.0000E+00
    1596   31.773050  0.0000E+00
    1597   31.779240  0.0000E+00
    1598   31.785430  0.0000E+00
    1599   31.791620  0.0000E+00
    1600   31.797810  0.0000E+00
    1601   31.804000  0.0000E+00
    1602   31.810190  0.0000E+00
    1603   31.816380  0.0000E+00
    1604   31.822570  0.0000E+00
    1605   31.828760  0.0000E+00
    1606   31.834950  0.0000E+00
    1607   31.841140  0.0000E+00
    1608   31.847330  0.0000E+00
    1609   31.853520  0.0000E+00
    1610   31.859710  0.0000E+00
    1611   31.865900  0.0000E+00
    1612   31.872090  0.0000E+00
    1613   31.878280  0.0000E+00
    1614   31.884470  0.0000E+00
    1615   31.890660  0.0000E+00
    1616   31.896850  0.0000E+00
    1617   31.903040  0.0000E+00
    1618   31.909230  0.0000E+00
    1619   31.915420  0.0000E+00
    1620   31.921610  0.0000E+00
    1621   31.927800  0.0000E+00
    1622   31.933990  0.0000E+00
    1623   31.940180  0.0000E+00
    1624   31.946370  0.0000E+00
    1625   31.952560  0.0000E+00
    1626   31.958750  0.0000E+00
    1627   31.964940  0.0000E+00
    1628   31.971130  0.0000E+00
    1629   31.977320  0.0000E+00
    1630   31.983510  0.0000E+00
    1631   31.989700  0.0000E+00
    1632   31.995890  0.0000E+00
    1633   32.002080  0.0000E+00
    1634   32.008270  0.0000E+00
    1635   32.014460  0.0000E+00
    1636   32.020650  0.0000E+00
    1637   32.026840  0.0000E+00
    1638   32.033030  0.0000E+00
    1639   32.039220  0.0000E+00
    1640   32.045410  0.0000E+00
    1641   32.051600  0.0000E+00
    1642   32.057790  0.0000E+00
    1643   32.063980  0.0000E+00
    1644   32.070170  0.0000E+00
    1645   32.076360  0.0000E+00
    1646   32.082550  0.0000E+00
    1647   32.088740  0.0000E+00
    1648   32.094930  0.0000E+00
    1649   32.101120  0.0000E+00
    1650   32.107310  0.0000E+00
    1651   32.113500  0.0000E+00
    1652   32.119690  0.0000E+00
    1653   32.125880  0.0000E+00
    1654   32.132070  0.0000E+00
    1655   32.138260  0.0000E+00
    1656   32.144450  0.0000E+00
    1657   32.150640  0.0000E+00
    1658   32.156830  0.0000E+00
    1659   32.163020  0.0000E+00
    1660   32.169210  0.0000E+00
    1661   32.175400  0.0000E+00
    1662   32.181590  0.0000E+00
    1663   32.187780  0.0000E+00
    1664   32.193970  0.0000E+00
    1665   32.200160  0.0000E+00
    1666   32.206350  0.0000E+00
    1667   32.212540  0.0000E+00
    1668   32.218730  0.0000E+00
    1669   32.224920  0.0000E+00
    1670   32.231110  0.0000E+00
    1671   32.237300  0.0000E+00
    1672   32.243490  0.0000E+00
    1673   32.249680  0.0000E+00
    1674   32.255870  0.0000E+00
    1675   32.262060  0.0000E+00
    1676   32.268250  0.0000E+00
    1677   32.274440  0.0000E+00
    1678   32.280630  0.0000E+00
    1679   32.286820  0.0000E+00
    1680   32.293010  0.0000E+00
    1681   32.299200  0.0000E+00
    1682   32.305390  0.0000E+00
    1683   32.311580  0.0000E+00
    1684   32.317770  0.0000E+00
    1685   32.323960  0.0000E+00
    1686   32.330150  0.0000E+00
    1687   32.336340  0.0000E+00
    1688   32.342530  0.0000E+00
    1689   32.348720  0.0000E+00
    1690   32.354910  0.0000E+00
    1691   32.361100  0.0000E+00
    1692   32.367290  0.0000E+00
    1693   32.373480  0.0000E+00
    1694   32.379670  0.0000E+00
    1695   32.385860  0.0000E+00
    1696   32.392050  0.0000E+00
    1697   32.398240  0.0000E+00
    1698   32.404430  0.0000E+00
    1699   32.410620  0.0000E+00
    1700   32.416810  0.0000E+00
    1701   32.423000  0.0000E+00
    1702   32.429190  0.0000E+00
    1703   32.435380  0.0000E+00
    1704   32.441570  0.0000E+00
    1705   32.447760  0.0000E+00
    1706   32.453950  0.0000E+00
    1707   32.460140  0.0000E+00
    1708   32.466330  0.0000E+00
    1709   32.472520  0.0000E+00
    1710   32.478710  0.0000E+00
    1711   32.484900  0.0000E+00
    1712   32.491090  0.0000E+00
    1713   32.497280  0.0000E+00
    1714   32.503470  0.0000E+00
    1715   32.509660  0.0000E+00
    1716   32.515850  0.0000E+00
    1717   32.522040  0.0000E+00
    1718   32.528230  0.0000E+00
    1719   32.534420  0.0000E+00
    1720   32.540610  0.0000E+00
    1721   32.546800  0.0000E+00
    1722   32.552990  0.0000E+00
    1723   32.559180  0.0000E+00
    1724   32.565370  0.0000E+00
    1725   32.571560  0.0000E+00
    1726   32.577750  0.0000E+00
    1727   32.583940  0.0000E+00
    1728   32.590130  0.0000E+00
    1729   32.596320  0.0000E+00
    1730   32.602510  0.0000E+00
    1731   32.608700  0.0000E+00
    1732   32.614890  0.0000E+00
    1733   32.621080  0.0000E+00
    1734   32.627270  0.0000E+00
    1735   32.633460  0.0000E+00
    1736   32.639650  0.0000E+00
    1737   32.645840  0.0000E+00
    1738   32.652030  0.0000E+00
    1739   32.658220  0.0000E+00
    1740   32.664410  0.0000E+00
    1741   32.670600  0.0000E+00
    1742   32.676790  0.0000E+00
    1743   32.682980  0.0000E+00
    1744   32.689170  0.0000E+00
    1745   32.695360  0.0000E+00
    1746   32.701550  0.0000E+00
    1747   32.707740  0.0000E+00
    1748   32.713930  0.0000E+00
    1749   32.720120  0.0000E+00
    1750   32.726310  0.0000E+00
    1751   32.732500  0.0000E+00
    1752   32.738690  0.0000E+00
    1753   32.744880  0.0000E+00
    1754   32.751070  0.0000E+00
    1755   32.757260  0.0000E+00
    1756   32.763450  0.0000E+00
    1757   32.769640  0.0000E+00
    1758   32.775830  0.0000E+00
    1759   32.782020  0.0000E+00
    1760   32.788210  0.0000E+00
    1761   32.794400  0.0000E+00
    1762   32.800590  0.0000E+00
    1763   32.806780  0.0000E+00
    1764   32.812970  0.0000E+00
    1765   32.819160  0.0000E+00
    1766   32.825350  0.0000E+00
    1767   32.831540  0.0000E+00
    1768   32.837730  0.0000E+00
    1769   32.843920  0.0000E+00
    1770   32.850110  0.0000E+00
    1771   32.856300  0.0000E+00
    1772   32.862490  0.0000E+00
    1773   32.868680  0.0000E+00
    1774   32.874870  0.0000E+00
    1775   32.881060  0.0000E+00
    1776   32.887250  0.0000E+00
    1777   32.893440  0.0000E+00
    1778   32.899630  0.0000E+00
    1779   32.905820  0.0000E+00
    1780   32.912010  0.0000E+00
    1781   32.918200  0.0000E+00
    1782   32.924390  0.0000E+00
    1783   32.930580  0.0000E+00
    1784   32.936770  0.0000E+00
    1785   32.942960  0.0000E+00
    1786   32.949150  0.0000E+00
    1787   32.955340  0.0000E+00
    1788   32.961530  0.0000E+00
    1789   32.967720  0.0000E+00
    1790   32.973910  0.0000E+00
    1791   32.980100  0.0000E+00
    1792   32.986290  0.0000E+00
    1793   32.992480  0.0000E+00
    1794   32.998670  0.0000E+00
    1795   33.004860  0.0000E+00
    1796   33.011050  0.0000E+00
    1797   33.017240  0.0000E+00
    1798   33.023430  0.0000E+00
    1799   33.029620  0.0000E+00
    1800   33.035810  0.0000E+00
    1801   33.042000  0.0000E+00
    1802   33.048190  0.0000E+00
    1803   33.054380  0.0000E+00
    1804   33.060570  0.0000E+00
    1805   33.066760  0.0000E+00
    1806   33.072950  0.0000E+00
    1807   33.079140  0.0000E+00
    1808   33.085330  0.0000E+00
    1809   33.091520  0.0000E+00
    1810   33.097710  0.0000E+00
    1811   33.103900  0.0000E+00
    1812   33.110090  0.0000E+00
    1813   33.116280  0.0000E+00
    1814   33.122470  0.0000E+00
    1815   33.128660  0.0000E+00
    1816   33.134850  0.0000E+00
    1817   33.141040  0.0000E+00
    1818   33.147230  0.0000E+00
    1819   33.153420  0.0000E+00
    1820   33.159610  0.0000E+00
    1821   33.165800  0.0000E+00
    1822   33.171990  0.0000E+00
    1823   33.178180  0.0000E+00
    1824   33.184370  0.0000E+00
    1825   33.190560  0.0000E+00
    1826   33.196750  0.0000E+00
    1827   33.202940  0.0000E+00
    1828   33.209130  0.0000E+00
    1829   33.215320  0.0000E+00
    1830   33.221510  0.0000E+00
    1831   33.227700  0.0000E+00
    1832   33.233890  0.0000E+00
    1833   33.240080  0.0000E+00
    1834   33.246270  0.0000E+00
    1835   33.252460  0.0000E+00
    1836   33.258650  0.0000E+00
    1837   33.264840  0.0000E+00
    1838   33.271030  0.0000E+00
    1839   33.277220  0.0000E+00
    1840   33.283410  0.0000E+00
    1841   33.289600  0.0000E+00
    1842   33.295790  0.0000E+00
    1843   33.301980  0.0000E+00
    1844   33.308170  0.0000E+00
    1845   33.314360  0.0000E+00
    1846   33.320550  0.0000E+00
    1847   33.326740  0.0000E+00
    1848   33.332930  0.0000E+00
    1849   33.339120  0.0000E+00
    1850   33.345310  0.0000E+00
    1851   33.351500  0.0000E+00
    1852   33.357690  0.0000E+00
    1853   33.363880  0.0000E+00
    1854   33.370070  0.0000E+00
    1855   33.376260  0.0000E+00
    1856   33.382450  0.0000E+00
    1857   33.388640  0.0000E+00
    1858   33.394830  0.0000E+00
    1859   33.401020  0.0000E+00
    1860   33.407210  0.0000E+00
    1861   33.413400  0.0000E+00
    1862   33.419590  0.0000E+00
    1863   33.425780  0.0000E+00
    1864   33.431970  0.0000E+00
    1865   33.438160  0.0000E+00
    1866   33.444350  0.0000E+00
    1867   33.450540  0.0000E+00
    1868   33.456730  0.0000E+00
    1869   33.462920  0.0000E+00
    1870   33.469110  0.0000E+00
    1871   33.475300  0.0000E+00
    1872   33.481490  0.0000E+00
    1873   33.487680  0.0000E+00
    1874   33.493870  0.0000E+00
    1875   33.500060  0.0000E+00
    1876   33.506250  0.0000E+00
    1877   33.512440  0.0000E+00
    1878   33.518630  0.0000E+00
    1879   33.524820  0.0000E+00
    1880   33.531010  0.0000E+00
    1881   33.537200  0.0000E+00
    1882   33.543390  0.0000E+00
    1883   33.549580  0.0000E+00
    1884   33.555770  0.0000E+00
    1885   33.561960  0.0000E+00
    1886   33.568150  0.0000E+00
    1887   33.574340  0.0000E+00
    1888   33.580530  0.0000E+00
    1889   33.586720  0.0000E+00
    1890   33.592910  0.0000E+00
    1891   33.599100  0.0000E+00
    1892   33.605290  0.0000E+00
    1893   33.611480  0.0000E+00
    1894   33.617670  0.0000E+00
    1895   33.623860  0.0000E+00
    1896   33.630050  0.0000E+00
    1897   33.636240  0.0000E+00
    1898   33.642430  0.0000E+00
    1899   33.648620  0.0000E+00
    1900   33.654810  0.0000E+00
    1901   33.661000  0.0000E+00
    1902   33.667190  0.0000E+00
    1903   33.673380  0.0000E+00
    1904   33.679570  0.0000E+00
    1905   33.685760  0.0000E+00
    1906   33.691950  0.0000E+00
    1907   33.698140  0.0000E+00
    1908   33.704330  0.0000E+00
    1909   33.710520  0.0000E+00
    1910   33.716710  0.0000E+00
    1911   33.722900  0.0000E+00
    1912   33.729090  0.0000E+00
    1913   33.735280  0.0000E+00
    1914   33.741470  0.0000E+00
    1915   33.747660  0.0000E+00
    1916   33.753850  0.0000E+00
    1917   33.760040  0.0000E+00
    1918   33.766230  0.0000E+00
    1919   33.772420  0.0000E+00
    1920   33.778610  0.0000E+00
    1921   33.784800  0.0000E+00
    1922   33.790990  0.0000E+00
    1923   33.797180  0.0000E+00
    1924   33.803370  0.0000E+00
    1925   33.809560  0.0000E+00
    1926   33.815750  0.0000E+00
    1927   33.821940  0.0000E+00
    1928   33.828130  0.0000E+00
    1929   33.834320  0.0000E+00
    1930   33.840510  0.0000E+00
    1931   33.846700  0.0000E+00
    1932   33.852890  0.0000E+00
    1933   33.859080  0.0000E+00
    1934   33.865270  0.0000E+00
    1935   33.871460  0.0000E+00
    1936   33.877650  0.0000E+00
    1937   33.883840  0.0000E+00
    1938   33.890030  0.0000E+00
    1939   33.896220  0.0000E+00
    1940   33.902410  0.0000E+00
    1941   33.908600  0.0000E+00
    1942   33.914790  0.0000E+00
    1943   33.920980  0.0000E+00
    1944   33.927170  0.0000E+00
    1945   33.933360  0.0000E+00
    1946   33.939550  0.0000E+00
    1947   33.945740  0.0000E+00
    1948   33.951930  0.0000E+00
    1949   33.958120  0.0000E+00
    1950   33.964310  0.0000E+00
    1951   33.970500  0.0000E+00
    1952   33.976690  0.0000E+00
    1953   33.982880  0.0000E+00
    1954   33.989070  0.0000E+00
    1955   33.995260  0.0000E+00
    1956   34.001450  0.0000E+00
    1957   34.007640  0.0000E+00
    1958   34.013830  0.0000E+00
    1959   34.020020  0.0000E+00
    1960   34.026210  0.0000E+00
    1961   34.032400  0.0000E+00
    1962   34.038590  0.0000E+00
    1963   34.044780  0.0000E+00
    1964   34.050970  0.0000E+00
    1965   34.057160  0.0000E+00
    1966   34.063350  0.0000E+00
    1967   34.069540  0.0000E+00
    1968   34.075730  0.0000E+00
    1969   34.081920  0.0000E+00
    1970   34.088110  0.0000E+00
    1971   34.094300  0.0000E+00
    1972   34.100490  0.0000E+00
    1973   34.106680  0.0000E+00
    1974   34.112870  0.0000E+00
    1975   34.119060  0.0000E+00
    1976   34.125250  0.0000E+00
    1977   34.131440  0.0000E+00
    1978   34.137630  0.0000E+00
    1979   34.143820  0.0000E+00
    1980   34.150010  0.0000E+00
    1981   34.156200  0.0000E+00
    1982   34.162390  0.0000E+00
    1983   34.168580  0.0000E+00
    1984   34.174770  0.0000E+00
    1985   34.180960  0.0000E+00
    1986   34.187150  0.0000E+00
    1987   34.193340  0.0000E+00
    1988   34.199530  0.0000E+00
    1989   34.205720  0.0000E+00
    1990   34.211910  0.0000E+00
    1991   34.218100  0.0000E+00
    1992   34.224290  0.0000E+00
    1993   34.230480  0.0000E+00
    1994   34.236670  0.0000E+00
    1995   34.242860  0.0000E+00
    1996   34.249050  0.0000E+00
    1997   34.255240  0.0000E+00
    1998   34.261430  0.0000E+00
    1999   34.267620  0.0000E+00
    2000   34.273810  0.0000E+00
    2001   34.280000  0.0000E+00
    2002   34.286190  0.0000E+00
    2003   34.292380  0.0000E+00
    2004   34.298570  0.0000E+00
    2005   34.304760  0.0000E+00
    2006   34.310950  0.0000E+00
    2007   34.317140  0.0000E+00
    2008   34.323330  0.0000E+00
    2009   34.329520  0.0000E+00
    2010   34.335710  0.0000E+00
    2011   34.341900  0.0000E+00
    2012   34.348090  0.0000E+00
    2013   34.354280  0.0000E+00
    2014   34.360470  0.0000E+00
    2015   34.366660  0.0000E+00
    2016   34.372850  0.0000E+00
    2017   34.379040  0.0000E+00
    2018   34.385230  0.0000E+00
    2019   34.391420  0.0000E+00
    2020   34.397610  0.0000E+00
    2021   34.403800  0.0000E+00
    2022   34.409990  0.0000E+00
    2023   34.416180  0.0000E+00
    2024   34.422370  0.0000E+00
    2025   34.428560  0.0000E+00
    2026   34.434750  0.0000E+00
    2027   34.440940  0.0000E+00
    2028   34.447130  0.0000E+00
    2029   34.453320  0.0000E+00
    2030   34.459510  0.0000E+00
    2031   34.465700  0.0000E+00
    2032   34.471890  0.0000E+00
    2033   34.478080  0.0000E+00
    2034   34.484270  0.0000E+00
    2035   34.490460  0.0000E+00
    2036   34.496650  0.0000E+00
    2037   34.502840  0.0000E+00
    2038   34.509030  0.0000E+00
    2039   34.515220  0.0000E+00
    2040   34.521410  0.0000E+00
    2041   34.527600  0.0000E+00
    2042   34.533790  0.0000E+00
    2043   34.539980  0.0000E+00
    2044   34.546170  0.0000E+00
    2045   34.552360  0.0000E+00
    2046   34.558550  0.0000E+00
    2047   34.564740  0.0000E+00
    2048   34.570930  0.0000E+00
    2049   34.577120  0.0000E+00
    2050   34.583310  0.0000E+00
    2051   34.589500  0.0000E+00
    2052   34.595690  0.0000E+00
    2053   34.601880  0.0000E+00
    2054   34.608070  0.0000E+00
    2055   34.614260  0.0000E+00
    2056   34.620450  0.0000E+00
    2057   34.626640  0.0000E+00
    2058   34.632830  0.0000E+00
    2059   34.639020  0.0000E+00
    2060   34.645210  0.0000E+00
    2061   34.651400  0.0000E+00
    2062   34.657590  0.0000E+00
    2063   34.663780  0.0000E+00
    2064   34.669970  0.0000E+00
    2065   34.676160  0.0000E+00
    2066   34.682350  0.0000E+00
    2067   34.688540  0.0000E+00
    2068   34.694730  0.0000E+00
    2069   34.700920  0.0000E+00
    2070   34.707110  0.0000E+00
    2071   34.713300  0.0000E+00
    2072   34.719490  0.0000E+00
    2073   34.725680  0.0000E+00
    2074   34.731870  0.0000E+00
    2075   34.738060  0.0000E+00
    2076   34.744250  0.0000E+00
    2077   34.750440  0.0000E+00
    2078   34.756630  0.0000E+00
    2079   34.762820  0.0000E+00
    2080   34.769010  0.0000E+00
    2081   34.775200  0.0000E+00
    2082   34.781390  0.0000E+00
    2083   34.787580  0.0000E+00
    2084   34.793770  0.0000E+00
    2085   34.799960  0.0000E+00
    2086   34.806150  0.0000E+00
    2087   34.812340  0.0000E+00
    2088   34.818530  0.0000E+00
    2089   34.824720  0.0000E+00
    2090   34.830910  0.0000E+00
    2091   34.837100  0.0000E+00
    2092   34.843290  0.0000E+00
    2093   34.849480  0.0000E+00
    2094   34.855670  0.0000E+00
    2095   34.861860  0.0000E+00
    2096   34.868050  0.0000E+00
    2097   34.874240  0.0000E+00
    2098   34.880430  0.0000E+00
    2099   34.886620  0.0000E+00
    2100   34.892810  0.0000E+00
    2101   34.899000  0.0000E+00
    2102   34.905190  0.0000E+00
    2103   34.911380  0.0000E+00
    2104   34.917570  0.0000E+00
    2105   34.923760  0.0000E+00
    2106   34.929950  0.0000E+00
    2107   34.936140  0.0000E+00
    2108   34.942330  0.0000E+00
    2109   34.948520  0.0000E+00
    2110   34.954710  0.0000E+00
    2111   34.960900  0.0000E+00
    2112   34.967090  0.0000E+00
    2113   34.973280  0.0000E+00
    2114   34.979470  0.0000E+00
    2115   34.985660  0.0000E+00
    2116   34.991850  0.0000E+00
    2117   34.998040  0.0000E+00
    2118   35.004230  0.0000E+00
    2119   35.010420  0.0000E+00
    2120   35.016610  0.0000E+00
    2121   35.022800  0.0000E+00
    2122   35.028990  0.0000E+00
    2123   35.035180  0.0000E+00
    2124   35.041370  0.0000E+00
    2125   35.047560  0.0000E+00
    2126   35.053750  0.0000E+00
    2127   35.059940  0.0000E+00
    2128   35.066130  0.0000E+00
    2129   35.072320  0.0000E+00
    2130   35.078510  0.0000E+00
    2131   35.084700  0.0000E+00
    2132   35.090890  0.0000E+00
    2133   35.097080  0.0000E+00
    2134   35.103270  0.0000E+00
    2135   35.109460  0.0000E+00
    2136   35.115650  0.0000E+00
    2137   35.121840  0.0000E+00
    2138   35.128030  0.0000E+00
    2139   35.134220  0.0000E+00
    2140   35.140410  0.0000E+00
    2141   35.146600  0.0000E+00
    2142   35.152790  0.0000E+00
    2143   35.158980  0.0000E+00
    2144   35.165170  0.0000E+00
    2145   35.171360  0.0000E+00
    2146   35.177550  0.0000E+00
    2147   35.183740  0.0000E+00
    2148   35.189930  0.0000E+00
    2149   35.196120  0.0000E+00
    2150   35.202310  0.0000E+00
    2151   35.208500  0.0000E+00
    2152   35.214690  0.0000E+00
    2153   35.220880  0.0000E+00
    2154   35.227070  0.0000E+00
    2155   35.233260  0.0000E+00
    2156   35.239450  0.0000E+00
    2157   35.245640  0.0000E+00
    2158   35.251830  0.0000E+00
    2159   35.258020  0.0000E+00
    2160   35.264210  0.0000E+00
    2161   35.270400  0.0000E+00
    2162   35.276590  0.0000E+00
    2163   35.282780  0.0000E+00
    2164   35.288970  0.0000E+00
    2165   35.295160  0.0000E+00
    2166   35.301350  0.0000E+00
    2167   35.307540  0.0000E+00
    2168   35.313730  0.0000E+00
    2169   35.319920  0.0000E+00
    2170   35.326110  0.0000E+00
    2171   35.332300  0.0000E+00
    2172   35.338490  0.0000E+00
    2173   35.344680  0.0000E+00
    2174   35.350870  0.0000E+00
    2175   35.357060  0.0000E+00
    2176   35.363250  0.0000E+00
    2177   35.369440  0.0000E+00
    2178   35.375630  0.0000E+00
    2179   35.381820  0.0000E+00
    2180   35.388010  0.0000E+00
    2181   35.394200  0.0000E+00
    2182   35.400390  0.0000E+00
    2183   35.406580  0.0000E+00
    2184   35.412770  0.0000E+00
    2185   35.418960  0.0000E+00
    2186   35.425150  0.0000E+00
    2187   35.431340  0.0000E+00
    2188   35.437530  0.0000E+00
    2189   35.443720  0.0000E+00
    2190   35.449910  0.0000E+00
    2191   35.456100  0.0000E+00
    2192   35.462290  0.0000E+00
    2193   35.468480  0.0000E+00
    2194   35.474670  0.0000E+00
    2195   35.480860  0.0000E+00
    2196   35.487050  0.0000E+00
    2197   35.493240  0.0000E+00
    2198   35.499430  0.0000E+00
    2199   35.505620  0.0000E+00
    2200   35.511810  0.0000E+00
    2201   35.518000  0.0000E+00
    2202   35.524190  0.0000E+00
    2203   35.530380  0.0000E+00
    2204   35.536570  0.0000E+00
    2205   35.542760  0.0000E+00
    2206   35.548950  0.0000E+00
    2207   35.555140  0.0000E+00
    2208   35.561330  0.0000E+00
    2209   35.567520  0.0000E+00
    2210   35.573710  0.0000E+00
    2211   35.579900  0.0000E+00
    2212   35.586090  0.0000E+00
    2213   35.592280  0.0000E+00
    2214   35.598470  0.0000E+00
    2215   35.604660  0.0000E+00
    2216   35.610850  0.0000E+00
    2217   35.617040  0.0000E+00
    2218   35.623230  0.0000E+00
    2219   35.629420  0.0000E+00
    2220   35.635610  0.0000E+00
    2221   35.641800  0.0000E+00
    2222   35.647990  0.0000E+00
    2223   35.654180  0.0000E+00
    2224   35.660370  0.0000E+00
    2225   35.666560  0.0000E+00
    2226   35.672750  0.0000E+00
    2227   35.678940  0.0000E+00
    2228   35.685130  0.0000E+00
    2229   35.691320  0.0000E+00
    2230   35.697510  0.0000E+00
    2231   35.703700  0.0000E+00
    2232   35.709890  0.0000E+00
    2233   35.716080  0.0000E+00
    2234   35.722270  0.0000E+00
    2235   35.728460  0.0000E+00
    2236   35.734650  0.0000E+00
    2237   35.740840  0.0000E+00
    2238   35.747030  0.0000E+00
    2239   35.753220  0.0000E+00
    2240   35.759410  0.0000E+00
    2241   35.765600  0.0000E+00
    2242   35.771790  0.0000E+00
    2243   35.777980  0.0000E+00
    2244   35.784170  0.0000E+00
    2245   35.790360  0.0000E+00
    2246   35.796550  0.0000E+00
    2247   35.802740  0.0000E+00
    2248   35.808930  0.0000E+00
    2249   35.815120  0.0000E+00
    2250   35.821310  0.0000E+00
    2251   35.827500  0.0000E+00
    2252   35.833690  0.0000E+00
    2253   35.839880  0.0000E+00
    2254   35.846070  0.0000E+00
    2255   35.852260  0.0000E+00
    2256   35.858450  0.0000E+00
    2257   35.864640  0.0000E+00
    2258   35.870830  0.0000E+00
    2259   35.877020  0.0000E+00
    2260   35.883210  0.0000E+00
    2261   35.889400  0.0000E+00
    2262   35.895590  0.0000E+00
    2263   35.901780  0.0000E+00
    2264   35.907970  0.0000E+00
    2265   35.914160  0.0000E+00
    2266   35.920350  0.0000E+00
    2267   35.926540  0.0000E+00
    2268   35.932730  0.0000E+00
    2269   35.938920  0.0000E+00
    2270   35.945110  0.0000E+00
    2271   35.951300  0.0000E+00
    2272   35.957490  0.0000E+00
    2273   35.963680  0.0000E+00
    2274   35.969870  0.0000E+00
    2275   35.976060  0.0000E+00
    2276   35.982250  0.0000E+00
    2277   35.988440  0.0000E+00
    2278   35.994630  0.0000E+00
    2279   36.000820  0.0000E+00
    2280   36.007010  0.0000E+00
    2281   36.013200  0.0000E+00
    2282   36.019390  0.0000E+00
    2283   36.025580  0.0000E+00
    2284   36.031770  0.0000E+00
    2285   36.037960  0.0000E+00
    2286   36.044150  0.0000E+00
    2287   36.050340  0.0000E+00
    2288   36.056530  0.0000E+00
    2289   36.062720  0.0000E+00
    2290   36.068910  0.0000E+00
    2291   36.075100  0.0000E+00
    2292   36.081290  0.0000E+00
    2293   36.087480  0.0000E+00
    2294   36.093670  0.0000E+00
    2295   36.099860  0.0000E+00
    2296   36.106050  0.0000E+00
    2297   36.112240  0.0000E+00
    2298   36.118430  0.0000E+00
    2299   36.124620  0.0000E+00
    2300   36.130810  0.0000E+00
    2301   36.137000  0.0000E+00
    2302   36.143190  0.0000E+00
    2303   36.149380  0.0000E+00
    2304   36.155570  0.0000E+00
    2305   36.161760  0.0000E+00
    2306   36.167950  0.0000E+00
    2307   36.174140  0.0000E+00
    2308   36.180330  0.0000E+00
    2309   36.186520  0.0000E+00
    2310   36.192710  0.0000E+00
    2311   36.198900  0.0000E+00
    2312   36.205090  0.0000E+00
    2313   36.211280  0.0000E+00
    2314   36.217470  0.0000E+00
    2315   36.223660  0.0000E+00
    2316   36.229850  0.0000E+00
    2317   36.236040  0.0000E+00
    2318   36.242230  0.0000E+00
    2319   36.248420  0.0000E+00
    2320   36.254610  0.0000E+00
    2321   36.260800  0.0000E+00
    2322   36.266990  0.0000E+00
    2323   36.273180  0.0000E+00
    2324   36.279370  0.0000E+00
    2325   36.285560  0.0000E+00
    2326   36.291750  0.0000E+00
    2327   36.297940  0.0000E+00
    2328   36.304130  0.0000E+00
    2329   36.310320  0.0000E+00
    2330   36.316510  0.0000E+00
    2331   36.322700  0.0000E+00
    2332   36.328890  0.0000E+00
    2333   36.335080  0.0000E+00
    2334   36.341270  0.0000E+00
    2335   36.347460  0.0000E+00
    2336   36.353650  0.0000E+00
    2337   36.359840  0.0000E+00
    2338   36.366030  0.0000E+00
    2339   36.372220  0.0000E+00
    2340   36.378410  0.0000E+00
    2341   36.384600  0.0000E+00
    2342   36.390790  0.0000E+00
    2343   36.396980  0.0000E+00
    2344   36.403170  0.0000E+00
    2345   36.409360  0.0000E+00
    2346   36.415550  0.0000E+00
    2347   36.421740  0.0000E+00
    2348   36.427930  0.0000E+00
    2349   36.434120  0.0000E+00
    2350   36.440310  0.0000E+00
    2351   36.446500  0.0000E+00
    2352   36.452690  0.0000E+00
    2353   36.458880  0.0000E+00
    2354   36.465070  0.0000E+00
    2355   36.471260  0.0000E+00
    2356   36.477450  0.0000E+00
    2357   36.483640  0.0000E+00
    2358   36.489830  0.0000E+00
    2359   36.496020  0.0000E+00
    2360   36.502210  0.0000E+00
    2361   36.508400  0.0000E+00
    2362   36.514590  0.0000E+00
    2363   36.520780  0.0000E+00
    2364   36.526970  0.0000E+00
    2365   36.533160  0.0000E+00
    2366   36.539350  0.0000E+00
    2367   36.545540  0.0000E+00
    2368   36.551730  0.0000E+00
    2369   36.557920  0.0000E+00
    2370   36.564110  0.0000E+00
    2371   36.570300  0.0000E+00
    2372   36.576490  0.0000E+00
    2373   36.582680  0.0000E+00
    2374   36.588870  0.0000E+00
    2375   36.595060  0.0000E+00
    2376   36.601250  0.0000E+00
    2377   36.607440  0.0000E+00
    2378   36.613630  0.0000E+00
    2379   36.619820  0.0000E+00
    2380   36.626010  0.0000E+00
    2381   36.632200  0.0000E+00
    2382   36.638390  0.0000E+00
    2383   36.644580  0.0000E+00
    2384   36.650770  0.0000E+00
    2385   36.656960  0.0000E+00
    2386   36.663150  0.0000E+00
    2387   36.669340  0.0000E+00
    2388   36.675530  0.0000E+00
    2389   36.681720  0.0000E+00
    2390   36.687910  0.0000E+00
    2391   36.694100  0.0000E+00
    2392   36.700290  0.0000E+00
    2393   36.706480  0.0000E+00
    2394   36.712670  0.0000E+00
    2395   36.718860  0.0000E+00
    2396   36.725050  0.0000E+00
    2397   36.731240  0.0000E+00
    2398   36.737430  0.0000E+00
    2399   36.743620  0.0000E+00
    2400   36.749810  0.0000E+00
    2401   36.756000  0.0000E+00
    2402   36.762190  0.0000E+00
    2403   36.768380  0.0000E+00
    2404   36.774570  0.0000E+00
    2405   36.780760  0.0000E+00
    2406   36.786950  0.0000E+00
    2407   36.793140  0.0000E+00
    2408   36.799330  0.0000E+00
    2409   36.805520  0.0000E+00
    2410   36.811710  0.0000E+00
    2411   36.817900  0.0000E+00
    2412   36.824090  0.0000E+00
    2413   36.830280  0.0000E+00
    2414   36.836470  0.0000E+00
    2415   36.842660  0.0000E+00
    2416   36.848850  0.0000E+00
    2417   36.855040  0.0000E+00
    2418   36.861230  0.0000E+00
    2419   36.867420  0.0000E+00
    2420   36.873610  0.0000E+00
    2421   36.879800  0.0000E+00
    2422   36.885990  0.0000E+00
    2423   36.892180  0.0000E+00
    2424   36.898370  0.0000E+00
    2425   36.904560  0.0000E+00
    2426   36.910750  0.0000E+00
    2427   36.916940  0.0000E+00
    2428   36.923130  0.0000E+00
    2429   36.929320  0.0000E+00
    2430   36.935510  0.0000E+00
    2431   36.941700  0.0000E+00
    2432   36.947890  0.0000E+00
    2433   36.954080  0.0000E+00
    2434   36.960270  0.0000E+00
    2435   36.966460  0.0000E+00
    2436   36.972650  0.0000E+00
    2437   36.978840  0.0000E+00
    2438   36.985030  0.0000E+00
    2439   36.991220  0.0000E+00
    2440   36.997410  0.0000E+00
    2441   37.003600  0.0000E+00
    2442   37.009790  0.0000E+00
    2443   37.015980  0.0000E+00
    2444   37.022170  0.0000E+00
    2445   37.028360  0.0000E+00
    2446   37.034550  0.0000E+00
    2447   37.040740  0.0000E+00
    2448   37.046930  0.0000E+00
    2449   37.053120  0.0000E+00
    2450   37.059310  0.0000E+00
    2451   37.065500  0.0000E+00
    2452   37.071690  0.0000E+00
    2453   37.077880  0.0000E+00
    2454   37.084070  0.0000E+00
    2455   37.090260  0.0000E+00
    2456   37.096450  0.0000E+00
    2457   37.102640  0.0000E+00
    2458   37.108830  0.0000E+00
    2459   37.115020  0.0000E+00
    2460   37.121210  0.0000E+00
    2461   37.127400  0.0000E+00
    2462   37.133590  0.0000E+00
    2463   37.139780  0.0000E+00
    2464   37.145970  0.0000E+00
    2465   37.152160  0.0000E+00
    2466   37.158350  0.0000E+00
    2467   37.164540  0.0000E+00
    2468   37.170730  0.0000E+00
    2469   37.176920  0.0000E+00
    2470   37.183110  0.0000E+00
    2471   37.189300  0.0000E+00
    2472   37.195490  0.0000E+00
    2473   37.201680  0.0000E+00
    2474   37.207870  0.0000E+00
    2475   37.214060  0.0000E+00
    2476   37.220250  0.0000E+00
    2477   37.226440  0.0000E+00
    2478   37.232630  0.0000E+00
    2479   37.238820  0.0000E+00
    2480   37.245010  0.0000E+00
    2481   37.251200  0.0000E+00
    2482   37.257390  0.0000E+00
    2483   37.263580  0.0000E+00
    2484   37.269770  0.0000E+00
    2485   37.275960  0.0000E+00
    2486   37.282150  0.0000E+00
    2487   37.288340  0.0000E+00
    2488   37.294530  0.0000E+00
    2489   37.300720  0.0000E+00
    2490   37.306910  0.0000E+00
    2491   37.313100  0.0000E+00
    2492   37.319290  0.0000E+00
    2493   37.325480  0.0000E+00
    2494   37.331670  0.0000E+00
    2495   37.337860  0.0000E+00
    2496   37.344050  0.0000E+00
    2497   37.350240  0.0000E+00
    2498   37.356430  0.0000E+00
    2499   37.362620  0.0000E+00
    2500   37.368810  0.0000E+00
    2501   37.375000  0.0000E+00
    2502   37.381190  0.0000E+00
    2503   37.387380  0.0000E+00
    2504   37.393570  0.0000E+00
    2505   37.399760  0.0000E+00
    2506   37.405950  0.0000E+00
    2507   37.412140  0.0000E+00
    2508   37.418330  0.0000E+00
    2509   37.424520  0.0000E+00
    2510   37.430710  0.0000E+00
    2511   37.436900  0.0000E+00
    2512   37.443090  0.0000E+00
    2513   37.449280  0.0000E+00
    2514   37.455470  0.0000E+00
    2515   37.461660  0.0000E+00
    2516   37.467850  0.0000E+00
    2517   37.474040  0.0000E+00
    2518   37.480230  0.0000E+00
    2519   37.486420  0.0000E+00
    2520   37.492610  0.0000E+00
    2521   37.498800  0.0000E+00
    2522   37.504990  0.0000E+00
    2523   37.511180  0.0000E+00
    2524   37.517370  0.0000E+00
    2525   37.523560  0.0000E+00
    2526   37.529750  0.0000E+00
    2527   37.535940  0.0000E+00
    2528   37.542130  0.0000E+00
    2529   37.548320  0.0000E+00
    2530   37.554510  0.0000E+00
    2531   37.560700  0.0000E+00
    2532   37.566890  0.0000E+00
    2533   37.573080  0.0000E+00
    2534   37.579270  0.0000E+00
    2535   37.585460  0.0000E+00
    2536   37.591650  0.0000E+00
    2537   37.597840  0.0000E+00
    2538   37.604030  0.0000E+00
    2539   37.610220  0.0000E+00
    2540   37.616410  0.0000E+00
    2541   37.622600  0.0000E+00
    2542   37.628790  0.0000E+00
    2543   37.634980  0.0000E+00
    2544   37.641170  0.0000E+00
    2545   37.647360  0.0000E+00
    2546   37.653550  0.0000E+00
    2547   37.659740  0.0000E+00
    2548   37.665930  0.0000E+00
    2549   37.672120  0.0000E+00
    2550   37.678310  0.0000E+00
    2551   37.684500  0.0000E+00
    2552   37.690690  0.0000E+00
    2553   37.696880  0.0000E+00
    2554   37.703070  0.0000E+00
    2555   37.709260  0.0000E+00
    2556   37.715450  0.0000E+00
    2557   37.721640  0.0000E+00
    2558   37.727830  0.0000E+00
    2559   37.734020  0.0000E+00
    2560   37.740210  0.0000E+00
    2561   37.746400  0.0000E+00
    2562   37.752590  0.0000E+00
    2563   37.758780  0.0000E+00
    2564   37.764970  0.0000E+00
    2565   37.771160  0.0000E+00
    2566   37.777350  0.0000E+00
    2567   37.783540  0.0000E+00
    2568   37.789730  0.0000E+00
    2569   37.795920  0.0000E+00
    2570   37.802110  0.0000E+00
    2571   37.808300  0.0000E+00
    2572   37.814490  0.0000E+00
    2573   37.820680  0.0000E+00
    2574   37.826870  0.0000E+00
    2575   37.833060  0.0000E+00
    2576   37.839250  0.0000E+00
    2577   37.845440  0.0000E+00
    2578   37.851630  0.0000E+00
    2579   37.857820  0.0000E+00
    2580   37.864010  0.0000E+00
    2581   37.870200  0.0000E+00
    2582   37.876390  0.0000E+00
    2583   37.882580  0.0000E+00
    2584   37.888770  0.0000E+00
    2585   37.894960  0.0000E+00
    2586   37.901150  0.0000E+00
    2587   37.907340  0.0000E+00
    2588   37.913530  0.0000E+00
    2589   37.919720  0.0000E+00
    2590   37.925910  0.0000E+00
    2591   37.932100  0.0000E+00
    2592   37.938290  0.0000E+00
    2593   37.944480  0.0000E+00
    2594   37.950670  0.0000E+00
    2595   37.956860  0.0000E+00
    2596   37.963050  0.0000E+00
    2597   37.969240  0.0000E+00
    2598   37.975430  0.0000E+00
    2599   37.981620  0.0000E+00
    2600   37.987810  0.0000E+00
    2601   37.994000  0.0000E+00
    2602   38.000190  0.0000E+00
    2603   38.006380  0.0000E+00
    2604   38.012570  0.0000E+00
    2605   38.018760  0.0000E+00
    2606   38.024950  0.0000E+00
    2607   38.031140  0.0000E+00
    2608   38.037330  0.0000E+00
    2609   38.043520  0.0000E+00
    2610   38.049710  0.0000E+00
    2611   38.055900  0.0000E+00
    2612   38.062090  0.0000E+00
    2613   38.068280  0.0000E+00
    2614   38.074470  0.0000E+00
    2615   38.080660  0.0000E+00
    2616   38.086850  0.0000E+00
    2617   38.093040  0.0000E+00
    2618   38.099230  0.0000E+00
    2619   38.105420  0.0000E+00
    2620   38.111610  0.0000E+00
    2621   38.117800  0.0000E+00
    2622   38.123990  0.0000E+00
    2623   38.130180  0.0000E+00
    2624   38.136370  0.0000E+00
    2625   38.142560  0.0000E+00
    2626   38.148750  0.0000E+00
    2627   38.154940  0.0000E+00
    2628   38.161130  0.0000E+00
    2629   38.167320  0.0000E+00
    2630   38.173510  0.0000E+00
    2631   38.179700  0.0000E+00
    2632   38.185890  0.0000E+00
    2633   38.192080  0.0000E+00
    2634   38.198270  0.0000E+00
    2635   38.204460  0.0000E+00
    2636   38.210650  0.0000E+00
    2637   38.216840  0.0000E+00
    2638   38.223030  0.0000E+00
    2639   38.229220  0.0000E+00
    2640   38.235410  0.0000E+00
    2641   38.241600  0.0000E+00
    2642   38.247790  0.0000E+00
    2643   38.253980  0.0000E+00
    2644   38.260170  0.0000E+00
    2645   38.266360  0.0000E+00
    2646   38.272550  0.0000E+00
    2647   38.278740  0.0000E+00
    2648   38.284930  0.0000E+00
    2649   38.291120  0.0000E+00
    2650   38.297310  0.0000E+00
    2651   38.303500  0.0000E+00
    2652   38.309690  0.0000E+00
    2653   38.315880  0.0000E+00
    2654   38.322070  0.0000E+00
    2655   38.328260  0.0000E+00
    2656   38.334450  0.0000E+00
    2657   38.340640  0.0000E+00
    2658   38.346830  0.0000E+00
    2659   38.353020  0.0000E+00
    2660   38.359210  0.0000E+00
    2661   38.365400  0.0000E+00
    2662   38.371590  0.0000E+00
    2663   38.377780  0.0000E+00
    2664   38.383970  0.0000E+00
    2665   38.390160  0.0000E+00
    2666   38.396350  0.0000E+00
    2667   38.402540  0.0000E+00
    2668   38.408730  0.0000E+00
    2669   38.414920  0.0000E+00
    2670   38.421110  0.0000E+00
    2671   38.427300  0.0000E+00
    2672   38.433490  0.0000E+00
    2673   38.439680  0.0000E+00
    2674   38.445870  0.0000E+00
    2675   38.452060  0.0000E+00
    2676   38.458250  0.0000E+00
    2677   38.464440  0.0000E+00
    2678   38.470630  0.0000E+00
    2679   38.476820  0.0000E+00
    2680   38.483010  0.0000E+00
    2681   38.489200  0.0000E+00
    2682   38.495390  0.0000E+00
    2683   38.501580  0.0000E+00
    2684   38.507770  0.0000E+00
    2685   38.513960  0.0000E+00
    2686   38.520150  0.0000E+00
    2687   38.526340  0.0000E+00
    2688   38.532530  0.0000E+00
    2689   38.538720  0.0000E+00
    2690   38.544910  0.0000E+00
    2691   38.551100  0.0000E+00
    2692   38.557290  0.0000E+00
    2693   38.563480  0.0000E+00
    2694   38.569670  0.0000E+00
    2695   38.575860  0.0000E+00
    2696   38.582050  0.0000E+00
    2697   38.588240  0.0000E+00
    2698   38.594430  0.0000E+00
    2699   38.600620  0.0000E+00
    2700   38.606810  0.0000E+00
    2701   38.613000  0.0000E+00
    2702   38.619190  0.0000E+00
    2703   38.625380  0.0000E+00
    2704   38.631570  0.0000E+00
    2705   38.637760  0.0000E+00
    2706   38.643950  0.0000E+00
    2707   38.650140  0.0000E+00
    2708   38.656330  0.0000E+00
    2709   38.662520  0.0000E+00
    2710   38.668710  0.0000E+00
    2711   38.674900  0.0000E+00
    2712   38.681090  0.0000E+00
    2713   38.687280  0.0000E+00
    2714   38.693470  0.0000E+00
    2715   38.699660  0.0000E+00
    2716   38.705850  0.0000E+00
    2717   38.712040  0.0000E+00
    2718   38.718230  0.0000E+00
    2719   38.724420  0.0000E+00
    2720   38.730610  0.0000E+00
    2721   38.736800  0.0000E+00
    2722   38.742990  0.0000E+00
    2723   38.749180  0.0000E+00
    2724   38.755370  0.0000E+00
    2725   38.761560  0.0000E+00
    2726   38.767750  0.0000E+00
    2727   38.773940  0.0000E+00
    2728   38.780130  0.0000E+00
    2729   38.786320  0.0000E+00
    2730   38.792510  0.0000E+00
    2731   38.798700  0.0000E+00
    2732   38.804890  0.0000E+00
    2733   38.811080  0.0000E+00
    2734   38.817270  0.0000E+00
    2735   38.823460  0.0000E+00
    2736   38.829650  0.0000E+00
    2737   38.835840  0.0000E+00
    2738   38.842030  0.0000E+00
    2739   38.848220  0.0000E+00
    2740   38.854410  0.0000E+00
    2741   38.860600  0.0000E+00
    2742   38.866790  0.0000E+00
    2743   38.872980  0.0000E+00
    2744   38.879170  0.0000E+00
    2745   38.885360  0.0000E+00
    2746   38.891550  0.0000E+00
    2747   38.897740  0.0000E+00
    2748   38.903930  0.0000E+00
    2749   38.910120  0.0000E+00
    2750   38.916310  0.0000E+00
    2751   38.922500  0.0000E+00
    2752   38.928690  0.0000E+00
    2753   38.934880  0.0000E+00
    2754   38.941070  0.0000E+00
    2755   38.947260  0.0000E+00
    2756   38.953450  0.0000E+00
    2757   38.959640  0.0000E+00
    2758   38.965830  0.0000E+00
    2759   38.972020  0.0000E+00
    2760   38.978210  0.0000E+00
    2761   38.984400  0.0000E+00
    2762   38.990590  0.0000E+00
    2763   38.996780  0.0000E+00
    2764   39.002970  0.0000E+00
    2765   39.009160  0.0000E+00
    2766   39.015350  0.0000E+00
    2767   39.021540  0.0000E+00
    2768   39.027730  0.0000E+00
    2769   39.033920  0.0000E+00
    2770   39.040110  0.0000E+00
    2771   39.046300  0.0000E+00
    2772   39.052490  0.0000E+00
    2773   39.058680  0.0000E+00
    2774   39.064870  0.0000E+00
    2775   39.071060  0.0000E+00
    2776   39.077250  0.0000E+00
    2777   39.083440  0.0000E+00
    2778   39.089630  0.0000E+00
    2779   39.095820  0.0000E+00
    2780   39.102010  0.0000E+00
    2781   39.108200  0.0000E+00
    2782   39.114390  0.0000E+00
    2783   39.120580  0.0000E+00
    2784   39.126770  0.0000E+00
    2785   39.132960  0.0000E+00
    2786   39.139150  0.0000E+00
    2787   39.145340  0.0000E+00
    2788   39.151530  0.0000E+00
    2789   39.157720  0.0000E+00
    2790   39.163910  0.0000E+00
    2791   39.170100  0.0000E+00
    2792   39.176290  0.0000E+00
    2793   39.182480  0.0000E+00
    2794   39.188670  0.0000E+00
    2795   39.194860  0.0000E+00
    2796   39.201050  0.0000E+00
    2797   39.207240  0.0000E+00
    2798   39.213430  0.0000E+00
    2799   39.219620  0.0000E+00
    2800   39.225810  0.0000E+00
    2801   39.232000  0.0000E+00
    2802   39.238190  0.0000E+00
    2803   39.244380  0.0000E+00
    2804   39.250570  0.0000E+00
    2805   39.256760  0.0000E+00
    2806   39.262950  0.0000E+00
    2807   39.269140  0.0000E+00
    2808   39.275330  0.0000E+00
    2809   39.281520  0.0000E+00
    2810   39.287710  0.0000E+00
    2811   39.293900  0.0000E+00
    2812   39.300090  0.0000E+00
    2813   39.306280  0.0000E+00
    2814   39.312470  0.0000E+00
    2815   39.318660  0.0000E+00
    2816   39.324850  0.0000E+00
    2817   39.331040  0.0000E+00
    2818   39.337230  0.0000E+00
    2819   39.343420  0.0000E+00
    2820   39.349610  0.0000E+00
    2821   39.355800  0.0000E+00
    2822   39.361990  0.0000E+00
    2823   39.368180  0.0000E+00
    2824   39.374370  0.0000E+00
    2825   39.380560  0.0000E+00
    2826   39.386750  0.0000E+00
    2827   39.392940  0.0000E+00
    2828   39.399130  0.0000E+00
    2829   39.405320  0.0000E+00
    2830   39.411510  0.0000E+00
    2831   39.417700  0.0000E+00
    2832   39.423890  0.0000E+00
    2833   39.430080  0.0000E+00
    2834   39.436270  0.0000E+00
    2835   39.442460  0.0000E+00
    2836   39.448650  0.0000E+00
    2837   39.454840  0.0000E+00
    2838   39.461030  0.0000E+00
    2839   39.467220  0.0000E+00
    2840   39.473410  0.0000E+00
    2841   39.479600  0.0000E+00
    2842   39.485790  0.0000E+00
    2843   39.491980  0.0000E+00
    2844   39.498170  0.0000E+00
    2845   39.504360  0.0000E+00
    2846   39.510550  0.0000E+00
    2847   39.516740  0.0000E+00
    2848   39.522930  0.0000E+00
    2849   39.529120  0.0000E+00
    2850   39.535310  0.0000E+00
    2851   39.541500  0.0000E+00
    2852   39.547690  0.0000E+00
    2853   39.553880  0.0000E+00
    2854   39.560070  0.0000E+00
    2855   39.566260  0.0000E+00
    2856   39.572450  0.0000E+00
    2857   39.578640  0.0000E+00
    2858   39.584830  0.0000E+00
    2859   39.591020  0.0000E+00
    2860   39.597210  0.0000E+00
    2861   39.603400  0.0000E+00
    2862   39.609590  0.0000E+00
    2863   39.615780  0.0000E+00
    2864   39.621970  0.0000E+00
    2865   39.628160  0.0000E+00
    2866   39.634350  0.0000E+00
    2867   39.640540  0.0000E+00
    2868   39.646730  0.0000E+00
    2869   39.652920  0.0000E+00
    2870   39.659110  0.0000E+00
    2871   39.665300  0.0000E+00
    2872   39.671490  0.0000E+00
    2873   39.677680  0.0000E+00
    2874   39.683870  0.0000E+00
    2875   39.690060  0.0000E+00
    2876   39.696250  0.0000E+00
    2877   39.702440  0.0000E+00
    2878   39.708630  0.0000E+00
    2879   39.714820  0.0000E+00
    2880   39.721010  0.0000E+00
    2881   39.727200  0.0000E+00
    2882   39.733390  0.0000E+00
    2883   39.739580  0.0000E+00
    2884   39.745770  0.0000E+00
    2885   39.751960  0.0000E+00
    2886   39.758150  0.0000E+00
    2887   39.764340  0.0000E+00
    2888   39.770530  0.0000E+00
    2889   39.776720  0.0000E+00
    2890   39.782910  0.0000E+00
    2891   39.789100  0.0000E+00
    2892   39.795290  0.0000E+00
    2893   39.801480  0.0000E+00
    2894   39.807670  0.0000E+00
    2895   39.813860  0.0000E+00
    2896   39.820050  0.0000E+00
    2897   39.826240  0.0000E+00
    2898   39.832430  0.0000E+00
    2899   39.838620  0.0000E+00
    2900   39.844810  0.0000E+00
    2901   39.851000  0.0000E+00
    2902   39.857190  0.0000E+00
    2903   39.863380  0.0000E+00
    2904   39.869570  0.0000E+00
    2905   39.875760  0.0000E+00
    2906   39.881950  0.0000E+00
    2907   39.888140  0.0000E+00
    2908   39.894330  0.0000E+00
    2909   39.900520  0.0000E+00
    2910   39.906710  0.0000E+00
    2911   39.912900  0.0000E+00
    2912   39.919090  0.0000E+00
    2913   39.925280  0.0000E+00
    2914   39.931470  0.0000E+00
    2915   39.937660  0.0000E+00
    2916   39.943850  0.0000E+00
    2917   39.950040  0.0000E+00
    2918   39.956230  0.0000E+00
    2919   39.962420  0.0000E+00
    2920   39.968610  0.0000E+00
    2921   39.974800  0.0000E+00
    2922   39.980990  0.0000E+00
    2923   39.987180  0.0000E+00
    2924   39.993370  0.0000E+00
    2925   39.999560  0.0000E+00
