       1    2.400000  7.8181E-01
       2    2.400640  6.6046E-01
       3    2.401280  6.5545E-01
       4    2.401920  6.5043E-01
       5    2.402560  6.4542E-01
       6    2.403200  6.4042E-01
       7    2.403840  6.3544E-01
       8    2.404480  6.3050E-01
       9    2.405120  6.2561E-01
      10    2.405760  6.2079E-01
      11    2.406400  6.1603E-01
      12    2.407040  6.1135E-01
      13    2.407680  6.0676E-01
      14    2.408320  6.0227E-01
      15    2.408960  5.9788E-01
      16    2.409600  5.9361E-01
      17    2.410240  5.8945E-01
      18    2.410880  5.8541E-01
      19    2.411520  5.8150E-01
      20    2.412160  5.7771E-01
      21    2.412800  5.7405E-01
      22    2.413440  5.7052E-01
      23    2.414080  5.6711E-01
      24    2.414720  5.6383E-01
      25    2.415360  5.6067E-01
      26    2.416000  5.5763E-01
      27    2.416640  5.5469E-01
      28    2.417280  5.5187E-01
      29    2.417920  5.4914E-01
      30    2.418560  5.4651E-01
      31    2.419200  5.4396E-01
      32    2.419840  5.4148E-01
      33    2.420480  5.3907E-01
      34    2.421120  5.3671E-01
      35    2.421760  5.3440E-01
      36    2.422400  5.3213E-01
      37    2.423040  5.2989E-01
      38    2.423680  5.2766E-01
      39    2.424320  5.2544E-01
      40    2.424960  5.2322E-01
      41    2.425600  5.2099E-01
      42    2.426240  5.1874E-01
      43    2.426880  5.1646E-01
      44    2.427520  5.1415E-01
      45    2.428160  5.1181E-01
      46    2.428800  5.0942E-01
      47    2.429440  5.0698E-01
      48    2.430080  5.0449E-01
      49    2.430720  5.0195E-01
      50    2.431360  4.9935E-01
      51    2.432000  4.9670E-01
      52    2.432640  4.9399E-01
      53    2.433280  4.9122E-01
      54    2.433920  4.8840E-01
      55    2.434560  4.8554E-01
      56    2.435200  4.8262E-01
      57    2.435840  4.7966E-01
      58    2.436480  4.7667E-01
      59    2.437120  4.7364E-01
      60    2.437760  4.7059E-01
      61    2.438400  4.6751E-01
      62    2.439040  4.6442E-01
      63    2.439680  4.6132E-01
      64    2.440320  4.5822E-01
      65    2.440960  4.5512E-01
      66    2.441600  4.5203E-01
      67    2.442240  4.4895E-01
      68    2.442880  4.4590E-01
      69    2.443520  4.4287E-01
      70    2.444160  4.3986E-01
      71    2.444800  4.3689E-01
      72    2.445440  4.3395E-01
      73    2.446080  4.3105E-01
      74    2.446720  4.2818E-01
      75    2.447360  4.2534E-01
      76    2.448000  4.2254E-01
      77    2.448640  4.1977E-01
      78    2.449280  4.1703E-01
      79    2.449920  4.1431E-01
      80    2.450560  4.1161E-01
      81    2.451200  4.0892E-01
      82    2.451840  4.0624E-01
      83    2.452480  4.0355E-01
      84    2.453120  4.0086E-01
      85    2.453760  3.9815E-01
      86    2.454400  3.9541E-01
      87    2.455040  3.9263E-01
      88    2.455680  3.8981E-01
      89    2.456320  3.8693E-01
      90    2.456960  3.8398E-01
      91    2.457600  3.8096E-01
      92    2.458240  3.7785E-01
      93    2.458880  3.7465E-01
      94    2.459520  3.7134E-01
      95    2.460160  3.6793E-01
      96    2.460800  3.6439E-01
      97    2.461440  3.6073E-01
      98    2.462080  3.5695E-01
      99    2.462720  3.5302E-01
     100    2.463360  3.4896E-01
     101    2.464000  3.4475E-01
     102    2.464640  3.4041E-01
     103    2.465280  3.3591E-01
     104    2.465920  3.3128E-01
     105    2.466560  3.2651E-01
     106    2.467200  3.2160E-01
     107    2.467840  3.1656E-01
     108    2.468480  3.1139E-01
     109    2.469120  3.0610E-01
     110    2.469760  3.0070E-01
     111    2.470400  2.9519E-01
     112    2.471040  2.8959E-01
     113    2.471680  2.8390E-01
     114    2.472320  2.7814E-01
     115    2.472960  2.7231E-01
     116    2.473600  2.6643E-01
     117    2.474240  2.6051E-01
     118    2.474880  2.5456E-01
     119    2.475520  2.4860E-01
     120    2.476160  2.4263E-01
     121    2.476800  2.3668E-01
     122    2.477440  2.3074E-01
     123    2.478080  2.2484E-01
     124    2.478720  2.1899E-01
     125    2.479360  2.1320E-01
     126    2.480000  2.0747E-01
     127    2.480640  2.0182E-01
     128    2.481280  1.9626E-01
     129    2.481920  1.9080E-01
     130    2.482560  1.8544E-01
     131    2.483200  1.8020E-01
     132    2.483840  1.7507E-01
     133    2.484480  1.7007E-01
     134    2.485120  1.6520E-01
     135    2.485760  1.6046E-01
     136    2.486400  1.5586E-01
     137    2.487040  1.5139E-01
     138    2.487680  1.4706E-01
     139    2.488320  1.4288E-01
     140    2.488960  1.3883E-01
     141    2.489600  1.3491E-01
     142    2.490240  1.3113E-01
     143    2.490880  1.2749E-01
     144    2.491520  1.2397E-01
     145    2.492160  1.2057E-01
     146    2.492800  1.1730E-01
     147    2.493440  1.1414E-01
     148    2.494080  1.1109E-01
     149    2.494720  1.0814E-01
     150    2.495360  1.0529E-01
     151    2.496000  1.0253E-01
     152    2.496640  9.9856E-02
     153    2.497280  9.7261E-02
     154    2.497920  9.4738E-02
     155    2.498560  9.2282E-02
     156    2.499200  8.9887E-02
     157    2.499840  8.7547E-02
     158    2.500480  8.5256E-02
     159    2.501120  8.3010E-02
     160    2.501760  8.0804E-02
     161    2.502400  7.8632E-02
     162    2.503040  7.6492E-02
     163    2.503680  7.4379E-02
     164    2.504320  7.2291E-02
     165    2.504960  7.0225E-02
     166    2.505600  6.8178E-02
     167    2.506240  6.6149E-02
     168    2.506880  6.4136E-02
     169    2.507520  6.2139E-02
     170    2.508160  6.0157E-02
     171    2.508800  5.8189E-02
     172    2.509440  5.6236E-02
     173    2.510080  5.4299E-02
     174    2.510720  5.2378E-02
     175    2.511360  5.0474E-02
     176    2.512000  4.8589E-02
     177    2.512640  4.6725E-02
     178    2.513280  4.4883E-02
     179    2.513920  4.3064E-02
     180    2.514560  4.1271E-02
     181    2.515200  3.9507E-02
     182    2.515840  3.7772E-02
     183    2.516480  3.6068E-02
     184    2.517120  3.4399E-02
     185    2.517760  3.2766E-02
     186    2.518400  3.1170E-02
     187    2.519040  2.9613E-02
     188    2.519680  2.8097E-02
     189    2.520320  2.6624E-02
     190    2.520960  2.5194E-02
     191    2.521600  2.3809E-02
     192    2.522240  2.2470E-02
     193    2.522880  2.1178E-02
     194    2.523520  1.9933E-02
     195    2.524160  1.8735E-02
     196    2.524800  1.7585E-02
     197    2.525440  1.6483E-02
     198    2.526080  1.5429E-02
     199    2.526720  1.4423E-02
     200    2.527360  1.3463E-02
     201    2.528000  1.2551E-02
     202    2.528640  1.1683E-02
     203    2.529280  1.0861E-02
     204    2.529920  1.0083E-02
     205    2.530560  9.3478E-03
     206    2.531200  8.6541E-03
     207    2.531840  8.0010E-03
     208    2.532480  7.3870E-03
     209    2.533120  6.8108E-03
     210    2.533760  6.2710E-03
     211    2.534400  5.7661E-03
     212    2.535040  5.2947E-03
     213    2.535680  4.8552E-03
     214    2.536320  4.4461E-03
     215    2.536960  4.0660E-03
     216    2.537600  3.7134E-03
     217    2.538240  3.3868E-03
     218    2.538880  3.0848E-03
     219    2.539520  2.8060E-03
     220    2.540160  2.5490E-03
     221    2.540800  2.3124E-03
     222    2.541440  2.0950E-03
     223    2.542080  1.8956E-03
     224    2.542720  1.7129E-03
     225    2.543360  1.5458E-03
     226    2.544000  1.3931E-03
     227    2.544640  1.2539E-03
     228    2.545280  1.1272E-03
     229    2.545920  1.0120E-03
     230    2.546560  9.0735E-04
     231    2.547200  8.1253E-04
     232    2.547840  7.2669E-04
     233    2.548480  6.4911E-04
     234    2.549120  5.7910E-04
     235    2.549760  5.1600E-04
     236    2.550400  4.5922E-04
     237    2.551040  4.0819E-04
     238    2.551680  3.6240E-04
     239    2.552320  3.2137E-04
     240    2.552960  2.8465E-04
     241    2.553600  2.5183E-04
     242    2.554240  2.2255E-04
     243    2.554880  1.9645E-04
     244    2.555520  1.7322E-04
     245    2.556160  1.5257E-04
     246    2.556800  1.3424E-04
     247    2.557440  1.1799E-04
     248    2.558080  1.0360E-04
     249    2.558720  9.0876E-05
     250    2.559360  7.9634E-05
     251    2.560000  6.9716E-05
     252    2.560640  6.0975E-05
     253    2.561280  5.3281E-05
     254    2.561920  4.6516E-05
     255    2.562560  4.0573E-05
     256    2.563200  3.5359E-05
     257    2.563840  3.0789E-05
     258    2.564480  2.6787E-05
     259    2.565120  2.3286E-05
     260    2.565760  2.0227E-05
     261    2.566400  1.7555E-05
     262    2.567040  1.5225E-05
     263    2.567680  1.3193E-05
     264    2.568320  1.1424E-05
     265    2.568960  9.8847E-06
     266    2.569600  8.5461E-06
     267    2.570240  7.3831E-06
     268    2.570880  6.3735E-06
     269    2.571520  5.4977E-06
     270    2.572160  4.7385E-06
     271    2.572800  4.0808E-06
     272    2.573440  3.5116E-06
     273    2.574080  3.0193E-06
     274    2.574720  2.5938E-06
     275    2.575360  2.2263E-06
     276    2.576000  1.9092E-06
     277    2.576640  1.6358E-06
     278    2.577280  1.4001E-06
     279    2.577920  1.1973E-06
     280    2.578560  1.0228E-06
     281    2.579200  8.7282E-07
     282    2.579840  7.4403E-07
     283    2.580480  6.3354E-07
     284    2.581120  5.3884E-07
     285    2.581760  4.5775E-07
     286    2.582400  3.8840E-07
     287    2.583040  3.2913E-07
     288    2.583680  2.7855E-07
     289    2.584320  2.3543E-07
     290    2.584960  1.9871E-07
     291    2.585600  1.6749E-07
     292    2.586240  1.4096E-07
     293    2.586880  1.1847E-07
     294    2.587520  9.9411E-08
     295    2.588160  8.3292E-08
     296    2.588800  6.9677E-08
     297    2.589440  5.8194E-08
     298    2.590080  4.8524E-08
     299    2.590720  4.0393E-08
     300    2.591360  3.3568E-08
     301    2.592000  2.7849E-08
     302    2.592640  2.3063E-08
     303    2.593280  1.9066E-08
     304    2.593920  1.5734E-08
     305    2.594560  1.2960E-08
     306    2.595200  1.0656E-08
     307    2.595840  8.7450E-09
     308    2.596480  7.1633E-09
     309    2.597120  5.8565E-09
     310    2.597760  4.7790E-09
     311    2.598400  3.8922E-09
     312    2.599040  3.1638E-09
     313    2.599680  2.5666E-09
     314    2.600320  2.0781E-09
     315    2.600960  1.6791E-09
     316    2.601600  1.3541E-09
     317    2.602240  1.0897E-09
     318    2.602880  8.7521E-10
     319    2.603520  7.0145E-10
     320    2.604160  5.6101E-10
     321    2.604800  4.4779E-10
     322    2.605440  3.5670E-10
     323    2.606080  2.8354E-10
     324    2.606720  2.2492E-10
     325    2.607360  1.7805E-10
     326    2.608000  1.4065E-10
     327    2.608640  1.1087E-10
     328    2.609280  8.7209E-11
     329    2.609920  6.8436E-11
     330    2.610560  5.3590E-11
     331    2.611200  4.1887E-11
     332    2.611840  3.2670E-11
     333    2.612480  2.5426E-11
     334    2.613120  1.9746E-11
     335    2.613760  1.5302E-11
     336    2.614400  1.1832E-11
     337    2.615040  9.1297E-12
     338    2.615680  7.0291E-12
     339    2.616320  5.4001E-12
     340    2.616960  4.1337E-12
     341    2.617600  3.1495E-12
     342    2.618240  2.3981E-12
     343    2.618880  1.8273E-12
     344    2.619520  1.3889E-12
     345    2.620160  1.0533E-12
     346    2.620800  7.9732E-13
     347    2.621440  6.0219E-13
     348    2.622080  4.5380E-13
     349    2.622720  3.4122E-13
     350    2.623360  2.5600E-13
     351    2.624000  1.9164E-13
     352    2.624640  1.4312E-13
     353    2.625280  1.0665E-13
     354    2.625920  7.9308E-14
     355    2.626560  5.8848E-14
     356    2.627200  4.3569E-14
     357    2.627840  3.2186E-14
     358    2.628480  2.3724E-14
     359    2.629120  1.7449E-14
     360    2.629760  1.2804E-14
     361    2.630400  9.3651E-15
     362    2.631040  6.8334E-15
     363    2.631680  4.9816E-15
     364    2.632320  3.6236E-15
     365    2.632960  2.6300E-15
     366    2.633600  1.9046E-15
     367    2.634240  1.3692E-15
     368    2.634880  9.8130E-16
     369    2.635520  7.0598E-16
     370    2.636160  2.7441E-16
     371    2.636800  0.0000E+00
     372    2.637440  0.0000E+00
     373    2.638080  0.0000E+00
     374    2.638720  0.0000E+00
     375    2.639360  0.0000E+00
     376    2.640000  0.0000E+00
     377    2.640640  0.0000E+00
     378    2.641280  0.0000E+00
     379    2.641920  0.0000E+00
     380    2.642560  0.0000E+00
     381    2.643200  0.0000E+00
     382    2.643840  0.0000E+00
     383    2.644480  0.0000E+00
     384    2.645120  0.0000E+00
     385    2.645760  0.0000E+00
     386    2.646400  0.0000E+00
     387    2.647040  0.0000E+00
     388    2.647680  0.0000E+00
     389    2.648320  0.0000E+00
     390    2.648960  0.0000E+00
     391    2.649600  0.0000E+00
     392    2.650240  0.0000E+00
     393    2.650880  0.0000E+00
     394    2.651520  0.0000E+00
     395    2.652160  0.0000E+00
     396    2.652800  0.0000E+00
     397    2.653440  0.0000E+00
     398    2.654080  0.0000E+00
     399    2.654720  0.0000E+00
     400    2.655360  0.0000E+00
     401    2.656000  0.0000E+00
     402    2.656640  0.0000E+00
     403    2.657280  0.0000E+00
     404    2.657920  0.0000E+00
     405    2.658560  0.0000E+00
     406    2.659200  0.0000E+00
     407    2.659840  0.0000E+00
     408    2.660480  0.0000E+00
     409    2.661120  0.0000E+00
     410    2.661760  0.0000E+00
     411    2.662400  0.0000E+00
     412    2.663040  0.0000E+00
     413    2.663680  0.0000E+00
     414    2.664320  0.0000E+00
     415    2.664960  0.0000E+00
     416    2.665600  0.0000E+00
     417    2.666240  0.0000E+00
     418    2.666880  0.0000E+00
     419    2.667520  0.0000E+00
     420    2.668160  0.0000E+00
     421    2.668800  0.0000E+00
     422    2.669440  0.0000E+00
     423    2.670080  0.0000E+00
     424    2.670720  0.0000E+00
     425    2.671360  0.0000E+00
     426    2.672000  0.0000E+00
     427    2.672640  0.0000E+00
     428    2.673280  0.0000E+00
     429    2.673920  0.0000E+00
     430    2.674560  0.0000E+00
     431    2.675200  0.0000E+00
     432    2.675840  0.0000E+00
     433    2.676480  0.0000E+00
     434    2.677120  0.0000E+00
     435    2.677760  0.0000E+00
     436    2.678400  0.0000E+00
     437    2.679040  0.0000E+00
     438    2.679680  0.0000E+00
     439    2.680320  0.0000E+00
     440    2.680960  0.0000E+00
     441    2.681600  0.0000E+00
     442    2.682240  0.0000E+00
     443    2.682880  0.0000E+00
     444    2.683520  0.0000E+00
     445    2.684160  0.0000E+00
     446    2.684800  0.0000E+00
     447    2.685440  0.0000E+00
     448    2.686080  0.0000E+00
     449    2.686720  0.0000E+00
     450    2.687360  0.0000E+00
     451    2.688000  0.0000E+00
     452    2.688640  0.0000E+00
     453    2.689280  0.0000E+00
     454    2.689920  0.0000E+00
     455    2.690560  0.0000E+00
     456    2.691200  0.0000E+00
     457    2.691840  0.0000E+00
     458    2.692480  0.0000E+00
     459    2.693120  0.0000E+00
     460    2.693760  0.0000E+00
     461    2.694400  0.0000E+00
     462    2.695040  0.0000E+00
     463    2.695680  0.0000E+00
     464    2.696320  0.0000E+00
     465    2.696960  0.0000E+00
     466    2.697600  0.0000E+00
     467    2.698240  0.0000E+00
     468    2.698880  0.0000E+00
     469    2.699520  0.0000E+00
     470    2.700160  0.0000E+00
     471    2.700800  0.0000E+00
     472    2.701440  0.0000E+00
     473    2.702080  0.0000E+00
     474    2.702720  0.0000E+00
     475    2.703360  0.0000E+00
     476    2.704000  0.0000E+00
     477    2.704640  0.0000E+00
     478    2.705280  0.0000E+00
     479    2.705920  0.0000E+00
     480    2.706560  0.0000E+00
     481    2.707200  0.0000E+00
     482    2.707840  0.0000E+00
     483    2.708480  0.0000E+00
     484    2.709120  0.0000E+00
     485    2.709760  0.0000E+00
     486    2.710400  0.0000E+00
     487    2.711040  0.0000E+00
     488    2.711680  0.0000E+00
     489    2.712320  0.0000E+00
     490    2.712960  0.0000E+00
     491    2.713600  0.0000E+00
     492    2.714240  0.0000E+00
     493    2.714880  0.0000E+00
     494    2.715520  0.0000E+00
     495    2.716160  0.0000E+00
     496    2.716800  0.0000E+00
     497    2.717440  0.0000E+00
     498    2.718080  0.0000E+00
     499    2.718720  0.0000E+00
     500    2.719360  0.0000E+00
     501    2.720000  0.0000E+00
     502    2.720640  0.0000E+00
     503    2.721280  0.0000E+00
     504    2.721920  0.0000E+00
     505    2.722560  0.0000E+00
     506    2.723200  0.0000E+00
     507    2.723840  0.0000E+00
     508    2.724480  0.0000E+00
     509    2.725120  0.0000E+00
     510    2.725760  0.0000E+00
     511    2.726400  0.0000E+00
     512    2.727040  3.8430E-30
     513    2.727680  1.2077E-17
     514    2.728320  3.1071E-17
     515    2.728960  4.3188E-17
     516    2.729600  5.9898E-17
     517    2.730240  1.4611E-16
     518    2.730880  2.7710E-16
     519    2.731520  3.8376E-16
     520    2.732160  5.3031E-16
     521    2.732800  7.5348E-16
     522    2.733440  1.0633E-15
     523    2.734080  1.5072E-15
     524    2.734720  2.3092E-15
     525    2.735360  3.3868E-15
     526    2.736000  4.6378E-15
     527    2.736640  6.3375E-15
     528    2.737280  8.6413E-15
     529    2.737920  1.1758E-14
     530    2.738560  1.5963E-14
     531    2.739200  2.1627E-14
     532    2.739840  2.9237E-14
     533    2.740480  3.9440E-14
     534    2.741120  5.3090E-14
     535    2.741760  7.1310E-14
     536    2.742400  9.5580E-14
     537    2.743040  1.2783E-13
     538    2.743680  1.7061E-13
     539    2.744320  2.2721E-13
     540    2.744960  3.0193E-13
     541    2.745600  4.0038E-13
     542    2.746240  5.2978E-13
     543    2.746880  6.9951E-13
     544    2.747520  9.2366E-13
     545    2.748160  1.2197E-12
     546    2.748800  1.6100E-12
     547    2.749440  2.1162E-12
     548    2.750080  2.7673E-12
     549    2.750720  3.6111E-12
     550    2.751360  4.7026E-12
     551    2.752000  6.1112E-12
     552    2.752640  7.9254E-12
     553    2.753280  1.0257E-11
     554    2.753920  1.3247E-11
     555    2.754560  1.7074E-11
     556    2.755200  2.1961E-11
     557    2.755840  2.8190E-11
     558    2.756480  3.6111E-11
     559    2.757120  4.6164E-11
     560    2.757760  5.8896E-11
     561    2.758400  7.4988E-11
     562    2.759040  9.5285E-11
     563    2.759680  1.2083E-10
     564    2.760320  1.5292E-10
     565    2.760960  1.9315E-10
     566    2.761600  2.4348E-10
     567    2.762240  3.0631E-10
     568    2.762880  3.8460E-10
     569    2.763520  4.8195E-10
     570    2.764160  6.0277E-10
     571    2.764800  7.5241E-10
     572    2.765440  9.3739E-10
     573    2.766080  1.1656E-09
     574    2.766720  1.4466E-09
     575    2.767360  1.7919E-09
     576    2.768000  2.2155E-09
     577    2.768640  2.7341E-09
     578    2.769280  3.3677E-09
     579    2.769920  4.1405E-09
     580    2.770560  5.0812E-09
     581    2.771200  6.2243E-09
     582    2.771840  7.6107E-09
     583    2.772480  9.2891E-09
     584    2.773120  1.1317E-08
     585    2.773760  1.3764E-08
     586    2.774400  1.6710E-08
     587    2.775040  2.0252E-08
     588    2.775680  2.4502E-08
     589    2.776320  2.9592E-08
     590    2.776960  3.5680E-08
     591    2.777600  4.2947E-08
     592    2.778240  5.1608E-08
     593    2.778880  6.1914E-08
     594    2.779520  7.4156E-08
     595    2.780160  8.8674E-08
     596    2.780800  1.0586E-07
     597    2.781440  1.2619E-07
     598    2.782080  1.5017E-07
     599    2.782720  1.7844E-07
     600    2.783360  2.1170E-07
     601    2.784000  2.5077E-07
     602    2.784640  2.9660E-07
     603    2.785280  3.5028E-07
     604    2.785920  4.1306E-07
     605    2.786560  4.8636E-07
     606    2.787200  5.7183E-07
     607    2.787840  6.7134E-07
     608    2.788480  7.8702E-07
     609    2.789120  9.2131E-07
     610    2.789760  1.0770E-06
     611    2.790400  1.2571E-06
     612    2.791040  1.4653E-06
     613    2.791680  1.7055E-06
     614    2.792320  1.9824E-06
     615    2.792960  2.3009E-06
     616    2.793600  2.6668E-06
     617    2.794240  3.0865E-06
     618    2.794880  3.5673E-06
     619    2.795520  4.1172E-06
     620    2.796160  4.7451E-06
     621    2.796800  5.4610E-06
     622    2.797440  6.2759E-06
     623    2.798080  7.2022E-06
     624    2.798720  8.2533E-06
     625    2.799360  9.4441E-06
     626    2.800000  1.0791E-05
     627    2.800640  1.2312E-05
     628    2.801280  1.4027E-05
     629    2.801920  1.5957E-05
     630    2.802560  1.8126E-05
     631    2.803200  2.0558E-05
     632    2.803840  2.3282E-05
     633    2.804480  2.6326E-05
     634    2.805120  2.9722E-05
     635    2.805760  3.3504E-05
     636    2.806400  3.7709E-05
     637    2.807040  4.2374E-05
     638    2.807680  4.7540E-05
     639    2.808320  5.3251E-05
     640    2.808960  5.9551E-05
     641    2.809600  6.6489E-05
     642    2.810240  7.4113E-05
     643    2.810880  8.2474E-05
     644    2.811520  9.1626E-05
     645    2.812160  1.0162E-04
     646    2.812800  1.1252E-04
     647    2.813440  1.2438E-04
     648    2.814080  1.3725E-04
     649    2.814720  1.5119E-04
     650    2.815360  1.6627E-04
     651    2.816000  1.8253E-04
     652    2.816640  2.0004E-04
     653    2.817280  2.1884E-04
     654    2.817920  2.3900E-04
     655    2.818560  2.6056E-04
     656    2.819200  2.8357E-04
     657    2.819840  3.0808E-04
     658    2.820480  3.3412E-04
     659    2.821120  3.6174E-04
     660    2.821760  3.9096E-04
     661    2.822400  4.2182E-04
     662    2.823040  4.5433E-04
     663    2.823680  4.8851E-04
     664    2.824320  5.2437E-04
     665    2.824960  5.6193E-04
     666    2.825600  6.0117E-04
     667    2.826240  6.4209E-04
     668    2.826880  6.8468E-04
     669    2.827520  7.2894E-04
     670    2.828160  7.7482E-04
     671    2.828800  8.2232E-04
     672    2.829440  8.7141E-04
     673    2.830080  9.2206E-04
     674    2.830720  9.7423E-04
     675    2.831360  1.0279E-03
     676    2.832000  1.0831E-03
     677    2.832640  1.1397E-03
     678    2.833280  1.1977E-03
     679    2.833920  1.2572E-03
     680    2.834560  1.3180E-03
     681    2.835200  1.3803E-03
     682    2.835840  1.4441E-03
     683    2.836480  1.5092E-03
     684    2.837120  1.5759E-03
     685    2.837760  1.6442E-03
     686    2.838400  1.7141E-03
     687    2.839040  1.7858E-03
     688    2.839680  1.8593E-03
     689    2.840320  1.9348E-03
     690    2.840960  2.0124E-03
     691    2.841600  2.0924E-03
     692    2.842240  2.1750E-03
     693    2.842880  2.2603E-03
     694    2.843520  2.3487E-03
     695    2.844160  2.4404E-03
     696    2.844800  2.5357E-03
     697    2.845440  2.6350E-03
     698    2.846080  2.7387E-03
     699    2.846720  2.8470E-03
     700    2.847360  2.9604E-03
     701    2.848000  3.0793E-03
     702    2.848640  3.2042E-03
     703    2.849280  3.3354E-03
     704    2.849920  3.4735E-03
     705    2.850560  3.6189E-03
     706    2.851200  3.7721E-03
     707    2.851840  3.9335E-03
     708    2.852480  4.1037E-03
     709    2.853120  4.2832E-03
     710    2.853760  4.4724E-03
     711    2.854400  4.6719E-03
     712    2.855040  4.8820E-03
     713    2.855680  5.1033E-03
     714    2.856320  5.3362E-03
     715    2.856960  5.5811E-03
     716    2.857600  5.8385E-03
     717    2.858240  6.1088E-03
     718    2.858880  6.3923E-03
     719    2.859520  6.6895E-03
     720    2.860160  7.0006E-03
     721    2.860800  7.3260E-03
     722    2.861440  7.6659E-03
     723    2.862080  8.0207E-03
     724    2.862720  8.3905E-03
     725    2.863360  8.7756E-03
     726    2.864000  9.1761E-03
     727    2.864640  9.5922E-03
     728    2.865280  1.0024E-02
     729    2.865920  1.0472E-02
     730    2.866560  1.0935E-02
     731    2.867200  1.1414E-02
     732    2.867840  1.1910E-02
     733    2.868480  1.2421E-02
     734    2.869120  1.2947E-02
     735    2.869760  1.3490E-02
     736    2.870400  1.4048E-02
     737    2.871040  1.4621E-02
     738    2.871680  1.5210E-02
     739    2.872320  1.5813E-02
     740    2.872960  1.6431E-02
     741    2.873600  1.7064E-02
     742    2.874240  1.7711E-02
     743    2.874880  1.8371E-02
     744    2.875520  1.9045E-02
     745    2.876160  1.9732E-02
     746    2.876800  2.0431E-02
     747    2.877440  2.1142E-02
     748    2.878080  2.1865E-02
     749    2.878720  2.2599E-02
     750    2.879360  2.3343E-02
     751    2.880000  2.4098E-02
     752    2.880640  2.4862E-02
     753    2.881280  2.5635E-02
     754    2.881920  2.6416E-02
     755    2.882560  2.7206E-02
     756    2.883200  2.8003E-02
     757    2.883840  2.8807E-02
     758    2.884480  2.9617E-02
     759    2.885120  3.0435E-02
     760    2.885760  3.1258E-02
     761    2.886400  3.2087E-02
     762    2.887040  3.2921E-02
     763    2.887680  3.3762E-02
     764    2.888320  3.4608E-02
     765    2.888960  3.5460E-02
     766    2.889600  3.6318E-02
     767    2.890240  3.7182E-02
     768    2.890880  3.8054E-02
     769    2.891520  3.8933E-02
     770    2.892160  3.9821E-02
     771    2.892800  4.0718E-02
     772    2.893440  4.1626E-02
     773    2.894080  4.2545E-02
     774    2.894720  4.3478E-02
     775    2.895360  4.4426E-02
     776    2.896000  4.5389E-02
     777    2.896640  4.6371E-02
     778    2.897280  4.7372E-02
     779    2.897920  4.8395E-02
     780    2.898560  4.9442E-02
     781    2.899200  5.0514E-02
     782    2.899840  5.1615E-02
     783    2.900480  5.2745E-02
     784    2.901120  5.3908E-02
     785    2.901760  5.5104E-02
     786    2.902400  5.6337E-02
     787    2.903040  5.7608E-02
     788    2.903680  5.8919E-02
     789    2.904320  6.0271E-02
     790    2.904960  6.1666E-02
     791    2.905600  6.3105E-02
     792    2.906240  6.4590E-02
     793    2.906880  6.6120E-02
     794    2.907520  6.7697E-02
     795    2.908160  6.9321E-02
     796    2.908800  7.0992E-02
     797    2.909440  7.2708E-02
     798    2.910080  7.4470E-02
     799    2.910720  7.6275E-02
     800    2.911360  7.8123E-02
     801    2.912000  8.0010E-02
     802    2.912640  8.1936E-02
     803    2.913280  8.3895E-02
     804    2.913920  8.5887E-02
     805    2.914560  8.7905E-02
     806    2.915200  8.9948E-02
     807    2.915840  9.2009E-02
     808    2.916480  9.4084E-02
     809    2.917120  9.6168E-02
     810    2.917760  9.8255E-02
     811    2.918400  1.0034E-01
     812    2.919040  1.0242E-01
     813    2.919680  1.0448E-01
     814    2.920320  1.0652E-01
     815    2.920960  1.0853E-01
     816    2.921600  1.1052E-01
     817    2.922240  1.1246E-01
     818    2.922880  1.1435E-01
     819    2.923520  1.1620E-01
     820    2.924160  1.1798E-01
     821    2.924800  1.1971E-01
     822    2.925440  1.2136E-01
     823    2.926080  1.2294E-01
     824    2.926720  1.2445E-01
     825    2.927360  1.2587E-01
     826    2.928000  1.2721E-01
     827    2.928640  1.2846E-01
     828    2.929280  1.2962E-01
     829    2.929920  1.3069E-01
     830    2.930560  1.3166E-01
     831    2.931200  1.3255E-01
     832    2.931840  1.3334E-01
     833    2.932480  1.3404E-01
     834    2.933120  1.3464E-01
     835    2.933760  1.3516E-01
     836    2.934400  1.3560E-01
     837    2.935040  1.3595E-01
     838    2.935680  1.3622E-01
     839    2.936320  1.3642E-01
     840    2.936960  1.3655E-01
     841    2.937600  1.3661E-01
     842    2.938240  1.3661E-01
     843    2.938880  1.3656E-01
     844    2.939520  1.3645E-01
     845    2.940160  1.3630E-01
     846    2.940800  1.3611E-01
     847    2.941440  1.3589E-01
     848    2.942080  1.3564E-01
     849    2.942720  1.3536E-01
     850    2.943360  1.3506E-01
     851    2.944000  1.3475E-01
     852    2.944640  1.3443E-01
     853    2.945280  1.3410E-01
     854    2.945920  1.3376E-01
     855    2.946560  1.3343E-01
     856    2.947200  1.3310E-01
     857    2.947840  1.3277E-01
     858    2.948480  1.3245E-01
     859    2.949120  1.3213E-01
     860    2.949760  1.3183E-01
     861    2.950400  1.3154E-01
     862    2.951040  1.3125E-01
     863    2.951680  1.3098E-01
     864    2.952320  1.3072E-01
     865    2.952960  1.3047E-01
     866    2.953600  1.3024E-01
     867    2.954240  1.3001E-01
     868    2.954880  1.2980E-01
     869    2.955520  1.2961E-01
     870    2.956160  1.2942E-01
     871    2.956800  1.2926E-01
     872    2.957440  1.2911E-01
     873    2.958080  1.2897E-01
     874    2.958720  1.2886E-01
     875    2.959360  1.2876E-01
     876    2.960000  1.2870E-01
     877    2.960640  1.2865E-01
     878    2.961280  1.2864E-01
     879    2.961920  1.2866E-01
     880    2.962560  1.2872E-01
     881    2.963200  1.2882E-01
     882    2.963840  1.2897E-01
     883    2.964480  1.2917E-01
     884    2.965120  1.2942E-01
     885    2.965760  1.2973E-01
     886    2.966400  1.3011E-01
     887    2.967040  1.3055E-01
     888    2.967680  1.3107E-01
     889    2.968320  1.3167E-01
     890    2.968960  1.3236E-01
     891    2.969600  1.3313E-01
     892    2.970240  1.3399E-01
     893    2.970880  1.3494E-01
     894    2.971520  1.3599E-01
     895    2.972160  1.3714E-01
     896    2.972800  1.3839E-01
     897    2.973440  1.3973E-01
     898    2.974080  1.4117E-01
     899    2.974720  1.4272E-01
     900    2.975360  1.4435E-01
     901    2.976000  1.4609E-01
     902    2.976640  1.4791E-01
     903    2.977280  1.4981E-01
     904    2.977920  1.5180E-01
     905    2.978560  1.5386E-01
     906    2.979200  1.5599E-01
     907    2.979840  1.5818E-01
     908    2.980480  1.6043E-01
     909    2.981120  1.6273E-01
     910    2.981760  1.6506E-01
     911    2.982400  1.6742E-01
     912    2.983040  1.6980E-01
     913    2.983680  1.7220E-01
     914    2.984320  1.7460E-01
     915    2.984960  1.7699E-01
     916    2.985600  1.7937E-01
     917    2.986240  1.8173E-01
     918    2.986880  1.8406E-01
     919    2.987520  1.8634E-01
     920    2.988160  1.8858E-01
     921    2.988800  1.9077E-01
     922    2.989440  1.9289E-01
     923    2.990080  1.9495E-01
     924    2.990720  1.9693E-01
     925    2.991360  1.9884E-01
     926    2.992000  2.0066E-01
     927    2.992640  2.0240E-01
     928    2.993280  2.0405E-01
     929    2.993920  2.0561E-01
     930    2.994560  2.0708E-01
     931    2.995200  2.0845E-01
     932    2.995840  2.0973E-01
     933    2.996480  2.1091E-01
     934    2.997120  2.1200E-01
     935    2.997760  2.1299E-01
     936    2.998400  2.1389E-01
     937    2.999040  2.1470E-01
     938    2.999680  2.1541E-01
     939    3.000320  2.1604E-01
     940    3.000960  2.1658E-01
     941    3.001600  2.1704E-01
     942    3.002240  2.1742E-01
     943    3.002880  2.1772E-01
     944    3.003520  2.1794E-01
     945    3.004160  2.1809E-01
     946    3.004800  2.1817E-01
     947    3.005440  2.1818E-01
     948    3.006080  2.1813E-01
     949    3.006720  2.1801E-01
     950    3.007360  2.1783E-01
     951    3.008000  2.1759E-01
     952    3.008640  2.1730E-01
     953    3.009280  2.1695E-01
     954    3.009920  2.1655E-01
     955    3.010560  2.1609E-01
     956    3.011200  2.1558E-01
     957    3.011840  2.1503E-01
     958    3.012480  2.1442E-01
     959    3.013120  2.1376E-01
     960    3.013760  2.1306E-01
     961    3.014400  2.1230E-01
     962    3.015040  2.1150E-01
     963    3.015680  2.1065E-01
     964    3.016320  2.0975E-01
     965    3.016960  2.0880E-01
     966    3.017600  2.0781E-01
     967    3.018240  2.0676E-01
     968    3.018880  2.0566E-01
     969    3.019520  2.0452E-01
     970    3.020160  2.0333E-01
     971    3.020800  2.0208E-01
     972    3.021440  2.0079E-01
     973    3.022080  1.9944E-01
     974    3.022720  1.9805E-01
     975    3.023360  1.9661E-01
     976    3.024000  1.9512E-01
     977    3.024640  1.9359E-01
     978    3.025280  1.9200E-01
     979    3.025920  1.9038E-01
     980    3.026560  1.8871E-01
     981    3.027200  1.8700E-01
     982    3.027840  1.8525E-01
     983    3.028480  1.8347E-01
     984    3.029120  1.8165E-01
     985    3.029760  1.7981E-01
     986    3.030400  1.7793E-01
     987    3.031040  1.7604E-01
     988    3.031680  1.7413E-01
     989    3.032320  1.7221E-01
     990    3.032960  1.7027E-01
     991    3.033600  1.6834E-01
     992    3.034240  1.6640E-01
     993    3.034880  1.6447E-01
     994    3.035520  1.6256E-01
     995    3.036160  1.6066E-01
     996    3.036800  1.5878E-01
     997    3.037440  1.5693E-01
     998    3.038080  1.5512E-01
     999    3.038720  1.5335E-01
    1000    3.039360  1.5162E-01
    1001    3.040000  1.4994E-01
    1002    3.040640  1.4832E-01
    1003    3.041280  1.4676E-01
    1004    3.041920  1.4527E-01
    1005    3.042560  1.4384E-01
    1006    3.043200  1.4249E-01
    1007    3.043840  1.4122E-01
    1008    3.044480  1.4004E-01
    1009    3.045120  1.3893E-01
    1010    3.045760  1.3792E-01
    1011    3.046400  1.3700E-01
    1012    3.047040  1.3617E-01
    1013    3.047680  1.3543E-01
    1014    3.048320  1.3479E-01
    1015    3.048960  1.3424E-01
    1016    3.049600  1.3379E-01
    1017    3.050240  1.3343E-01
    1018    3.050880  1.3317E-01
    1019    3.051520  1.3300E-01
    1020    3.052160  1.3292E-01
    1021    3.052800  1.3293E-01
    1022    3.053440  1.3302E-01
    1023    3.054080  1.3320E-01
    1024    3.054720  1.3345E-01
    1025    3.055360  1.3377E-01
    1026    3.056000  1.3416E-01
    1027    3.056640  1.3462E-01
    1028    3.057280  1.3513E-01
    1029    3.057920  1.3570E-01
    1030    3.058560  1.3631E-01
    1031    3.059200  1.3696E-01
    1032    3.059840  1.3764E-01
    1033    3.060480  1.3836E-01
    1034    3.061120  1.3909E-01
    1035    3.061760  1.3983E-01
    1036    3.062400  1.4059E-01
    1037    3.063040  1.4134E-01
    1038    3.063680  1.4208E-01
    1039    3.064320  1.4281E-01
    1040    3.064960  1.4352E-01
    1041    3.065600  1.4421E-01
    1042    3.066240  1.4486E-01
    1043    3.066880  1.4547E-01
    1044    3.067520  1.4603E-01
    1045    3.068160  1.4655E-01
    1046    3.068800  1.4701E-01
    1047    3.069440  1.4741E-01
    1048    3.070080  1.4775E-01
    1049    3.070720  1.4802E-01
    1050    3.071360  1.4822E-01
    1051    3.072000  1.4834E-01
    1052    3.072640  1.4839E-01
    1053    3.073280  1.4837E-01
    1054    3.073920  1.4826E-01
    1055    3.074560  1.4808E-01
    1056    3.075200  1.4781E-01
    1057    3.075840  1.4747E-01
    1058    3.076480  1.4706E-01
    1059    3.077120  1.4657E-01
    1060    3.077760  1.4601E-01
    1061    3.078400  1.4538E-01
    1062    3.079040  1.4469E-01
    1063    3.079680  1.4394E-01
    1064    3.080320  1.4314E-01
    1065    3.080960  1.4229E-01
    1066    3.081600  1.4140E-01
    1067    3.082240  1.4047E-01
    1068    3.082880  1.3951E-01
    1069    3.083520  1.3853E-01
    1070    3.084160  1.3754E-01
    1071    3.084800  1.3654E-01
    1072    3.085440  1.3555E-01
    1073    3.086080  1.3457E-01
    1074    3.086720  1.3360E-01
    1075    3.087360  1.3267E-01
    1076    3.088000  1.3177E-01
    1077    3.088640  1.3092E-01
    1078    3.089280  1.3012E-01
    1079    3.089920  1.2939E-01
    1080    3.090560  1.2873E-01
    1081    3.091200  1.2815E-01
    1082    3.091840  1.2766E-01
    1083    3.092480  1.2727E-01
    1084    3.093120  1.2699E-01
    1085    3.093760  1.2682E-01
    1086    3.094400  1.2677E-01
    1087    3.095040  1.2684E-01
    1088    3.095680  1.2705E-01
    1089    3.096320  1.2740E-01
    1090    3.096960  1.2790E-01
    1091    3.097600  1.2854E-01
    1092    3.098240  1.2934E-01
    1093    3.098880  1.3030E-01
    1094    3.099520  1.3142E-01
    1095    3.100160  1.3271E-01
    1096    3.100800  1.3416E-01
    1097    3.101440  1.3578E-01
    1098    3.102080  1.3757E-01
    1099    3.102720  1.3952E-01
    1100    3.103360  1.4165E-01
    1101    3.104000  1.4394E-01
    1102    3.104640  1.4639E-01
    1103    3.105280  1.4900E-01
    1104    3.105920  1.5178E-01
    1105    3.106560  1.5470E-01
    1106    3.107200  1.5777E-01
    1107    3.107840  1.6098E-01
    1108    3.108480  1.6433E-01
    1109    3.109120  1.6781E-01
    1110    3.109760  1.7140E-01
    1111    3.110400  1.7511E-01
    1112    3.111040  1.7891E-01
    1113    3.111680  1.8281E-01
    1114    3.112320  1.8679E-01
    1115    3.112960  1.9084E-01
    1116    3.113600  1.9495E-01
    1117    3.114240  1.9911E-01
    1118    3.114880  2.0331E-01
    1119    3.115520  2.0753E-01
    1120    3.116160  2.1176E-01
    1121    3.116800  2.1600E-01
    1122    3.117440  2.2023E-01
    1123    3.118080  2.2444E-01
    1124    3.118720  2.2862E-01
    1125    3.119360  2.3276E-01
    1126    3.120000  2.3684E-01
    1127    3.120640  2.4086E-01
    1128    3.121280  2.4482E-01
    1129    3.121920  2.4869E-01
    1130    3.122560  2.5247E-01
    1131    3.123200  2.5617E-01
    1132    3.123840  2.5976E-01
    1133    3.124480  2.6325E-01
    1134    3.125120  2.6663E-01
    1135    3.125760  2.6991E-01
    1136    3.126400  2.7307E-01
    1137    3.127040  2.7612E-01
    1138    3.127680  2.7906E-01
    1139    3.128320  2.8189E-01
    1140    3.128960  2.8462E-01
    1141    3.129600  2.8724E-01
    1142    3.130240  2.8977E-01
    1143    3.130880  2.9221E-01
    1144    3.131520  2.9458E-01
    1145    3.132160  2.9687E-01
    1146    3.132800  2.9910E-01
    1147    3.133440  3.0128E-01
    1148    3.134080  3.0342E-01
    1149    3.134720  3.0553E-01
    1150    3.135360  3.0763E-01
    1151    3.136000  3.0974E-01
    1152    3.136640  3.1186E-01
    1153    3.137280  3.1400E-01
    1154    3.137920  3.1619E-01
    1155    3.138560  3.1844E-01
    1156    3.139200  3.2076E-01
    1157    3.139840  3.2317E-01
    1158    3.140480  3.2568E-01
    1159    3.141120  3.2829E-01
    1160    3.141760  3.3104E-01
    1161    3.142400  3.3391E-01
    1162    3.143040  3.3694E-01
    1163    3.143680  3.4011E-01
    1164    3.144320  3.4345E-01
    1165    3.144960  3.4695E-01
    1166    3.145600  3.5062E-01
    1167    3.146240  3.5447E-01
    1168    3.146880  3.5849E-01
    1169    3.147520  3.6268E-01
    1170    3.148160  3.6705E-01
    1171    3.148800  3.7158E-01
    1172    3.149440  3.7627E-01
    1173    3.150080  3.8111E-01
    1174    3.150720  3.8609E-01
    1175    3.151360  3.9120E-01
    1176    3.152000  3.9642E-01
    1177    3.152640  4.0174E-01
    1178    3.153280  4.0714E-01
    1179    3.153920  4.1260E-01
    1180    3.154560  4.1810E-01
    1181    3.155200  4.2362E-01
    1182    3.155840  4.2914E-01
    1183    3.156480  4.3463E-01
    1184    3.157120  4.4008E-01
    1185    3.157760  4.4544E-01
    1186    3.158400  4.5071E-01
    1187    3.159040  4.5585E-01
    1188    3.159680  4.6083E-01
    1189    3.160320  4.6564E-01
    1190    3.160960  4.7024E-01
    1191    3.161600  4.7461E-01
    1192    3.162240  4.7873E-01
    1193    3.162880  4.8258E-01
    1194    3.163520  4.8612E-01
    1195    3.164160  4.8935E-01
    1196    3.164800  4.9223E-01
    1197    3.165440  4.9476E-01
    1198    3.166080  4.9690E-01
    1199    3.166720  4.9866E-01
    1200    3.167360  5.0001E-01
    1201    3.168000  5.0093E-01
    1202    3.168640  5.0143E-01
    1203    3.169280  5.0148E-01
    1204    3.169920  5.0109E-01
    1205    3.170560  5.0024E-01
    1206    3.171200  4.9894E-01
    1207    3.171840  4.9718E-01
    1208    3.172480  4.9496E-01
    1209    3.173120  4.9228E-01
    1210    3.173760  4.8915E-01
    1211    3.174400  4.8556E-01
    1212    3.175040  4.8154E-01
    1213    3.175680  4.7708E-01
    1214    3.176320  4.7219E-01
    1215    3.176960  4.6690E-01
    1216    3.177600  4.6120E-01
    1217    3.178240  4.5511E-01
    1218    3.178880  4.4865E-01
    1219    3.179520  4.4183E-01
    1220    3.180160  4.3467E-01
    1221    3.180800  4.2719E-01
    1222    3.181440  4.1941E-01
    1223    3.182080  4.1134E-01
    1224    3.182720  4.0302E-01
    1225    3.183360  3.9445E-01
    1226    3.184000  3.8566E-01
    1227    3.184640  3.7667E-01
    1228    3.185280  3.6751E-01
    1229    3.185920  3.5819E-01
    1230    3.186560  3.4875E-01
    1231    3.187200  3.3920E-01
    1232    3.187840  3.2957E-01
    1233    3.188480  3.1988E-01
    1234    3.189120  3.1015E-01
    1235    3.189760  3.0040E-01
    1236    3.190400  2.9067E-01
    1237    3.191040  2.8097E-01
    1238    3.191680  2.7132E-01
    1239    3.192320  2.6175E-01
    1240    3.192960  2.5227E-01
    1241    3.193600  2.4290E-01
    1242    3.194240  2.3368E-01
    1243    3.194880  2.2461E-01
    1244    3.195520  2.1571E-01
    1245    3.196160  2.0700E-01
    1246    3.196800  1.9849E-01
    1247    3.197440  1.9021E-01
    1248    3.198080  1.8217E-01
    1249    3.198720  1.7438E-01
    1250    3.199360  1.6684E-01
    1251    3.200000  1.5959E-01
    1252    3.200640  1.5262E-01
    1253    3.201280  1.4594E-01
    1254    3.201920  1.3956E-01
    1255    3.202560  1.3350E-01
    1256    3.203200  1.2775E-01
    1257    3.203840  1.2232E-01
    1258    3.204480  1.1722E-01
    1259    3.205120  1.1245E-01
    1260    3.205760  1.0801E-01
    1261    3.206400  1.0390E-01
    1262    3.207040  1.0013E-01
    1263    3.207680  9.6692E-02
    1264    3.208320  9.3586E-02
    1265    3.208960  9.0810E-02
    1266    3.209600  8.8362E-02
    1267    3.210240  8.6238E-02
    1268    3.210880  8.4435E-02
    1269    3.211520  8.2947E-02
    1270    3.212160  8.1769E-02
    1271    3.212800  8.0896E-02
    1272    3.213440  8.0320E-02
    1273    3.214080  8.0036E-02
    1274    3.214720  8.0034E-02
    1275    3.215360  8.0308E-02
    1276    3.216000  8.0848E-02
    1277    3.216640  8.1646E-02
    1278    3.217280  8.2693E-02
    1279    3.217920  8.3980E-02
    1280    3.218560  8.5495E-02
    1281    3.219200  8.7229E-02
    1282    3.219840  8.9172E-02
    1283    3.220480  9.1313E-02
    1284    3.221120  9.3640E-02
    1285    3.221760  9.6143E-02
    1286    3.222400  9.8809E-02
    1287    3.223040  1.0163E-01
    1288    3.223680  1.0459E-01
    1289    3.224320  1.0768E-01
    1290    3.224960  1.1089E-01
    1291    3.225600  1.1420E-01
    1292    3.226240  1.1761E-01
    1293    3.226880  1.2109E-01
    1294    3.227520  1.2465E-01
    1295    3.228160  1.2827E-01
    1296    3.228800  1.3194E-01
    1297    3.229440  1.3564E-01
    1298    3.230080  1.3937E-01
    1299    3.230720  1.4312E-01
    1300    3.231360  1.4687E-01
    1301    3.232000  1.5061E-01
    1302    3.232640  1.5434E-01
    1303    3.233280  1.5805E-01
    1304    3.233920  1.6172E-01
    1305    3.234560  1.6536E-01
    1306    3.235200  1.6894E-01
    1307    3.235840  1.7247E-01
    1308    3.236480  1.7593E-01
    1309    3.237120  1.7933E-01
    1310    3.237760  1.8264E-01
    1311    3.238400  1.8588E-01
    1312    3.239040  1.8903E-01
    1313    3.239680  1.9208E-01
    1314    3.240320  1.9504E-01
    1315    3.240960  1.9791E-01
    1316    3.241600  2.0066E-01
    1317    3.242240  2.0332E-01
    1318    3.242880  2.0586E-01
    1319    3.243520  2.0830E-01
    1320    3.244160  2.1063E-01
    1321    3.244800  2.1285E-01
    1322    3.245440  2.1495E-01
    1323    3.246080  2.1695E-01
    1324    3.246720  2.1884E-01
    1325    3.247360  2.2063E-01
    1326    3.248000  2.2231E-01
    1327    3.248640  2.2389E-01
    1328    3.249280  2.2537E-01
    1329    3.249920  2.2676E-01
    1330    3.250560  2.2807E-01
    1331    3.251200  2.2930E-01
    1332    3.251840  2.3045E-01
    1333    3.252480  2.3153E-01
    1334    3.253120  2.3255E-01
    1335    3.253760  2.3353E-01
    1336    3.254400  2.3446E-01
    1337    3.255040  2.3535E-01
    1338    3.255680  2.3623E-01
    1339    3.256320  2.3709E-01
    1340    3.256960  2.3795E-01
    1341    3.257600  2.3881E-01
    1342    3.258240  2.3970E-01
    1343    3.258880  2.4061E-01
    1344    3.259520  2.4156E-01
    1345    3.260160  2.4257E-01
    1346    3.260800  2.4363E-01
    1347    3.261440  2.4475E-01
    1348    3.262080  2.4596E-01
    1349    3.262720  2.4724E-01
    1350    3.263360  2.4862E-01
    1351    3.264000  2.5009E-01
    1352    3.264640  2.5167E-01
    1353    3.265280  2.5334E-01
    1354    3.265920  2.5512E-01
    1355    3.266560  2.5701E-01
    1356    3.267200  2.5900E-01
    1357    3.267840  2.6109E-01
    1358    3.268480  2.6327E-01
    1359    3.269120  2.6554E-01
    1360    3.269760  2.6790E-01
    1361    3.270400  2.7032E-01
    1362    3.271040  2.7281E-01
    1363    3.271680  2.7534E-01
    1364    3.272320  2.7791E-01
    1365    3.272960  2.8050E-01
    1366    3.273600  2.8308E-01
    1367    3.274240  2.8566E-01
    1368    3.274880  2.8819E-01
    1369    3.275520  2.9068E-01
    1370    3.276160  2.9309E-01
    1371    3.276800  2.9541E-01
    1372    3.277440  2.9762E-01
    1373    3.278080  2.9970E-01
    1374    3.278720  3.0162E-01
    1375    3.279360  3.0338E-01
    1376    3.280000  3.0495E-01
    1377    3.280640  3.0631E-01
    1378    3.281280  3.0746E-01
    1379    3.281920  3.0837E-01
    1380    3.282560  3.0903E-01
    1381    3.283200  3.0943E-01
    1382    3.283840  3.0957E-01
    1383    3.284480  3.0943E-01
    1384    3.285120  3.0901E-01
    1385    3.285760  3.0830E-01
    1386    3.286400  3.0731E-01
    1387    3.287040  3.0603E-01
    1388    3.287680  3.0447E-01
    1389    3.288320  3.0263E-01
    1390    3.288960  3.0053E-01
    1391    3.289600  2.9816E-01
    1392    3.290240  2.9553E-01
    1393    3.290880  2.9267E-01
    1394    3.291520  2.8959E-01
    1395    3.292160  2.8629E-01
    1396    3.292800  2.8280E-01
    1397    3.293440  2.7914E-01
    1398    3.294080  2.7533E-01
    1399    3.294720  2.7138E-01
    1400    3.295360  2.6731E-01
    1401    3.296000  2.6316E-01
    1402    3.296640  2.5893E-01
    1403    3.297280  2.5466E-01
    1404    3.297920  2.5036E-01
    1405    3.298560  2.4605E-01
    1406    3.299200  2.4176E-01
    1407    3.299840  2.3752E-01
    1408    3.300480  2.3333E-01
    1409    3.301120  2.2923E-01
    1410    3.301760  2.2522E-01
    1411    3.302400  2.2134E-01
    1412    3.303040  2.1760E-01
    1413    3.303680  2.1401E-01
    1414    3.304320  2.1060E-01
    1415    3.304960  2.0738E-01
    1416    3.305600  2.0435E-01
    1417    3.306240  2.0155E-01
    1418    3.306880  1.9897E-01
    1419    3.307520  1.9663E-01
    1420    3.308160  1.9454E-01
    1421    3.308800  1.9271E-01
    1422    3.309440  1.9114E-01
    1423    3.310080  1.8984E-01
    1424    3.310720  1.8882E-01
    1425    3.311360  1.8808E-01
    1426    3.312000  1.8761E-01
    1427    3.312640  1.8743E-01
    1428    3.313280  1.8753E-01
    1429    3.313920  1.8791E-01
    1430    3.314560  1.8857E-01
    1431    3.315200  1.8950E-01
    1432    3.315840  1.9069E-01
    1433    3.316480  1.9215E-01
    1434    3.317120  1.9386E-01
    1435    3.317760  1.9581E-01
    1436    3.318400  1.9800E-01
    1437    3.319040  2.0041E-01
    1438    3.319680  2.0302E-01
    1439    3.320320  2.0584E-01
    1440    3.320960  2.0883E-01
    1441    3.321600  2.1200E-01
    1442    3.322240  2.1531E-01
    1443    3.322880  2.1876E-01
    1444    3.323520  2.2233E-01
    1445    3.324160  2.2600E-01
    1446    3.324800  2.2976E-01
    1447    3.325440  2.3358E-01
    1448    3.326080  2.3745E-01
    1449    3.326720  2.4136E-01
    1450    3.327360  2.4528E-01
    1451    3.328000  2.4919E-01
    1452    3.328640  2.5309E-01
    1453    3.329280  2.5695E-01
    1454    3.329920  2.6077E-01
    1455    3.330560  2.6452E-01
    1456    3.331200  2.6819E-01
    1457    3.331840  2.7177E-01
    1458    3.332480  2.7526E-01
    1459    3.333120  2.7863E-01
    1460    3.333760  2.8188E-01
    1461    3.334400  2.8501E-01
    1462    3.335040  2.8801E-01
    1463    3.335680  2.9087E-01
    1464    3.336320  2.9358E-01
    1465    3.336960  2.9616E-01
    1466    3.337600  2.9859E-01
    1467    3.338240  3.0088E-01
    1468    3.338880  3.0303E-01
    1469    3.339520  3.0504E-01
    1470    3.340160  3.0693E-01
    1471    3.340800  3.0868E-01
    1472    3.341440  3.1031E-01
    1473    3.342080  3.1184E-01
    1474    3.342720  3.1325E-01
    1475    3.343360  3.1458E-01
    1476    3.344000  3.1581E-01
    1477    3.344640  3.1697E-01
    1478    3.345280  3.1807E-01
    1479    3.345920  3.1911E-01
    1480    3.346560  3.2011E-01
    1481    3.347200  3.2108E-01
    1482    3.347840  3.2203E-01
    1483    3.348480  3.2297E-01
    1484    3.349120  3.2392E-01
    1485    3.349760  3.2487E-01
    1486    3.350400  3.2585E-01
    1487    3.351040  3.2687E-01
    1488    3.351680  3.2793E-01
    1489    3.352320  3.2904E-01
    1490    3.352960  3.3021E-01
    1491    3.353600  3.3146E-01
    1492    3.354240  3.3278E-01
    1493    3.354880  3.3418E-01
    1494    3.355520  3.3568E-01
    1495    3.356160  3.3727E-01
    1496    3.356800  3.3896E-01
    1497    3.357440  3.4075E-01
    1498    3.358080  3.4265E-01
    1499    3.358720  3.4466E-01
    1500    3.359360  3.4678E-01
    1501    3.360000  3.4901E-01
    1502    3.360640  3.5136E-01
    1503    3.361280  3.5381E-01
    1504    3.361920  3.5639E-01
    1505    3.362560  3.5907E-01
    1506    3.363200  3.6186E-01
    1507    3.363840  3.6476E-01
    1508    3.364480  3.6777E-01
    1509    3.365120  3.7088E-01
    1510    3.365760  3.7409E-01
    1511    3.366400  3.7740E-01
    1512    3.367040  3.8080E-01
    1513    3.367680  3.8429E-01
    1514    3.368320  3.8786E-01
    1515    3.368960  3.9151E-01
    1516    3.369600  3.9524E-01
    1517    3.370240  3.9903E-01
    1518    3.370880  4.0290E-01
    1519    3.371520  4.0682E-01
    1520    3.372160  4.1080E-01
    1521    3.372800  4.1483E-01
    1522    3.373440  4.1890E-01
    1523    3.374080  4.2301E-01
    1524    3.374720  4.2715E-01
    1525    3.375360  4.3132E-01
    1526    3.376000  4.3551E-01
    1527    3.376640  4.3971E-01
    1528    3.377280  4.4393E-01
    1529    3.377920  4.4814E-01
    1530    3.378560  4.5235E-01
    1531    3.379200  4.5655E-01
    1532    3.379840  4.6073E-01
    1533    3.380480  4.6488E-01
    1534    3.381120  4.6901E-01
    1535    3.381760  4.7309E-01
    1536    3.382400  4.7714E-01
    1537    3.383040  4.8113E-01
    1538    3.383680  4.8506E-01
    1539    3.384320  4.8893E-01
    1540    3.384960  4.9274E-01
    1541    3.385600  4.9646E-01
    1542    3.386240  5.0011E-01
    1543    3.386880  5.0367E-01
    1544    3.387520  5.0715E-01
    1545    3.388160  5.1053E-01
    1546    3.388800  5.1382E-01
    1547    3.389440  5.1701E-01
    1548    3.390080  5.2010E-01
    1549    3.390720  5.2309E-01
    1550    3.391360  5.2598E-01
    1551    3.392000  5.2877E-01
    1552    3.392640  5.3147E-01
    1553    3.393280  5.3406E-01
    1554    3.393920  5.3657E-01
    1555    3.394560  5.3899E-01
    1556    3.395200  5.4133E-01
    1557    3.395840  5.4359E-01
    1558    3.396480  5.4579E-01
    1559    3.397120  5.4792E-01
    1560    3.397760  5.4999E-01
    1561    3.398400  5.5203E-01
    1562    3.399040  5.5402E-01
    1563    3.399680  5.5599E-01
    1564    3.400320  5.5794E-01
    1565    3.400960  5.5988E-01
    1566    3.401600  5.6182E-01
    1567    3.402240  5.6378E-01
    1568    3.402880  5.6575E-01
    1569    3.403520  5.6776E-01
    1570    3.404160  5.6980E-01
    1571    3.404800  5.7189E-01
    1572    3.405440  5.7403E-01
    1573    3.406080  5.7624E-01
    1574    3.406720  5.7851E-01
    1575    3.407360  5.8085E-01
    1576    3.408000  5.8326E-01
    1577    3.408640  5.8576E-01
    1578    3.409280  5.8833E-01
    1579    3.409920  5.9099E-01
    1580    3.410560  5.9372E-01
    1581    3.411200  5.9653E-01
    1582    3.411840  5.9943E-01
    1583    3.412480  6.0239E-01
    1584    3.413120  6.0543E-01
    1585    3.413760  6.0853E-01
    1586    3.414400  6.1169E-01
    1587    3.415040  6.1491E-01
    1588    3.415680  6.1817E-01
    1589    3.416320  6.2147E-01
    1590    3.416960  6.2481E-01
    1591    3.417600  6.2816E-01
    1592    3.418240  6.3154E-01
    1593    3.418880  6.3492E-01
    1594    3.419520  6.3829E-01
    1595    3.420160  6.4166E-01
    1596    3.420800  6.4502E-01
    1597    3.421440  6.4834E-01
    1598    3.422080  6.5164E-01
    1599    3.422720  6.5489E-01
    1600    3.423360  6.5810E-01
    1601    3.424000  6.6126E-01
    1602    3.424640  6.6436E-01
    1603    3.425280  6.6740E-01
    1604    3.425920  6.7037E-01
    1605    3.426560  6.7327E-01
    1606    3.427200  6.7610E-01
    1607    3.427840  6.7885E-01
    1608    3.428480  6.8152E-01
    1609    3.429120  6.8411E-01
    1610    3.429760  6.8663E-01
    1611    3.430400  6.8906E-01
    1612    3.431040  6.9141E-01
    1613    3.431680  6.9367E-01
    1614    3.432320  6.9586E-01
    1615    3.432960  6.9797E-01
    1616    3.433600  7.0000E-01
    1617    3.434240  7.0195E-01
    1618    3.434880  7.0383E-01
    1619    3.435520  7.0564E-01
    1620    3.436160  7.0738E-01
    1621    3.436800  7.0904E-01
    1622    3.437440  7.1065E-01
    1623    3.438080  7.1219E-01
    1624    3.438720  7.1367E-01
    1625    3.439360  7.1510E-01
    1626    3.440000  7.1647E-01
    1627    3.440640  7.1779E-01
    1628    3.441280  7.1906E-01
    1629    3.441920  7.2029E-01
    1630    3.442560  7.2147E-01
    1631    3.443200  7.2261E-01
    1632    3.443840  7.2371E-01
    1633    3.444480  7.2479E-01
    1634    3.445120  7.2583E-01
    1635    3.445760  7.2684E-01
    1636    3.446400  7.2782E-01
    1637    3.447040  7.2878E-01
    1638    3.447680  7.2972E-01
    1639    3.448320  7.3065E-01
    1640    3.448960  7.3155E-01
    1641    3.449600  7.3245E-01
    1642    3.450240  7.3333E-01
    1643    3.450880  7.3421E-01
    1644    3.451520  7.3508E-01
    1645    3.452160  7.3595E-01
    1646    3.452800  7.3681E-01
    1647    3.453440  7.3768E-01
    1648    3.454080  7.3854E-01
    1649    3.454720  7.3941E-01
    1650    3.455360  7.4028E-01
    1651    3.456000  7.4116E-01
    1652    3.456640  7.4205E-01
    1653    3.457280  7.4294E-01
    1654    3.457920  7.4383E-01
    1655    3.458560  7.4474E-01
    1656    3.459200  7.4565E-01
    1657    3.459840  7.4658E-01
    1658    3.460480  7.4751E-01
    1659    3.461120  7.4844E-01
    1660    3.461760  7.4939E-01
    1661    3.462400  7.5034E-01
    1662    3.463040  7.5130E-01
    1663    3.463680  7.5226E-01
    1664    3.464320  7.5322E-01
    1665    3.464960  7.5419E-01
    1666    3.465600  7.5516E-01
    1667    3.466240  7.5614E-01
    1668    3.466880  7.5711E-01
    1669    3.467520  7.5808E-01
    1670    3.468160  7.5904E-01
    1671    3.468800  7.6001E-01
    1672    3.469440  7.6096E-01
    1673    3.470080  7.6191E-01
    1674    3.470720  7.6286E-01
    1675    3.471360  7.6379E-01
    1676    3.472000  7.6471E-01
    1677    3.472640  7.6563E-01
    1678    3.473280  7.6653E-01
    1679    3.473920  7.6742E-01
    1680    3.474560  7.6830E-01
    1681    3.475200  7.6916E-01
    1682    3.475840  7.7000E-01
    1683    3.476480  7.7084E-01
    1684    3.477120  7.7165E-01
    1685    3.477760  7.7245E-01
    1686    3.478400  7.7324E-01
    1687    3.479040  7.7401E-01
    1688    3.479680  7.7476E-01
    1689    3.480320  7.7550E-01
    1690    3.480960  7.7622E-01
    1691    3.481600  7.7692E-01
    1692    3.482240  7.7761E-01
    1693    3.482880  7.7829E-01
    1694    3.483520  7.7894E-01
    1695    3.484160  7.7959E-01
    1696    3.484800  7.8022E-01
    1697    3.485440  7.8084E-01
    1698    3.486080  7.8144E-01
    1699    3.486720  7.8203E-01
    1700    3.487360  7.8261E-01
    1701    3.488000  7.8317E-01
    1702    3.488640  7.8373E-01
    1703    3.489280  7.8427E-01
    1704    3.489920  7.8480E-01
    1705    3.490560  7.8532E-01
    1706    3.491200  7.8583E-01
    1707    3.491840  7.8633E-01
    1708    3.492480  7.8681E-01
    1709    3.493120  7.8729E-01
    1710    3.493760  7.8775E-01
    1711    3.494400  7.8820E-01
    1712    3.495040  7.8864E-01
    1713    3.495680  7.8906E-01
    1714    3.496320  7.8947E-01
    1715    3.496960  7.8985E-01
    1716    3.497600  7.9022E-01
    1717    3.498240  7.9058E-01
    1718    3.498880  7.9090E-01
    1719    3.499520  7.9121E-01
    1720    3.500160  7.9149E-01
    1721    3.500800  7.9173E-01
    1722    3.501440  7.9195E-01
    1723    3.502080  7.9214E-01
    1724    3.502720  7.9228E-01
    1725    3.503360  7.9239E-01
    1726    3.504000  7.9245E-01
    1727    3.504640  7.9247E-01
    1728    3.505280  7.9244E-01
    1729    3.505920  7.9235E-01
    1730    3.506560  7.9221E-01
    1731    3.507200  7.9201E-01
    1732    3.507840  7.9174E-01
    1733    3.508480  7.9141E-01
    1734    3.509120  7.9101E-01
    1735    3.509760  7.9054E-01
    1736    3.510400  7.8999E-01
    1737    3.511040  7.8936E-01
    1738    3.511680  7.8865E-01
    1739    3.512320  7.8785E-01
    1740    3.512960  7.8697E-01
    1741    3.513600  7.8600E-01
    1742    3.514240  7.8494E-01
    1743    3.514880  7.8379E-01
    1744    3.515520  7.8254E-01
    1745    3.516160  7.8121E-01
    1746    3.516800  7.7978E-01
    1747    3.517440  7.7825E-01
    1748    3.518080  7.7664E-01
    1749    3.518720  7.7493E-01
    1750    3.519360  7.7314E-01
    1751    3.520000  7.7125E-01
    1752    3.520640  7.6929E-01
    1753    3.521280  7.6724E-01
    1754    3.521920  7.6512E-01
    1755    3.522560  7.6293E-01
    1756    3.523200  7.6066E-01
    1757    3.523840  7.5834E-01
    1758    3.524480  7.5596E-01
    1759    3.525120  7.5353E-01
    1760    3.525760  7.5106E-01
    1761    3.526400  7.4855E-01
    1762    3.527040  7.4602E-01
    1763    3.527680  7.4346E-01
    1764    3.528320  7.4090E-01
    1765    3.528960  7.3833E-01
    1766    3.529600  7.3577E-01
    1767    3.530240  7.3322E-01
    1768    3.530880  7.3069E-01
    1769    3.531520  7.2819E-01
    1770    3.532160  7.2574E-01
    1771    3.532800  7.2334E-01
    1772    3.533440  7.2099E-01
    1773    3.534080  7.1871E-01
    1774    3.534720  7.1650E-01
    1775    3.535360  7.1437E-01
    1776    3.536000  7.1233E-01
    1777    3.536640  7.1039E-01
    1778    3.537280  7.0855E-01
    1779    3.537920  7.0681E-01
    1780    3.538560  7.0518E-01
    1781    3.539200  7.0367E-01
    1782    3.539840  7.0228E-01
    1783    3.540480  7.0100E-01
    1784    3.541120  6.9985E-01
    1785    3.541760  6.9883E-01
    1786    3.542400  6.9793E-01
    1787    3.543040  6.9715E-01
    1788    3.543680  6.9650E-01
    1789    3.544320  6.9597E-01
    1790    3.544960  6.9555E-01
    1791    3.545600  6.9526E-01
    1792    3.546240  6.9507E-01
    1793    3.546880  6.9499E-01
    1794    3.547520  6.9502E-01
    1795    3.548160  6.9514E-01
    1796    3.548800  6.9535E-01
    1797    3.549440  6.9565E-01
    1798    3.550080  6.9602E-01
    1799    3.550720  6.9647E-01
    1800    3.551360  6.9698E-01
    1801    3.552000  6.9755E-01
    1802    3.552640  6.9816E-01
    1803    3.553280  6.9882E-01
    1804    3.553920  6.9951E-01
    1805    3.554560  7.0023E-01
    1806    3.555200  7.0097E-01
    1807    3.555840  7.0172E-01
    1808    3.556480  7.0248E-01
    1809    3.557120  7.0324E-01
    1810    3.557760  7.0399E-01
    1811    3.558400  7.0473E-01
    1812    3.559040  7.0545E-01
    1813    3.559680  7.0615E-01
    1814    3.560320  7.0682E-01
    1815    3.560960  7.0746E-01
    1816    3.561600  7.0807E-01
    1817    3.562240  7.0864E-01
    1818    3.562880  7.0917E-01
    1819    3.563520  7.0966E-01
    1820    3.564160  7.1010E-01
    1821    3.564800  7.1050E-01
    1822    3.565440  7.1085E-01
    1823    3.566080  7.1116E-01
    1824    3.566720  7.1142E-01
    1825    3.567360  7.1164E-01
    1826    3.568000  7.1181E-01
    1827    3.568640  7.1194E-01
    1828    3.569280  7.1203E-01
    1829    3.569920  7.1209E-01
    1830    3.570560  7.1211E-01
    1831    3.571200  7.1210E-01
    1832    3.571840  7.1205E-01
    1833    3.572480  7.1199E-01
    1834    3.573120  7.1190E-01
    1835    3.573760  7.1179E-01
    1836    3.574400  7.1167E-01
    1837    3.575040  7.1153E-01
    1838    3.575680  7.1139E-01
    1839    3.576320  7.1125E-01
    1840    3.576960  7.1111E-01
    1841    3.577600  7.1097E-01
    1842    3.578240  7.1084E-01
    1843    3.578880  7.1073E-01
    1844    3.579520  7.1063E-01
    1845    3.580160  7.1056E-01
    1846    3.580800  7.1051E-01
    1847    3.581440  7.1049E-01
    1848    3.582080  7.1050E-01
    1849    3.582720  7.1054E-01
    1850    3.583360  7.1062E-01
    1851    3.584000  7.1075E-01
    1852    3.584640  7.1091E-01
    1853    3.585280  7.1113E-01
    1854    3.585920  7.1139E-01
    1855    3.586560  7.1169E-01
    1856    3.587200  7.1205E-01
    1857    3.587840  7.1246E-01
    1858    3.588480  7.1292E-01
    1859    3.589120  7.1344E-01
    1860    3.589760  7.1401E-01
    1861    3.590400  7.1463E-01
    1862    3.591040  7.1531E-01
    1863    3.591680  7.1604E-01
    1864    3.592320  7.1682E-01
    1865    3.592960  7.1765E-01
    1866    3.593600  7.1853E-01
    1867    3.594240  7.1946E-01
    1868    3.594880  7.2044E-01
    1869    3.595520  7.2146E-01
    1870    3.596160  7.2253E-01
    1871    3.596800  7.2364E-01
    1872    3.597440  7.2480E-01
    1873    3.598080  7.2599E-01
    1874    3.598720  7.2721E-01
    1875    3.599360  7.2848E-01
    1876    3.600000  7.2977E-01
    1877    3.600640  7.3109E-01
    1878    3.601280  7.3245E-01
    1879    3.601920  7.3382E-01
    1880    3.602560  7.3523E-01
    1881    3.603200  7.3665E-01
    1882    3.603840  7.3810E-01
    1883    3.604480  7.3956E-01
    1884    3.605120  7.4104E-01
    1885    3.605760  7.4253E-01
    1886    3.606400  7.4404E-01
    1887    3.607040  7.4555E-01
    1888    3.607680  7.4708E-01
    1889    3.608320  7.4861E-01
    1890    3.608960  7.5015E-01
    1891    3.609600  7.5170E-01
    1892    3.610240  7.5325E-01
    1893    3.610880  7.5479E-01
    1894    3.611520  7.5634E-01
    1895    3.612160  7.5789E-01
    1896    3.612800  7.5944E-01
    1897    3.613440  7.6098E-01
    1898    3.614080  7.6252E-01
    1899    3.614720  7.6405E-01
    1900    3.615360  7.6558E-01
    1901    3.616000  7.6710E-01
    1902    3.616640  7.6861E-01
    1903    3.617280  7.7011E-01
    1904    3.617920  7.7160E-01
    1905    3.618560  7.7308E-01
    1906    3.619200  7.7455E-01
    1907    3.619840  7.7600E-01
    1908    3.620480  7.7744E-01
    1909    3.621120  7.7887E-01
    1910    3.621760  7.8028E-01
    1911    3.622400  7.8168E-01
    1912    3.623040  7.8306E-01
    1913    3.623680  7.8443E-01
    1914    3.624320  7.8578E-01
    1915    3.624960  7.8711E-01
    1916    3.625600  7.8843E-01
    1917    3.626240  7.8972E-01
    1918    3.626880  7.9100E-01
    1919    3.627520  7.9226E-01
    1920    3.628160  7.9350E-01
    1921    3.628800  7.9472E-01
    1922    3.629440  7.9591E-01
    1923    3.630080  7.9708E-01
    1924    3.630720  7.9823E-01
    1925    3.631360  7.9935E-01
    1926    3.632000  8.0045E-01
    1927    3.632640  8.0151E-01
    1928    3.633280  8.0254E-01
    1929    3.633920  8.0354E-01
    1930    3.634560  8.0451E-01
    1931    3.635200  8.0543E-01
    1932    3.635840  8.0632E-01
    1933    3.636480  8.0715E-01
    1934    3.637120  8.0794E-01
    1935    3.637760  8.0868E-01
    1936    3.638400  8.0936E-01
    1937    3.639040  8.0998E-01
    1938    3.639680  8.1054E-01
    1939    3.640320  8.1103E-01
    1940    3.640960  8.1144E-01
    1941    3.641600  8.1178E-01
    1942    3.642240  8.1203E-01
    1943    3.642880  8.1220E-01
    1944    3.643520  8.1227E-01
    1945    3.644160  8.1225E-01
    1946    3.644800  8.1212E-01
    1947    3.645440  8.1188E-01
    1948    3.646080  8.1154E-01
    1949    3.646720  8.1107E-01
    1950    3.647360  8.1049E-01
    1951    3.648000  8.0978E-01
    1952    3.648640  8.0894E-01
    1953    3.649280  8.0798E-01
    1954    3.649920  8.0688E-01
    1955    3.650560  8.0564E-01
    1956    3.651200  8.0426E-01
    1957    3.651840  8.0275E-01
    1958    3.652480  8.0110E-01
    1959    3.653120  7.9931E-01
    1960    3.653760  7.9738E-01
    1961    3.654400  7.9532E-01
    1962    3.655040  7.9312E-01
    1963    3.655680  7.9080E-01
    1964    3.656320  7.8835E-01
    1965    3.656960  7.8578E-01
    1966    3.657600  7.8310E-01
    1967    3.658240  7.8032E-01
    1968    3.658880  7.7744E-01
    1969    3.659520  7.7447E-01
    1970    3.660160  7.7143E-01
    1971    3.660800  7.6831E-01
    1972    3.661440  7.6515E-01
    1973    3.662080  7.6194E-01
    1974    3.662720  7.5870E-01
    1975    3.663360  7.5545E-01
    1976    3.664000  7.5219E-01
    1977    3.664640  7.4895E-01
    1978    3.665280  7.4573E-01
    1979    3.665920  7.4256E-01
    1980    3.666560  7.3945E-01
    1981    3.667200  7.3641E-01
    1982    3.667840  7.3345E-01
    1983    3.668480  7.3060E-01
    1984    3.669120  7.2787E-01
    1985    3.669760  7.2527E-01
    1986    3.670400  7.2282E-01
    1987    3.671040  7.2053E-01
    1988    3.671680  7.1840E-01
    1989    3.672320  7.1646E-01
    1990    3.672960  7.1471E-01
    1991    3.673600  7.1315E-01
    1992    3.674240  7.1181E-01
    1993    3.674880  7.1068E-01
    1994    3.675520  7.0977E-01
    1995    3.676160  7.0909E-01
    1996    3.676800  7.0863E-01
    1997    3.677440  7.0840E-01
    1998    3.678080  7.0840E-01
    1999    3.678720  7.0862E-01
    2000    3.679360  7.0906E-01
    2001    3.680000  7.0973E-01
    2002    3.680640  7.1060E-01
    2003    3.681280  7.1168E-01
    2004    3.681920  7.1296E-01
    2005    3.682560  7.1442E-01
    2006    3.683200  7.1606E-01
    2007    3.683840  7.1787E-01
    2008    3.684480  7.1983E-01
    2009    3.685120  7.2193E-01
    2010    3.685760  7.2416E-01
    2011    3.686400  7.2650E-01
    2012    3.687040  7.2894E-01
    2013    3.687680  7.3146E-01
    2014    3.688320  7.3405E-01
    2015    3.688960  7.3669E-01
    2016    3.689600  7.3938E-01
    2017    3.690240  7.4209E-01
    2018    3.690880  7.4480E-01
    2019    3.691520  7.4752E-01
    2020    3.692160  7.5022E-01
    2021    3.692800  7.5288E-01
    2022    3.693440  7.5551E-01
    2023    3.694080  7.5808E-01
    2024    3.694720  7.6059E-01
    2025    3.695360  7.6302E-01
    2026    3.696000  7.6537E-01
    2027    3.696640  7.6763E-01
    2028    3.697280  7.6979E-01
    2029    3.697920  7.7184E-01
    2030    3.698560  7.7379E-01
    2031    3.699200  7.7562E-01
    2032    3.699840  7.7734E-01
    2033    3.700480  7.7894E-01
    2034    3.701120  7.8042E-01
    2035    3.701760  7.8178E-01
    2036    3.702400  7.8302E-01
    2037    3.703040  7.8413E-01
    2038    3.703680  7.8513E-01
    2039    3.704320  7.8602E-01
    2040    3.704960  7.8679E-01
    2041    3.705600  7.8746E-01
    2042    3.706240  7.8801E-01
    2043    3.706880  7.8847E-01
    2044    3.707520  7.8883E-01
    2045    3.708160  7.8910E-01
    2046    3.708800  7.8929E-01
    2047    3.709440  7.8939E-01
    2048    3.710080  7.8941E-01
    2049    3.710720  7.8937E-01
    2050    3.711360  7.8925E-01
    2051    3.712000  7.8908E-01
    2052    3.712640  7.8885E-01
    2053    3.713280  7.8856E-01
    2054    3.713920  7.8823E-01
    2055    3.714560  7.8786E-01
    2056    3.715200  7.8745E-01
    2057    3.715840  7.8700E-01
    2058    3.716480  7.8652E-01
    2059    3.717120  7.8601E-01
    2060    3.717760  7.8548E-01
    2061    3.718400  7.8492E-01
    2062    3.719040  7.8435E-01
    2063    3.719680  7.8375E-01
    2064    3.720320  7.8315E-01
    2065    3.720960  7.8252E-01
    2066    3.721600  7.8189E-01
    2067    3.722240  7.8124E-01
    2068    3.722880  7.8058E-01
    2069    3.723520  7.7992E-01
    2070    3.724160  7.7925E-01
    2071    3.724800  7.7857E-01
    2072    3.725440  7.7789E-01
    2073    3.726080  7.7720E-01
    2074    3.726720  7.7650E-01
    2075    3.727360  7.7581E-01
    2076    3.728000  7.7510E-01
    2077    3.728640  7.7440E-01
    2078    3.729280  7.7369E-01
    2079    3.729920  7.7297E-01
    2080    3.730560  7.7226E-01
    2081    3.731200  7.7154E-01
    2082    3.731840  7.7081E-01
    2083    3.732480  7.7008E-01
    2084    3.733120  7.6935E-01
    2085    3.733760  7.6861E-01
    2086    3.734400  7.6787E-01
    2087    3.735040  7.6712E-01
    2088    3.735680  7.6637E-01
    2089    3.736320  7.6560E-01
    2090    3.736960  7.6484E-01
    2091    3.737600  7.6406E-01
    2092    3.738240  7.6327E-01
    2093    3.738880  7.6248E-01
    2094    3.739520  7.6167E-01
    2095    3.740160  7.6086E-01
    2096    3.740800  7.6004E-01
    2097    3.741440  7.5920E-01
    2098    3.742080  7.5835E-01
    2099    3.742720  7.5750E-01
    2100    3.743360  7.5663E-01
    2101    3.744000  7.5576E-01
    2102    3.744640  7.5487E-01
    2103    3.745280  7.5397E-01
    2104    3.745920  7.5307E-01
    2105    3.746560  7.5216E-01
    2106    3.747200  7.5125E-01
    2107    3.747840  7.5033E-01
    2108    3.748480  7.4941E-01
    2109    3.749120  7.4849E-01
    2110    3.749760  7.4758E-01
    2111    3.750400  7.4667E-01
    2112    3.751040  7.4576E-01
    2113    3.751680  7.4487E-01
    2114    3.752320  7.4399E-01
    2115    3.752960  7.4313E-01
    2116    3.753600  7.4229E-01
    2117    3.754240  7.4147E-01
    2118    3.754880  7.4067E-01
    2119    3.755520  7.3991E-01
    2120    3.756160  7.3917E-01
    2121    3.756800  7.3847E-01
    2122    3.757440  7.3781E-01
    2123    3.758080  7.3718E-01
    2124    3.758720  7.3660E-01
    2125    3.759360  7.3605E-01
    2126    3.760000  7.3556E-01
    2127    3.760640  7.3511E-01
    2128    3.761280  7.3471E-01
    2129    3.761920  7.3435E-01
    2130    3.762560  7.3405E-01
    2131    3.763200  7.3379E-01
    2132    3.763840  7.3359E-01
    2133    3.764480  7.3343E-01
    2134    3.765120  7.3332E-01
    2135    3.765760  7.3325E-01
    2136    3.766400  7.3324E-01
    2137    3.767040  7.3326E-01
    2138    3.767680  7.3333E-01
    2139    3.768320  7.3344E-01
    2140    3.768960  7.3359E-01
    2141    3.769600  7.3377E-01
    2142    3.770240  7.3399E-01
    2143    3.770880  7.3424E-01
    2144    3.771520  7.3452E-01
    2145    3.772160  7.3482E-01
    2146    3.772800  7.3515E-01
    2147    3.773440  7.3550E-01
    2148    3.774080  7.3587E-01
    2149    3.774720  7.3625E-01
    2150    3.775360  7.3665E-01
    2151    3.776000  7.3706E-01
    2152    3.776640  7.3749E-01
    2153    3.777280  7.3792E-01
    2154    3.777920  7.3836E-01
    2155    3.778560  7.3880E-01
    2156    3.779200  7.3925E-01
    2157    3.779840  7.3970E-01
    2158    3.780480  7.4015E-01
    2159    3.781120  7.4060E-01
    2160    3.781760  7.4105E-01
    2161    3.782400  7.4150E-01
    2162    3.783040  7.4195E-01
    2163    3.783680  7.4239E-01
    2164    3.784320  7.4283E-01
    2165    3.784960  7.4327E-01
    2166    3.785600  7.4370E-01
    2167    3.786240  7.4412E-01
    2168    3.786880  7.4453E-01
    2169    3.787520  7.4494E-01
    2170    3.788160  7.4533E-01
    2171    3.788800  7.4572E-01
    2172    3.789440  7.4609E-01
    2173    3.790080  7.4645E-01
    2174    3.790720  7.4680E-01
    2175    3.791360  7.4714E-01
    2176    3.792000  7.4746E-01
    2177    3.792640  7.4776E-01
    2178    3.793280  7.4805E-01
    2179    3.793920  7.4832E-01
    2180    3.794560  7.4857E-01
    2181    3.795200  7.4880E-01
    2182    3.795840  7.4900E-01
    2183    3.796480  7.4919E-01
    2184    3.797120  7.4935E-01
    2185    3.797760  7.4950E-01
    2186    3.798400  7.4962E-01
    2187    3.799040  7.4971E-01
    2188    3.799680  7.4979E-01
    2189    3.800320  7.4984E-01
    2190    3.800960  7.4987E-01
    2191    3.801600  7.4988E-01
    2192    3.802240  7.4987E-01
    2193    3.802880  7.4983E-01
    2194    3.803520  7.4978E-01
    2195    3.804160  7.4972E-01
    2196    3.804800  7.4964E-01
    2197    3.805440  7.4954E-01
    2198    3.806080  7.4943E-01
    2199    3.806720  7.4931E-01
    2200    3.807360  7.4917E-01
    2201    3.808000  7.4903E-01
    2202    3.808640  7.4889E-01
    2203    3.809280  7.4873E-01
    2204    3.809920  7.4858E-01
    2205    3.810560  7.4841E-01
    2206    3.811200  7.4825E-01
    2207    3.811840  7.4809E-01
    2208    3.812480  7.4792E-01
    2209    3.813120  7.4775E-01
    2210    3.813760  7.4759E-01
    2211    3.814400  7.4742E-01
    2212    3.815040  7.4726E-01
    2213    3.815680  7.4709E-01
    2214    3.816320  7.4693E-01
    2215    3.816960  7.4676E-01
    2216    3.817600  7.4659E-01
    2217    3.818240  7.4642E-01
    2218    3.818880  7.4625E-01
    2219    3.819520  7.4607E-01
    2220    3.820160  7.4589E-01
    2221    3.820800  7.4570E-01
    2222    3.821440  7.4551E-01
    2223    3.822080  7.4531E-01
    2224    3.822720  7.4510E-01
    2225    3.823360  7.4488E-01
    2226    3.824000  7.4465E-01
    2227    3.824640  7.4441E-01
    2228    3.825280  7.4416E-01
    2229    3.825920  7.4389E-01
    2230    3.826560  7.4362E-01
    2231    3.827200  7.4333E-01
    2232    3.827840  7.4303E-01
    2233    3.828480  7.4272E-01
    2234    3.829120  7.4239E-01
    2235    3.829760  7.4205E-01
    2236    3.830400  7.4170E-01
    2237    3.831040  7.4133E-01
    2238    3.831680  7.4096E-01
    2239    3.832320  7.4057E-01
    2240    3.832960  7.4017E-01
    2241    3.833600  7.3976E-01
    2242    3.834240  7.3934E-01
    2243    3.834880  7.3890E-01
    2244    3.835520  7.3845E-01
    2245    3.836160  7.3799E-01
    2246    3.836800  7.3752E-01
    2247    3.837440  7.3704E-01
    2248    3.838080  7.3654E-01
    2249    3.838720  7.3602E-01
    2250    3.839360  7.3549E-01
    2251    3.840000  7.3495E-01
    2252    3.840640  7.3438E-01
    2253    3.841280  7.3380E-01
    2254    3.841920  7.3319E-01
    2255    3.842560  7.3256E-01
    2256    3.843200  7.3190E-01
    2257    3.843840  7.3122E-01
    2258    3.844480  7.3051E-01
    2259    3.845120  7.2977E-01
    2260    3.845760  7.2900E-01
    2261    3.846400  7.2819E-01
    2262    3.847040  7.2734E-01
    2263    3.847680  7.2646E-01
    2264    3.848320  7.2554E-01
    2265    3.848960  7.2457E-01
    2266    3.849600  7.2356E-01
    2267    3.850240  7.2251E-01
    2268    3.850880  7.2141E-01
    2269    3.851520  7.2027E-01
    2270    3.852160  7.1908E-01
    2271    3.852800  7.1785E-01
    2272    3.853440  7.1656E-01
    2273    3.854080  7.1523E-01
    2274    3.854720  7.1385E-01
    2275    3.855360  7.1243E-01
    2276    3.856000  7.1096E-01
    2277    3.856640  7.0945E-01
    2278    3.857280  7.0790E-01
    2279    3.857920  7.0630E-01
    2280    3.858560  7.0467E-01
    2281    3.859200  7.0300E-01
    2282    3.859840  7.0130E-01
    2283    3.860480  6.9957E-01
    2284    3.861120  6.9781E-01
    2285    3.861760  6.9603E-01
    2286    3.862400  6.9422E-01
    2287    3.863040  6.9241E-01
    2288    3.863680  6.9057E-01
    2289    3.864320  6.8874E-01
    2290    3.864960  6.8689E-01
    2291    3.865600  6.8505E-01
    2292    3.866240  6.8322E-01
    2293    3.866880  6.8139E-01
    2294    3.867520  6.7958E-01
    2295    3.868160  6.7779E-01
    2296    3.868800  6.7603E-01
    2297    3.869440  6.7430E-01
    2298    3.870080  6.7260E-01
    2299    3.870720  6.7094E-01
    2300    3.871360  6.6932E-01
    2301    3.872000  6.6776E-01
    2302    3.872640  6.6625E-01
    2303    3.873280  6.6479E-01
    2304    3.873920  6.6340E-01
    2305    3.874560  6.6207E-01
    2306    3.875200  6.6082E-01
    2307    3.875840  6.5963E-01
    2308    3.876480  6.5852E-01
    2309    3.877120  6.5749E-01
    2310    3.877760  6.5654E-01
    2311    3.878400  6.5567E-01
    2312    3.879040  6.5489E-01
    2313    3.879680  6.5418E-01
    2314    3.880320  6.5356E-01
    2315    3.880960  6.5303E-01
    2316    3.881600  6.5258E-01
    2317    3.882240  6.5220E-01
    2318    3.882880  6.5192E-01
    2319    3.883520  6.5170E-01
    2320    3.884160  6.5157E-01
    2321    3.884800  6.5151E-01
    2322    3.885440  6.5151E-01
    2323    3.886080  6.5159E-01
    2324    3.886720  6.5172E-01
    2325    3.887360  6.5191E-01
    2326    3.888000  6.5215E-01
    2327    3.888640  6.5244E-01
    2328    3.889280  6.5278E-01
    2329    3.889920  6.5314E-01
    2330    3.890560  6.5354E-01
    2331    3.891200  6.5397E-01
    2332    3.891840  6.5441E-01
    2333    3.892480  6.5487E-01
    2334    3.893120  6.5533E-01
    2335    3.893760  6.5580E-01
    2336    3.894400  6.5626E-01
    2337    3.895040  6.5672E-01
    2338    3.895680  6.5716E-01
    2339    3.896320  6.5758E-01
    2340    3.896960  6.5798E-01
    2341    3.897600  6.5835E-01
    2342    3.898240  6.5869E-01
    2343    3.898880  6.5899E-01
    2344    3.899520  6.5926E-01
    2345    3.900160  6.5949E-01
    2346    3.900800  6.5968E-01
    2347    3.901440  6.5982E-01
    2348    3.902080  6.5992E-01
    2349    3.902720  6.5997E-01
    2350    3.903360  6.5998E-01
    2351    3.904000  6.5994E-01
    2352    3.904640  6.5986E-01
    2353    3.905280  6.5973E-01
    2354    3.905920  6.5956E-01
    2355    3.906560  6.5935E-01
    2356    3.907200  6.5910E-01
    2357    3.907840  6.5881E-01
    2358    3.908480  6.5849E-01
    2359    3.909120  6.5814E-01
    2360    3.909760  6.5776E-01
    2361    3.910400  6.5736E-01
    2362    3.911040  6.5694E-01
    2363    3.911680  6.5650E-01
    2364    3.912320  6.5604E-01
    2365    3.912960  6.5558E-01
    2366    3.913600  6.5511E-01
    2367    3.914240  6.5464E-01
    2368    3.914880  6.5417E-01
    2369    3.915520  6.5370E-01
    2370    3.916160  6.5324E-01
    2371    3.916800  6.5279E-01
    2372    3.917440  6.5235E-01
    2373    3.918080  6.5193E-01
    2374    3.918720  6.5153E-01
    2375    3.919360  6.5115E-01
    2376    3.920000  6.5079E-01
    2377    3.920640  6.5046E-01
    2378    3.921280  6.5015E-01
    2379    3.921920  6.4987E-01
    2380    3.922560  6.4962E-01
    2381    3.923200  6.4940E-01
    2382    3.923840  6.4920E-01
    2383    3.924480  6.4904E-01
    2384    3.925120  6.4890E-01
    2385    3.925760  6.4880E-01
    2386    3.926400  6.4872E-01
    2387    3.927040  6.4867E-01
    2388    3.927680  6.4865E-01
    2389    3.928320  6.4866E-01
    2390    3.928960  6.4869E-01
    2391    3.929600  6.4874E-01
    2392    3.930240  6.4882E-01
    2393    3.930880  6.4892E-01
    2394    3.931520  6.4903E-01
    2395    3.932160  6.4917E-01
    2396    3.932800  6.4932E-01
    2397    3.933440  6.4948E-01
    2398    3.934080  6.4966E-01
    2399    3.934720  6.4985E-01
    2400    3.935360  6.5004E-01
    2401    3.936000  6.5024E-01
    2402    3.936640  6.5045E-01
    2403    3.937280  6.5066E-01
    2404    3.937920  6.5087E-01
    2405    3.938560  6.5108E-01
    2406    3.939200  6.5128E-01
    2407    3.939840  6.5148E-01
    2408    3.940480  6.5168E-01
    2409    3.941120  6.5187E-01
    2410    3.941760  6.5204E-01
    2411    3.942400  6.5221E-01
    2412    3.943040  6.5236E-01
    2413    3.943680  6.5250E-01
    2414    3.944320  6.5262E-01
    2415    3.944960  6.5273E-01
    2416    3.945600  6.5281E-01
    2417    3.946240  6.5288E-01
    2418    3.946880  6.5292E-01
    2419    3.947520  6.5294E-01
    2420    3.948160  6.5294E-01
    2421    3.948800  6.5292E-01
    2422    3.949440  6.5286E-01
    2423    3.950080  6.5279E-01
    2424    3.950720  6.5268E-01
    2425    3.951360  6.5254E-01
    2426    3.952000  6.5238E-01
    2427    3.952640  6.5219E-01
    2428    3.953280  6.5196E-01
    2429    3.953920  6.5171E-01
    2430    3.954560  6.5142E-01
    2431    3.955200  6.5110E-01
    2432    3.955840  6.5075E-01
    2433    3.956480  6.5037E-01
    2434    3.957120  6.4995E-01
    2435    3.957760  6.4950E-01
    2436    3.958400  6.4902E-01
    2437    3.959040  6.4851E-01
    2438    3.959680  6.4796E-01
    2439    3.960320  6.4738E-01
    2440    3.960960  6.4677E-01
    2441    3.961600  6.4613E-01
    2442    3.962240  6.4546E-01
    2443    3.962880  6.4476E-01
    2444    3.963520  6.4402E-01
    2445    3.964160  6.4326E-01
    2446    3.964800  6.4247E-01
    2447    3.965440  6.4166E-01
    2448    3.966080  6.4081E-01
    2449    3.966720  6.3995E-01
    2450    3.967360  6.3906E-01
    2451    3.968000  6.3814E-01
    2452    3.968640  6.3720E-01
    2453    3.969280  6.3625E-01
    2454    3.969920  6.3527E-01
    2455    3.970560  6.3427E-01
    2456    3.971200  6.3326E-01
    2457    3.971840  6.3223E-01
    2458    3.972480  6.3119E-01
    2459    3.973120  6.3014E-01
    2460    3.973760  6.2907E-01
    2461    3.974400  6.2799E-01
    2462    3.975040  6.2690E-01
    2463    3.975680  6.2581E-01
    2464    3.976320  6.2470E-01
    2465    3.976960  6.2359E-01
    2466    3.977600  6.2248E-01
    2467    3.978240  6.2136E-01
    2468    3.978880  6.2025E-01
    2469    3.979520  6.1913E-01
    2470    3.980160  6.1801E-01
    2471    3.980800  6.1689E-01
    2472    3.981440  6.1577E-01
    2473    3.982080  6.1466E-01
    2474    3.982720  6.1355E-01
    2475    3.983360  6.1244E-01
    2476    3.984000  6.1134E-01
    2477    3.984640  6.1025E-01
    2478    3.985280  6.0917E-01
    2479    3.985920  6.0809E-01
    2480    3.986560  6.0703E-01
    2481    3.987200  6.0597E-01
    2482    3.987840  6.0493E-01
    2483    3.988480  6.0390E-01
    2484    3.989120  6.0288E-01
    2485    3.989760  6.0188E-01
    2486    3.990400  6.0089E-01
    2487    3.991040  5.9991E-01
    2488    3.991680  5.9895E-01
    2489    3.992320  5.9801E-01
    2490    3.992960  5.9708E-01
    2491    3.993600  5.9618E-01
    2492    3.994240  5.9529E-01
    2493    3.994880  5.9442E-01
    2494    3.995520  5.9357E-01
    2495    3.996160  5.9274E-01
    2496    3.996800  5.9193E-01
    2497    3.997440  5.9114E-01
    2498    3.998080  5.9038E-01
    2499    3.998720  5.8963E-01
    2500    3.999360  5.8891E-01
    2501    4.000000  5.8821E-01
