       1    2.400000  9.8411E-01
       2    2.400640  9.5674E-01
       3    2.401280  9.5551E-01
       4    2.401920  9.5428E-01
       5    2.402560  9.5304E-01
       6    2.403200  9.5180E-01
       7    2.403840  9.5056E-01
       8    2.404480  9.4932E-01
       9    2.405120  9.4809E-01
      10    2.405760  9.4688E-01
      11    2.406400  9.4568E-01
      12    2.407040  9.4450E-01
      13    2.407680  9.4334E-01
      14    2.408320  9.4220E-01
      15    2.408960  9.4109E-01
      16    2.409600  9.4001E-01
      17    2.410240  9.3896E-01
      18    2.410880  9.3794E-01
      19    2.411520  9.3696E-01
      20    2.412160  9.3602E-01
      21    2.412800  9.3512E-01
      22    2.413440  9.3425E-01
      23    2.414080  9.3343E-01
      24    2.414720  9.3264E-01
      25    2.415360  9.3189E-01
      26    2.416000  9.3119E-01
      27    2.416640  9.3051E-01
      28    2.417280  9.2988E-01
      29    2.417920  9.2928E-01
      30    2.418560  9.2871E-01
      31    2.419200  9.2817E-01
      32    2.419840  9.2766E-01
      33    2.420480  9.2718E-01
      34    2.421120  9.2671E-01
      35    2.421760  9.2626E-01
      36    2.422400  9.2583E-01
      37    2.423040  9.2541E-01
      38    2.423680  9.2499E-01
      39    2.424320  9.2458E-01
      40    2.424960  9.2417E-01
      41    2.425600  9.2375E-01
      42    2.426240  9.2333E-01
      43    2.426880  9.2289E-01
      44    2.427520  9.2245E-01
      45    2.428160  9.2198E-01
      46    2.428800  9.2150E-01
      47    2.429440  9.2100E-01
      48    2.430080  9.2047E-01
      49    2.430720  9.1992E-01
      50    2.431360  9.1935E-01
      51    2.432000  9.1874E-01
      52    2.432640  9.1811E-01
      53    2.433280  9.1746E-01
      54    2.433920  9.1677E-01
      55    2.434560  9.1606E-01
      56    2.435200  9.1532E-01
      57    2.435840  9.1455E-01
      58    2.436480  9.1376E-01
      59    2.437120  9.1295E-01
      60    2.437760  9.1211E-01
      61    2.438400  9.1126E-01
      62    2.439040  9.1038E-01
      63    2.439680  9.0949E-01
      64    2.440320  9.0859E-01
      65    2.440960  9.0767E-01
      66    2.441600  9.0674E-01
      67    2.442240  9.0580E-01
      68    2.442880  9.0486E-01
      69    2.443520  9.0391E-01
      70    2.444160  9.0295E-01
      71    2.444800  9.0199E-01
      72    2.445440  9.0103E-01
      73    2.446080  9.0006E-01
      74    2.446720  8.9909E-01
      75    2.447360  8.9813E-01
      76    2.448000  8.9715E-01
      77    2.448640  8.9618E-01
      78    2.449280  8.9521E-01
      79    2.449920  8.9423E-01
      80    2.450560  8.9324E-01
      81    2.451200  8.9225E-01
      82    2.451840  8.9126E-01
      83    2.452480  8.9026E-01
      84    2.453120  8.8924E-01
      85    2.453760  8.8822E-01
      86    2.454400  8.8718E-01
      87    2.455040  8.8613E-01
      88    2.455680  8.8507E-01
      89    2.456320  8.8399E-01
      90    2.456960  8.8289E-01
      91    2.457600  8.8177E-01
      92    2.458240  8.8063E-01
      93    2.458880  8.7946E-01
      94    2.459520  8.7828E-01
      95    2.460160  8.7707E-01
      96    2.460800  8.7584E-01
      97    2.461440  8.7459E-01
      98    2.462080  8.7331E-01
      99    2.462720  8.7200E-01
     100    2.463360  8.7067E-01
     101    2.464000  8.6932E-01
     102    2.464640  8.6794E-01
     103    2.465280  8.6653E-01
     104    2.465920  8.6510E-01
     105    2.466560  8.6365E-01
     106    2.467200  8.6217E-01
     107    2.467840  8.6067E-01
     108    2.468480  8.5915E-01
     109    2.469120  8.5760E-01
     110    2.469760  8.5603E-01
     111    2.470400  8.5443E-01
     112    2.471040  8.5281E-01
     113    2.471680  8.5117E-01
     114    2.472320  8.4951E-01
     115    2.472960  8.4781E-01
     116    2.473600  8.4610E-01
     117    2.474240  8.4436E-01
     118    2.474880  8.4259E-01
     119    2.475520  8.4080E-01
     120    2.476160  8.3897E-01
     121    2.476800  8.3712E-01
     122    2.477440  8.3523E-01
     123    2.478080  8.3332E-01
     124    2.478720  8.3137E-01
     125    2.479360  8.2938E-01
     126    2.480000  8.2736E-01
     127    2.480640  8.2529E-01
     128    2.481280  8.2319E-01
     129    2.481920  8.2105E-01
     130    2.482560  8.1886E-01
     131    2.483200  8.1663E-01
     132    2.483840  8.1434E-01
     133    2.484480  8.1202E-01
     134    2.485120  8.0964E-01
     135    2.485760  8.0721E-01
     136    2.486400  8.0472E-01
     137    2.487040  8.0218E-01
     138    2.487680  7.9959E-01
     139    2.488320  7.9694E-01
     140    2.488960  7.9422E-01
     141    2.489600  7.9145E-01
     142    2.490240  7.8862E-01
     143    2.490880  7.8572E-01
     144    2.491520  7.8277E-01
     145    2.492160  7.7974E-01
     146    2.492800  7.7666E-01
     147    2.493440  7.7351E-01
     148    2.494080  7.7029E-01
     149    2.494720  7.6700E-01
     150    2.495360  7.6365E-01
     151    2.496000  7.6023E-01
     152    2.496640  7.5675E-01
     153    2.497280  7.5319E-01
     154    2.497920  7.4957E-01
     155    2.498560  7.4589E-01
     156    2.499200  7.4214E-01
     157    2.499840  7.3832E-01
     158    2.500480  7.3444E-01
     159    2.501120  7.3050E-01
     160    2.501760  7.2650E-01
     161    2.502400  7.2244E-01
     162    2.503040  7.1832E-01
     163    2.503680  7.1415E-01
     164    2.504320  7.0992E-01
     165    2.504960  7.0564E-01
     166    2.505600  7.0131E-01
     167    2.506240  6.9694E-01
     168    2.506880  6.9252E-01
     169    2.507520  6.8806E-01
     170    2.508160  6.8355E-01
     171    2.508800  6.7902E-01
     172    2.509440  6.7444E-01
     173    2.510080  6.6984E-01
     174    2.510720  6.6520E-01
     175    2.511360  6.6054E-01
     176    2.512000  6.5585E-01
     177    2.512640  6.5113E-01
     178    2.513280  6.4640E-01
     179    2.513920  6.4164E-01
     180    2.514560  6.3686E-01
     181    2.515200  6.3206E-01
     182    2.515840  6.2724E-01
     183    2.516480  6.2240E-01
     184    2.517120  6.1754E-01
     185    2.517760  6.1266E-01
     186    2.518400  6.0776E-01
     187    2.519040  6.0284E-01
     188    2.519680  5.9790E-01
     189    2.520320  5.9293E-01
     190    2.520960  5.8794E-01
     191    2.521600  5.8291E-01
     192    2.522240  5.7786E-01
     193    2.522880  5.7277E-01
     194    2.523520  5.6765E-01
     195    2.524160  5.6249E-01
     196    2.524800  5.5730E-01
     197    2.525440  5.5206E-01
     198    2.526080  5.4677E-01
     199    2.526720  5.4144E-01
     200    2.527360  5.3606E-01
     201    2.528000  5.3063E-01
     202    2.528640  5.2515E-01
     203    2.529280  5.1961E-01
     204    2.529920  5.1401E-01
     205    2.530560  5.0836E-01
     206    2.531200  5.0266E-01
     207    2.531840  4.9689E-01
     208    2.532480  4.9107E-01
     209    2.533120  4.8518E-01
     210    2.533760  4.7924E-01
     211    2.534400  4.7325E-01
     212    2.535040  4.6719E-01
     213    2.535680  4.6109E-01
     214    2.536320  4.5493E-01
     215    2.536960  4.4872E-01
     216    2.537600  4.4246E-01
     217    2.538240  4.3615E-01
     218    2.538880  4.2980E-01
     219    2.539520  4.2341E-01
     220    2.540160  4.1699E-01
     221    2.540800  4.1053E-01
     222    2.541440  4.0403E-01
     223    2.542080  3.9751E-01
     224    2.542720  3.9097E-01
     225    2.543360  3.8440E-01
     226    2.544000  3.7781E-01
     227    2.544640  3.7121E-01
     228    2.545280  3.6460E-01
     229    2.545920  3.5798E-01
     230    2.546560  3.5136E-01
     231    2.547200  3.4473E-01
     232    2.547840  3.3810E-01
     233    2.548480  3.3148E-01
     234    2.549120  3.2487E-01
     235    2.549760  3.1826E-01
     236    2.550400  3.1167E-01
     237    2.551040  3.0509E-01
     238    2.551680  2.9853E-01
     239    2.552320  2.9199E-01
     240    2.552960  2.8547E-01
     241    2.553600  2.7898E-01
     242    2.554240  2.7252E-01
     243    2.554880  2.6609E-01
     244    2.555520  2.5969E-01
     245    2.556160  2.5333E-01
     246    2.556800  2.4701E-01
     247    2.557440  2.4073E-01
     248    2.558080  2.3449E-01
     249    2.558720  2.2831E-01
     250    2.559360  2.2217E-01
     251    2.560000  2.1609E-01
     252    2.560640  2.1007E-01
     253    2.561280  2.0411E-01
     254    2.561920  1.9822E-01
     255    2.562560  1.9239E-01
     256    2.563200  1.8664E-01
     257    2.563840  1.8096E-01
     258    2.564480  1.7537E-01
     259    2.565120  1.6985E-01
     260    2.565760  1.6443E-01
     261    2.566400  1.5909E-01
     262    2.567040  1.5384E-01
     263    2.567680  1.4869E-01
     264    2.568320  1.4365E-01
     265    2.568960  1.3870E-01
     266    2.569600  1.3386E-01
     267    2.570240  1.2912E-01
     268    2.570880  1.2450E-01
     269    2.571520  1.1998E-01
     270    2.572160  1.1558E-01
     271    2.572800  1.1130E-01
     272    2.573440  1.0713E-01
     273    2.574080  1.0308E-01
     274    2.574720  9.9144E-02
     275    2.575360  9.5329E-02
     276    2.576000  9.1632E-02
     277    2.576640  8.8053E-02
     278    2.577280  8.4593E-02
     279    2.577920  8.1250E-02
     280    2.578560  7.8023E-02
     281    2.579200  7.4913E-02
     282    2.579840  7.1917E-02
     283    2.580480  6.9034E-02
     284    2.581120  6.6263E-02
     285    2.581760  6.3601E-02
     286    2.582400  6.1047E-02
     287    2.583040  5.8599E-02
     288    2.583680  5.6255E-02
     289    2.584320  5.4012E-02
     290    2.584960  5.1869E-02
     291    2.585600  4.9822E-02
     292    2.586240  4.7870E-02
     293    2.586880  4.6010E-02
     294    2.587520  4.4239E-02
     295    2.588160  4.2556E-02
     296    2.588800  4.0957E-02
     297    2.589440  3.9441E-02
     298    2.590080  3.8004E-02
     299    2.590720  3.6646E-02
     300    2.591360  3.5362E-02
     301    2.592000  3.4153E-02
     302    2.592640  3.3014E-02
     303    2.593280  3.1945E-02
     304    2.593920  3.0944E-02
     305    2.594560  3.0009E-02
     306    2.595200  2.9139E-02
     307    2.595840  2.8332E-02
     308    2.596480  2.7587E-02
     309    2.597120  2.6903E-02
     310    2.597760  2.6278E-02
     311    2.598400  2.5714E-02
     312    2.599040  2.5208E-02
     313    2.599680  2.4761E-02
     314    2.600320  2.4372E-02
     315    2.600960  2.4041E-02
     316    2.601600  2.3770E-02
     317    2.602240  2.3557E-02
     318    2.602880  2.3403E-02
     319    2.603520  2.3310E-02
     320    2.604160  2.3278E-02
     321    2.604800  2.3308E-02
     322    2.605440  2.3401E-02
     323    2.606080  2.3558E-02
     324    2.606720  2.3782E-02
     325    2.607360  2.4072E-02
     326    2.608000  2.4432E-02
     327    2.608640  2.4862E-02
     328    2.609280  2.5364E-02
     329    2.609920  2.5939E-02
     330    2.610560  2.6590E-02
     331    2.611200  2.7317E-02
     332    2.611840  2.8123E-02
     333    2.612480  2.9008E-02
     334    2.613120  2.9974E-02
     335    2.613760  3.1022E-02
     336    2.614400  3.2153E-02
     337    2.615040  3.3366E-02
     338    2.615680  3.4664E-02
     339    2.616320  3.6045E-02
     340    2.616960  3.7510E-02
     341    2.617600  3.9057E-02
     342    2.618240  4.0686E-02
     343    2.618880  4.2396E-02
     344    2.619520  4.4184E-02
     345    2.620160  4.6048E-02
     346    2.620800  4.7986E-02
     347    2.621440  4.9993E-02
     348    2.622080  5.2067E-02
     349    2.622720  5.4203E-02
     350    2.623360  5.6395E-02
     351    2.624000  5.8639E-02
     352    2.624640  6.0928E-02
     353    2.625280  6.3256E-02
     354    2.625920  6.5616E-02
     355    2.626560  6.8001E-02
     356    2.627200  7.0402E-02
     357    2.627840  7.2811E-02
     358    2.628480  7.5220E-02
     359    2.629120  7.7619E-02
     360    2.629760  7.9998E-02
     361    2.630400  8.2349E-02
     362    2.631040  8.4660E-02
     363    2.631680  8.6923E-02
     364    2.632320  8.9127E-02
     365    2.632960  9.1262E-02
     366    2.633600  9.3317E-02
     367    2.634240  9.5284E-02
     368    2.634880  9.7152E-02
     369    2.635520  9.8911E-02
     370    2.636160  1.0055E-01
     371    2.636800  1.0207E-01
     372    2.637440  1.0345E-01
     373    2.638080  1.0469E-01
     374    2.638720  1.0578E-01
     375    2.639360  1.0672E-01
     376    2.640000  1.0750E-01
     377    2.640640  1.0811E-01
     378    2.641280  1.0855E-01
     379    2.641920  1.0882E-01
     380    2.642560  1.0891E-01
     381    2.643200  1.0883E-01
     382    2.643840  1.0857E-01
     383    2.644480  1.0813E-01
     384    2.645120  1.0752E-01
     385    2.645760  1.0674E-01
     386    2.646400  1.0579E-01
     387    2.647040  1.0467E-01
     388    2.647680  1.0340E-01
     389    2.648320  1.0196E-01
     390    2.648960  1.0039E-01
     391    2.649600  9.8664E-02
     392    2.650240  9.6810E-02
     393    2.650880  9.4831E-02
     394    2.651520  9.2736E-02
     395    2.652160  9.0534E-02
     396    2.652800  8.8234E-02
     397    2.653440  8.5847E-02
     398    2.654080  8.3382E-02
     399    2.654720  8.0850E-02
     400    2.655360  7.8261E-02
     401    2.656000  7.5625E-02
     402    2.656640  7.2953E-02
     403    2.657280  7.0255E-02
     404    2.657920  6.7540E-02
     405    2.658560  6.4818E-02
     406    2.659200  6.2099E-02
     407    2.659840  5.9391E-02
     408    2.660480  5.6702E-02
     409    2.661120  5.4042E-02
     410    2.661760  5.1417E-02
     411    2.662400  4.8835E-02
     412    2.663040  4.6302E-02
     413    2.663680  4.3824E-02
     414    2.664320  4.1406E-02
     415    2.664960  3.9053E-02
     416    2.665600  3.6770E-02
     417    2.666240  3.4559E-02
     418    2.666880  3.2425E-02
     419    2.667520  3.0369E-02
     420    2.668160  2.8394E-02
     421    2.668800  2.6501E-02
     422    2.669440  2.4691E-02
     423    2.670080  2.2964E-02
     424    2.670720  2.1321E-02
     425    2.671360  1.9761E-02
     426    2.672000  1.8284E-02
     427    2.672640  1.6888E-02
     428    2.673280  1.5572E-02
     429    2.673920  1.4334E-02
     430    2.674560  1.3172E-02
     431    2.675200  1.2085E-02
     432    2.675840  1.1069E-02
     433    2.676480  1.0123E-02
     434    2.677120  9.2436E-03
     435    2.677760  8.4283E-03
     436    2.678400  7.6743E-03
     437    2.679040  6.9788E-03
     438    2.679680  6.3391E-03
     439    2.680320  5.7523E-03
     440    2.680960  5.2157E-03
     441    2.681600  4.7265E-03
     442    2.682240  4.2822E-03
     443    2.682880  3.8801E-03
     444    2.683520  3.5178E-03
     445    2.684160  3.1929E-03
     446    2.684800  2.9031E-03
     447    2.685440  2.6463E-03
     448    2.686080  2.4205E-03
     449    2.686720  2.2238E-03
     450    2.687360  2.0544E-03
     451    2.688000  1.9108E-03
     452    2.688640  1.7914E-03
     453    2.689280  1.6949E-03
     454    2.689920  1.6201E-03
     455    2.690560  1.5660E-03
     456    2.691200  1.5315E-03
     457    2.691840  1.5159E-03
     458    2.692480  1.5184E-03
     459    2.693120  1.5385E-03
     460    2.693760  1.5756E-03
     461    2.694400  1.6295E-03
     462    2.695040  1.6999E-03
     463    2.695680  1.7865E-03
     464    2.696320  1.8893E-03
     465    2.696960  2.0083E-03
     466    2.697600  2.1435E-03
     467    2.698240  2.2950E-03
     468    2.698880  2.4630E-03
     469    2.699520  2.6477E-03
     470    2.700160  2.8494E-03
     471    2.700800  3.0683E-03
     472    2.701440  3.3047E-03
     473    2.702080  3.5590E-03
     474    2.702720  3.8314E-03
     475    2.703360  4.1222E-03
     476    2.704000  4.4317E-03
     477    2.704640  4.7600E-03
     478    2.705280  5.1075E-03
     479    2.705920  5.4743E-03
     480    2.706560  5.8604E-03
     481    2.707200  6.2658E-03
     482    2.707840  6.6904E-03
     483    2.708480  7.1341E-03
     484    2.709120  7.5967E-03
     485    2.709760  8.0776E-03
     486    2.710400  8.5765E-03
     487    2.711040  9.0927E-03
     488    2.711680  9.6255E-03
     489    2.712320  1.0174E-02
     490    2.712960  1.0737E-02
     491    2.713600  1.1314E-02
     492    2.714240  1.1902E-02
     493    2.714880  1.2502E-02
     494    2.715520  1.3111E-02
     495    2.716160  1.3727E-02
     496    2.716800  1.4348E-02
     497    2.717440  1.4973E-02
     498    2.718080  1.5600E-02
     499    2.718720  1.6225E-02
     500    2.719360  1.6848E-02
     501    2.720000  1.7465E-02
     502    2.720640  1.8075E-02
     503    2.721280  1.8674E-02
     504    2.721920  1.9260E-02
     505    2.722560  1.9830E-02
     506    2.723200  2.0382E-02
     507    2.723840  2.0914E-02
     508    2.724480  2.1423E-02
     509    2.725120  2.1906E-02
     510    2.725760  2.2361E-02
     511    2.726400  2.2786E-02
     512    2.727040  2.3179E-02
     513    2.727680  2.3538E-02
     514    2.728320  2.3861E-02
     515    2.728960  2.4146E-02
     516    2.729600  2.4392E-02
     517    2.730240  2.4598E-02
     518    2.730880  2.4762E-02
     519    2.731520  2.4885E-02
     520    2.732160  2.4964E-02
     521    2.732800  2.5001E-02
     522    2.733440  2.4994E-02
     523    2.734080  2.4944E-02
     524    2.734720  2.4852E-02
     525    2.735360  2.4717E-02
     526    2.736000  2.4541E-02
     527    2.736640  2.4324E-02
     528    2.737280  2.4069E-02
     529    2.737920  2.3776E-02
     530    2.738560  2.3446E-02
     531    2.739200  2.3083E-02
     532    2.739840  2.2687E-02
     533    2.740480  2.2260E-02
     534    2.741120  2.1806E-02
     535    2.741760  2.1325E-02
     536    2.742400  2.0820E-02
     537    2.743040  2.0295E-02
     538    2.743680  1.9750E-02
     539    2.744320  1.9189E-02
     540    2.744960  1.8614E-02
     541    2.745600  1.8028E-02
     542    2.746240  1.7433E-02
     543    2.746880  1.6830E-02
     544    2.747520  1.6224E-02
     545    2.748160  1.5615E-02
     546    2.748800  1.5007E-02
     547    2.749440  1.4401E-02
     548    2.750080  1.3799E-02
     549    2.750720  1.3203E-02
     550    2.751360  1.2616E-02
     551    2.752000  1.2038E-02
     552    2.752640  1.1472E-02
     553    2.753280  1.0919E-02
     554    2.753920  1.0380E-02
     555    2.754560  9.8562E-03
     556    2.755200  9.3497E-03
     557    2.755840  8.8611E-03
     558    2.756480  8.3914E-03
     559    2.757120  7.9416E-03
     560    2.757760  7.5123E-03
     561    2.758400  7.1044E-03
     562    2.759040  6.7184E-03
     563    2.759680  6.3549E-03
     564    2.760320  6.0145E-03
     565    2.760960  5.6975E-03
     566    2.761600  5.4044E-03
     567    2.762240  5.1354E-03
     568    2.762880  4.8909E-03
     569    2.763520  4.6712E-03
     570    2.764160  4.4765E-03
     571    2.764800  4.3071E-03
     572    2.765440  4.1631E-03
     573    2.766080  4.0449E-03
     574    2.766720  3.9526E-03
     575    2.767360  3.8865E-03
     576    2.768000  3.8470E-03
     577    2.768640  3.8342E-03
     578    2.769280  3.8486E-03
     579    2.769920  3.8906E-03
     580    2.770560  3.9606E-03
     581    2.771200  4.0591E-03
     582    2.771840  4.1867E-03
     583    2.772480  4.3441E-03
     584    2.773120  4.5320E-03
     585    2.773760  4.7513E-03
     586    2.774400  5.0029E-03
     587    2.775040  5.2879E-03
     588    2.775680  5.6074E-03
     589    2.776320  5.9626E-03
     590    2.776960  6.3551E-03
     591    2.777600  6.7863E-03
     592    2.778240  7.2579E-03
     593    2.778880  7.7717E-03
     594    2.779520  8.3298E-03
     595    2.780160  8.9341E-03
     596    2.780800  9.5870E-03
     597    2.781440  1.0291E-02
     598    2.782080  1.1048E-02
     599    2.782720  1.1862E-02
     600    2.783360  1.2734E-02
     601    2.784000  1.3669E-02
     602    2.784640  1.4669E-02
     603    2.785280  1.5737E-02
     604    2.785920  1.6878E-02
     605    2.786560  1.8093E-02
     606    2.787200  1.9387E-02
     607    2.787840  2.0763E-02
     608    2.788480  2.2226E-02
     609    2.789120  2.3778E-02
     610    2.789760  2.5423E-02
     611    2.790400  2.7166E-02
     612    2.791040  2.9009E-02
     613    2.791680  3.0957E-02
     614    2.792320  3.3012E-02
     615    2.792960  3.5179E-02
     616    2.793600  3.7459E-02
     617    2.794240  3.9857E-02
     618    2.794880  4.2376E-02
     619    2.795520  4.5017E-02
     620    2.796160  4.7783E-02
     621    2.796800  5.0676E-02
     622    2.797440  5.3698E-02
     623    2.798080  5.6851E-02
     624    2.798720  6.0134E-02
     625    2.799360  6.3550E-02
     626    2.800000  6.7097E-02
     627    2.800640  7.0776E-02
     628    2.801280  7.4586E-02
     629    2.801920  7.8527E-02
     630    2.802560  8.2595E-02
     631    2.803200  8.6790E-02
     632    2.803840  9.1109E-02
     633    2.804480  9.5548E-02
     634    2.805120  1.0011E-01
     635    2.805760  1.0478E-01
     636    2.806400  1.0956E-01
     637    2.807040  1.1444E-01
     638    2.807680  1.1942E-01
     639    2.808320  1.2450E-01
     640    2.808960  1.2966E-01
     641    2.809600  1.3491E-01
     642    2.810240  1.4023E-01
     643    2.810880  1.4562E-01
     644    2.811520  1.5107E-01
     645    2.812160  1.5657E-01
     646    2.812800  1.6212E-01
     647    2.813440  1.6771E-01
     648    2.814080  1.7333E-01
     649    2.814720  1.7898E-01
     650    2.815360  1.8464E-01
     651    2.816000  1.9030E-01
     652    2.816640  1.9597E-01
     653    2.817280  2.0164E-01
     654    2.817920  2.0729E-01
     655    2.818560  2.1292E-01
     656    2.819200  2.1852E-01
     657    2.819840  2.2409E-01
     658    2.820480  2.2962E-01
     659    2.821120  2.3511E-01
     660    2.821760  2.4055E-01
     661    2.822400  2.4593E-01
     662    2.823040  2.5126E-01
     663    2.823680  2.5652E-01
     664    2.824320  2.6171E-01
     665    2.824960  2.6684E-01
     666    2.825600  2.7190E-01
     667    2.826240  2.7688E-01
     668    2.826880  2.8180E-01
     669    2.827520  2.8663E-01
     670    2.828160  2.9139E-01
     671    2.828800  2.9608E-01
     672    2.829440  3.0069E-01
     673    2.830080  3.0523E-01
     674    2.830720  3.0970E-01
     675    2.831360  3.1410E-01
     676    2.832000  3.1843E-01
     677    2.832640  3.2271E-01
     678    2.833280  3.2692E-01
     679    2.833920  3.3107E-01
     680    2.834560  3.3518E-01
     681    2.835200  3.3923E-01
     682    2.835840  3.4325E-01
     683    2.836480  3.4722E-01
     684    2.837120  3.5117E-01
     685    2.837760  3.5509E-01
     686    2.838400  3.5898E-01
     687    2.839040  3.6287E-01
     688    2.839680  3.6674E-01
     689    2.840320  3.7061E-01
     690    2.840960  3.7448E-01
     691    2.841600  3.7836E-01
     692    2.842240  3.8225E-01
     693    2.842880  3.8617E-01
     694    2.843520  3.9011E-01
     695    2.844160  3.9408E-01
     696    2.844800  3.9809E-01
     697    2.845440  4.0214E-01
     698    2.846080  4.0625E-01
     699    2.846720  4.1040E-01
     700    2.847360  4.1461E-01
     701    2.848000  4.1888E-01
     702    2.848640  4.2321E-01
     703    2.849280  4.2761E-01
     704    2.849920  4.3208E-01
     705    2.850560  4.3662E-01
     706    2.851200  4.4123E-01
     707    2.851840  4.4592E-01
     708    2.852480  4.5068E-01
     709    2.853120  4.5551E-01
     710    2.853760  4.6041E-01
     711    2.854400  4.6539E-01
     712    2.855040  4.7043E-01
     713    2.855680  4.7553E-01
     714    2.856320  4.8070E-01
     715    2.856960  4.8592E-01
     716    2.857600  4.9119E-01
     717    2.858240  4.9651E-01
     718    2.858880  5.0187E-01
     719    2.859520  5.0726E-01
     720    2.860160  5.1268E-01
     721    2.860800  5.1812E-01
     722    2.861440  5.2357E-01
     723    2.862080  5.2902E-01
     724    2.862720  5.3447E-01
     725    2.863360  5.3991E-01
     726    2.864000  5.4533E-01
     727    2.864640  5.5071E-01
     728    2.865280  5.5606E-01
     729    2.865920  5.6136E-01
     730    2.866560  5.6661E-01
     731    2.867200  5.7180E-01
     732    2.867840  5.7692E-01
     733    2.868480  5.8196E-01
     734    2.869120  5.8692E-01
     735    2.869760  5.9178E-01
     736    2.870400  5.9656E-01
     737    2.871040  6.0123E-01
     738    2.871680  6.0580E-01
     739    2.872320  6.1025E-01
     740    2.872960  6.1460E-01
     741    2.873600  6.1882E-01
     742    2.874240  6.2293E-01
     743    2.874880  6.2691E-01
     744    2.875520  6.3078E-01
     745    2.876160  6.3451E-01
     746    2.876800  6.3813E-01
     747    2.877440  6.4162E-01
     748    2.878080  6.4499E-01
     749    2.878720  6.4825E-01
     750    2.879360  6.5138E-01
     751    2.880000  6.5440E-01
     752    2.880640  6.5730E-01
     753    2.881280  6.6010E-01
     754    2.881920  6.6279E-01
     755    2.882560  6.6538E-01
     756    2.883200  6.6787E-01
     757    2.883840  6.7028E-01
     758    2.884480  6.7259E-01
     759    2.885120  6.7483E-01
     760    2.885760  6.7699E-01
     761    2.886400  6.7908E-01
     762    2.887040  6.8111E-01
     763    2.887680  6.8308E-01
     764    2.888320  6.8500E-01
     765    2.888960  6.8687E-01
     766    2.889600  6.8871E-01
     767    2.890240  6.9051E-01
     768    2.890880  6.9228E-01
     769    2.891520  6.9402E-01
     770    2.892160  6.9576E-01
     771    2.892800  6.9747E-01
     772    2.893440  6.9918E-01
     773    2.894080  7.0089E-01
     774    2.894720  7.0260E-01
     775    2.895360  7.0432E-01
     776    2.896000  7.0605E-01
     777    2.896640  7.0779E-01
     778    2.897280  7.0954E-01
     779    2.897920  7.1132E-01
     780    2.898560  7.1312E-01
     781    2.899200  7.1494E-01
     782    2.899840  7.1678E-01
     783    2.900480  7.1865E-01
     784    2.901120  7.2055E-01
     785    2.901760  7.2247E-01
     786    2.902400  7.2443E-01
     787    2.903040  7.2640E-01
     788    2.903680  7.2841E-01
     789    2.904320  7.3043E-01
     790    2.904960  7.3249E-01
     791    2.905600  7.3456E-01
     792    2.906240  7.3665E-01
     793    2.906880  7.3876E-01
     794    2.907520  7.4088E-01
     795    2.908160  7.4301E-01
     796    2.908800  7.4515E-01
     797    2.909440  7.4730E-01
     798    2.910080  7.4945E-01
     799    2.910720  7.5160E-01
     800    2.911360  7.5374E-01
     801    2.912000  7.5588E-01
     802    2.912640  7.5800E-01
     803    2.913280  7.6011E-01
     804    2.913920  7.6219E-01
     805    2.914560  7.6426E-01
     806    2.915200  7.6630E-01
     807    2.915840  7.6831E-01
     808    2.916480  7.7028E-01
     809    2.917120  7.7222E-01
     810    2.917760  7.7412E-01
     811    2.918400  7.7597E-01
     812    2.919040  7.7778E-01
     813    2.919680  7.7954E-01
     814    2.920320  7.8124E-01
     815    2.920960  7.8289E-01
     816    2.921600  7.8447E-01
     817    2.922240  7.8600E-01
     818    2.922880  7.8746E-01
     819    2.923520  7.8885E-01
     820    2.924160  7.9017E-01
     821    2.924800  7.9141E-01
     822    2.925440  7.9259E-01
     823    2.926080  7.9368E-01
     824    2.926720  7.9470E-01
     825    2.927360  7.9563E-01
     826    2.928000  7.9648E-01
     827    2.928640  7.9725E-01
     828    2.929280  7.9793E-01
     829    2.929920  7.9853E-01
     830    2.930560  7.9904E-01
     831    2.931200  7.9947E-01
     832    2.931840  7.9981E-01
     833    2.932480  8.0006E-01
     834    2.933120  8.0023E-01
     835    2.933760  8.0031E-01
     836    2.934400  8.0031E-01
     837    2.935040  8.0022E-01
     838    2.935680  8.0006E-01
     839    2.936320  7.9982E-01
     840    2.936960  7.9950E-01
     841    2.937600  7.9911E-01
     842    2.938240  7.9864E-01
     843    2.938880  7.9811E-01
     844    2.939520  7.9752E-01
     845    2.940160  7.9686E-01
     846    2.940800  7.9614E-01
     847    2.941440  7.9536E-01
     848    2.942080  7.9454E-01
     849    2.942720  7.9366E-01
     850    2.943360  7.9273E-01
     851    2.944000  7.9176E-01
     852    2.944640  7.9075E-01
     853    2.945280  7.8970E-01
     854    2.945920  7.8862E-01
     855    2.946560  7.8750E-01
     856    2.947200  7.8635E-01
     857    2.947840  7.8517E-01
     858    2.948480  7.8396E-01
     859    2.949120  7.8273E-01
     860    2.949760  7.8148E-01
     861    2.950400  7.8021E-01
     862    2.951040  7.7891E-01
     863    2.951680  7.7761E-01
     864    2.952320  7.7628E-01
     865    2.952960  7.7495E-01
     866    2.953600  7.7360E-01
     867    2.954240  7.7225E-01
     868    2.954880  7.7090E-01
     869    2.955520  7.6954E-01
     870    2.956160  7.6819E-01
     871    2.956800  7.6684E-01
     872    2.957440  7.6551E-01
     873    2.958080  7.6419E-01
     874    2.958720  7.6289E-01
     875    2.959360  7.6161E-01
     876    2.960000  7.6037E-01
     877    2.960640  7.5917E-01
     878    2.961280  7.5802E-01
     879    2.961920  7.5692E-01
     880    2.962560  7.5588E-01
     881    2.963200  7.5491E-01
     882    2.963840  7.5401E-01
     883    2.964480  7.5320E-01
     884    2.965120  7.5249E-01
     885    2.965760  7.5188E-01
     886    2.966400  7.5137E-01
     887    2.967040  7.5099E-01
     888    2.967680  7.5073E-01
     889    2.968320  7.5061E-01
     890    2.968960  7.5062E-01
     891    2.969600  7.5078E-01
     892    2.970240  7.5110E-01
     893    2.970880  7.5157E-01
     894    2.971520  7.5220E-01
     895    2.972160  7.5299E-01
     896    2.972800  7.5395E-01
     897    2.973440  7.5507E-01
     898    2.974080  7.5636E-01
     899    2.974720  7.5781E-01
     900    2.975360  7.5942E-01
     901    2.976000  7.6119E-01
     902    2.976640  7.6311E-01
     903    2.977280  7.6518E-01
     904    2.977920  7.6738E-01
     905    2.978560  7.6972E-01
     906    2.979200  7.7217E-01
     907    2.979840  7.7474E-01
     908    2.980480  7.7740E-01
     909    2.981120  7.8015E-01
     910    2.981760  7.8297E-01
     911    2.982400  7.8585E-01
     912    2.983040  7.8878E-01
     913    2.983680  7.9175E-01
     914    2.984320  7.9473E-01
     915    2.984960  7.9772E-01
     916    2.985600  8.0070E-01
     917    2.986240  8.0366E-01
     918    2.986880  8.0658E-01
     919    2.987520  8.0946E-01
     920    2.988160  8.1227E-01
     921    2.988800  8.1501E-01
     922    2.989440  8.1767E-01
     923    2.990080  8.2023E-01
     924    2.990720  8.2269E-01
     925    2.991360  8.2504E-01
     926    2.992000  8.2727E-01
     927    2.992640  8.2937E-01
     928    2.993280  8.3134E-01
     929    2.993920  8.3318E-01
     930    2.994560  8.3488E-01
     931    2.995200  8.3644E-01
     932    2.995840  8.3785E-01
     933    2.996480  8.3913E-01
     934    2.997120  8.4026E-01
     935    2.997760  8.4126E-01
     936    2.998400  8.4212E-01
     937    2.999040  8.4284E-01
     938    2.999680  8.4344E-01
     939    3.000320  8.4391E-01
     940    3.000960  8.4427E-01
     941    3.001600  8.4451E-01
     942    3.002240  8.4465E-01
     943    3.002880  8.4469E-01
     944    3.003520  8.4464E-01
     945    3.004160  8.4450E-01
     946    3.004800  8.4429E-01
     947    3.005440  8.4401E-01
     948    3.006080  8.4367E-01
     949    3.006720  8.4328E-01
     950    3.007360  8.4284E-01
     951    3.008000  8.4237E-01
     952    3.008640  8.4186E-01
     953    3.009280  8.4134E-01
     954    3.009920  8.4080E-01
     955    3.010560  8.4025E-01
     956    3.011200  8.3969E-01
     957    3.011840  8.3914E-01
     958    3.012480  8.3860E-01
     959    3.013120  8.3807E-01
     960    3.013760  8.3756E-01
     961    3.014400  8.3707E-01
     962    3.015040  8.3660E-01
     963    3.015680  8.3616E-01
     964    3.016320  8.3575E-01
     965    3.016960  8.3537E-01
     966    3.017600  8.3501E-01
     967    3.018240  8.3470E-01
     968    3.018880  8.3441E-01
     969    3.019520  8.3415E-01
     970    3.020160  8.3393E-01
     971    3.020800  8.3374E-01
     972    3.021440  8.3357E-01
     973    3.022080  8.3343E-01
     974    3.022720  8.3331E-01
     975    3.023360  8.3321E-01
     976    3.024000  8.3313E-01
     977    3.024640  8.3306E-01
     978    3.025280  8.3300E-01
     979    3.025920  8.3296E-01
     980    3.026560  8.3291E-01
     981    3.027200  8.3287E-01
     982    3.027840  8.3282E-01
     983    3.028480  8.3277E-01
     984    3.029120  8.3271E-01
     985    3.029760  8.3263E-01
     986    3.030400  8.3254E-01
     987    3.031040  8.3243E-01
     988    3.031680  8.3230E-01
     989    3.032320  8.3214E-01
     990    3.032960  8.3197E-01
     991    3.033600  8.3176E-01
     992    3.034240  8.3153E-01
     993    3.034880  8.3127E-01
     994    3.035520  8.3098E-01
     995    3.036160  8.3066E-01
     996    3.036800  8.3032E-01
     997    3.037440  8.2994E-01
     998    3.038080  8.2955E-01
     999    3.038720  8.2912E-01
    1000    3.039360  8.2868E-01
    1001    3.040000  8.2821E-01
    1002    3.040640  8.2772E-01
    1003    3.041280  8.2722E-01
    1004    3.041920  8.2671E-01
    1005    3.042560  8.2618E-01
    1006    3.043200  8.2565E-01
    1007    3.043840  8.2511E-01
    1008    3.044480  8.2457E-01
    1009    3.045120  8.2404E-01
    1010    3.045760  8.2351E-01
    1011    3.046400  8.2299E-01
    1012    3.047040  8.2247E-01
    1013    3.047680  8.2198E-01
    1014    3.048320  8.2149E-01
    1015    3.048960  8.2103E-01
    1016    3.049600  8.2058E-01
    1017    3.050240  8.2015E-01
    1018    3.050880  8.1975E-01
    1019    3.051520  8.1937E-01
    1020    3.052160  8.1901E-01
    1021    3.052800  8.1867E-01
    1022    3.053440  8.1835E-01
    1023    3.054080  8.1806E-01
    1024    3.054720  8.1778E-01
    1025    3.055360  8.1752E-01
    1026    3.056000  8.1728E-01
    1027    3.056640  8.1705E-01
    1028    3.057280  8.1682E-01
    1029    3.057920  8.1661E-01
    1030    3.058560  8.1640E-01
    1031    3.059200  8.1619E-01
    1032    3.059840  8.1598E-01
    1033    3.060480  8.1576E-01
    1034    3.061120  8.1553E-01
    1035    3.061760  8.1529E-01
    1036    3.062400  8.1502E-01
    1037    3.063040  8.1474E-01
    1038    3.063680  8.1443E-01
    1039    3.064320  8.1408E-01
    1040    3.064960  8.1371E-01
    1041    3.065600  8.1330E-01
    1042    3.066240  8.1285E-01
    1043    3.066880  8.1236E-01
    1044    3.067520  8.1182E-01
    1045    3.068160  8.1124E-01
    1046    3.068800  8.1061E-01
    1047    3.069440  8.0994E-01
    1048    3.070080  8.0921E-01
    1049    3.070720  8.0844E-01
    1050    3.071360  8.0761E-01
    1051    3.072000  8.0674E-01
    1052    3.072640  8.0582E-01
    1053    3.073280  8.0486E-01
    1054    3.073920  8.0385E-01
    1055    3.074560  8.0280E-01
    1056    3.075200  8.0171E-01
    1057    3.075840  8.0058E-01
    1058    3.076480  7.9942E-01
    1059    3.077120  7.9824E-01
    1060    3.077760  7.9703E-01
    1061    3.078400  7.9580E-01
    1062    3.079040  7.9455E-01
    1063    3.079680  7.9329E-01
    1064    3.080320  7.9203E-01
    1065    3.080960  7.9076E-01
    1066    3.081600  7.8950E-01
    1067    3.082240  7.8825E-01
    1068    3.082880  7.8701E-01
    1069    3.083520  7.8579E-01
    1070    3.084160  7.8460E-01
    1071    3.084800  7.8343E-01
    1072    3.085440  7.8230E-01
    1073    3.086080  7.8121E-01
    1074    3.086720  7.8016E-01
    1075    3.087360  7.7916E-01
    1076    3.088000  7.7822E-01
    1077    3.088640  7.7733E-01
    1078    3.089280  7.7650E-01
    1079    3.089920  7.7573E-01
    1080    3.090560  7.7503E-01
    1081    3.091200  7.7440E-01
    1082    3.091840  7.7384E-01
    1083    3.092480  7.7336E-01
    1084    3.093120  7.7295E-01
    1085    3.093760  7.7263E-01
    1086    3.094400  7.7238E-01
    1087    3.095040  7.7221E-01
    1088    3.095680  7.7213E-01
    1089    3.096320  7.7213E-01
    1090    3.096960  7.7221E-01
    1091    3.097600  7.7237E-01
    1092    3.098240  7.7262E-01
    1093    3.098880  7.7294E-01
    1094    3.099520  7.7335E-01
    1095    3.100160  7.7384E-01
    1096    3.100800  7.7440E-01
    1097    3.101440  7.7504E-01
    1098    3.102080  7.7576E-01
    1099    3.102720  7.7655E-01
    1100    3.103360  7.7741E-01
    1101    3.104000  7.7833E-01
    1102    3.104640  7.7932E-01
    1103    3.105280  7.8037E-01
    1104    3.105920  7.8148E-01
    1105    3.106560  7.8264E-01
    1106    3.107200  7.8386E-01
    1107    3.107840  7.8512E-01
    1108    3.108480  7.8643E-01
    1109    3.109120  7.8778E-01
    1110    3.109760  7.8916E-01
    1111    3.110400  7.9058E-01
    1112    3.111040  7.9203E-01
    1113    3.111680  7.9350E-01
    1114    3.112320  7.9499E-01
    1115    3.112960  7.9649E-01
    1116    3.113600  7.9801E-01
    1117    3.114240  7.9954E-01
    1118    3.114880  8.0107E-01
    1119    3.115520  8.0261E-01
    1120    3.116160  8.0414E-01
    1121    3.116800  8.0567E-01
    1122    3.117440  8.0719E-01
    1123    3.118080  8.0869E-01
    1124    3.118720  8.1019E-01
    1125    3.119360  8.1166E-01
    1126    3.120000  8.1312E-01
    1127    3.120640  8.1456E-01
    1128    3.121280  8.1597E-01
    1129    3.121920  8.1736E-01
    1130    3.122560  8.1873E-01
    1131    3.123200  8.2007E-01
    1132    3.123840  8.2139E-01
    1133    3.124480  8.2268E-01
    1134    3.125120  8.2395E-01
    1135    3.125760  8.2520E-01
    1136    3.126400  8.2642E-01
    1137    3.127040  8.2763E-01
    1138    3.127680  8.2881E-01
    1139    3.128320  8.2998E-01
    1140    3.128960  8.3114E-01
    1141    3.129600  8.3228E-01
    1142    3.130240  8.3342E-01
    1143    3.130880  8.3455E-01
    1144    3.131520  8.3568E-01
    1145    3.132160  8.3681E-01
    1146    3.132800  8.3795E-01
    1147    3.133440  8.3910E-01
    1148    3.134080  8.4026E-01
    1149    3.134720  8.4144E-01
    1150    3.135360  8.4264E-01
    1151    3.136000  8.4387E-01
    1152    3.136640  8.4513E-01
    1153    3.137280  8.4642E-01
    1154    3.137920  8.4774E-01
    1155    3.138560  8.4910E-01
    1156    3.139200  8.5051E-01
    1157    3.139840  8.5196E-01
    1158    3.140480  8.5346E-01
    1159    3.141120  8.5500E-01
    1160    3.141760  8.5659E-01
    1161    3.142400  8.5823E-01
    1162    3.143040  8.5993E-01
    1163    3.143680  8.6167E-01
    1164    3.144320  8.6346E-01
    1165    3.144960  8.6530E-01
    1166    3.145600  8.6719E-01
    1167    3.146240  8.6912E-01
    1168    3.146880  8.7109E-01
    1169    3.147520  8.7309E-01
    1170    3.148160  8.7513E-01
    1171    3.148800  8.7720E-01
    1172    3.149440  8.7929E-01
    1173    3.150080  8.8139E-01
    1174    3.150720  8.8351E-01
    1175    3.151360  8.8563E-01
    1176    3.152000  8.8775E-01
    1177    3.152640  8.8985E-01
    1178    3.153280  8.9193E-01
    1179    3.153920  8.9399E-01
    1180    3.154560  8.9601E-01
    1181    3.155200  8.9799E-01
    1182    3.155840  8.9991E-01
    1183    3.156480  9.0177E-01
    1184    3.157120  9.0356E-01
    1185    3.157760  9.0526E-01
    1186    3.158400  9.0688E-01
    1187    3.159040  9.0840E-01
    1188    3.159680  9.0981E-01
    1189    3.160320  9.1110E-01
    1190    3.160960  9.1227E-01
    1191    3.161600  9.1331E-01
    1192    3.162240  9.1420E-01
    1193    3.162880  9.1495E-01
    1194    3.163520  9.1554E-01
    1195    3.164160  9.1597E-01
    1196    3.164800  9.1623E-01
    1197    3.165440  9.1631E-01
    1198    3.166080  9.1622E-01
    1199    3.166720  9.1594E-01
    1200    3.167360  9.1547E-01
    1201    3.168000  9.1481E-01
    1202    3.168640  9.1395E-01
    1203    3.169280  9.1289E-01
    1204    3.169920  9.1163E-01
    1205    3.170560  9.1016E-01
    1206    3.171200  9.0850E-01
    1207    3.171840  9.0662E-01
    1208    3.172480  9.0454E-01
    1209    3.173120  9.0226E-01
    1210    3.173760  8.9977E-01
    1211    3.174400  8.9708E-01
    1212    3.175040  8.9419E-01
    1213    3.175680  8.9110E-01
    1214    3.176320  8.8782E-01
    1215    3.176960  8.8435E-01
    1216    3.177600  8.8069E-01
    1217    3.178240  8.7685E-01
    1218    3.178880  8.7284E-01
    1219    3.179520  8.6866E-01
    1220    3.180160  8.6431E-01
    1221    3.180800  8.5981E-01
    1222    3.181440  8.5516E-01
    1223    3.182080  8.5037E-01
    1224    3.182720  8.4544E-01
    1225    3.183360  8.4039E-01
    1226    3.184000  8.3523E-01
    1227    3.184640  8.2996E-01
    1228    3.185280  8.2460E-01
    1229    3.185920  8.1915E-01
    1230    3.186560  8.1362E-01
    1231    3.187200  8.0803E-01
    1232    3.187840  8.0239E-01
    1233    3.188480  7.9670E-01
    1234    3.189120  7.9098E-01
    1235    3.189760  7.8525E-01
    1236    3.190400  7.7951E-01
    1237    3.191040  7.7377E-01
    1238    3.191680  7.6805E-01
    1239    3.192320  7.6236E-01
    1240    3.192960  7.5671E-01
    1241    3.193600  7.5112E-01
    1242    3.194240  7.4559E-01
    1243    3.194880  7.4013E-01
    1244    3.195520  7.3476E-01
    1245    3.196160  7.2950E-01
    1246    3.196800  7.2434E-01
    1247    3.197440  7.1930E-01
    1248    3.198080  7.1439E-01
    1249    3.198720  7.0962E-01
    1250    3.199360  7.0500E-01
    1251    3.200000  7.0053E-01
    1252    3.200640  6.9623E-01
    1253    3.201280  6.9211E-01
    1254    3.201920  6.8816E-01
    1255    3.202560  6.8440E-01
    1256    3.203200  6.8084E-01
    1257    3.203840  6.7746E-01
    1258    3.204480  6.7429E-01
    1259    3.205120  6.7132E-01
    1260    3.205760  6.6856E-01
    1261    3.206400  6.6600E-01
    1262    3.207040  6.6366E-01
    1263    3.207680  6.6152E-01
    1264    3.208320  6.5959E-01
    1265    3.208960  6.5787E-01
    1266    3.209600  6.5635E-01
    1267    3.210240  6.5504E-01
    1268    3.210880  6.5394E-01
    1269    3.211520  6.5302E-01
    1270    3.212160  6.5230E-01
    1271    3.212800  6.5177E-01
    1272    3.213440  6.5143E-01
    1273    3.214080  6.5126E-01
    1274    3.214720  6.5126E-01
    1275    3.215360  6.5143E-01
    1276    3.216000  6.5176E-01
    1277    3.216640  6.5224E-01
    1278    3.217280  6.5286E-01
    1279    3.217920  6.5362E-01
    1280    3.218560  6.5451E-01
    1281    3.219200  6.5552E-01
    1282    3.219840  6.5664E-01
    1283    3.220480  6.5787E-01
    1284    3.221120  6.5919E-01
    1285    3.221760  6.6060E-01
    1286    3.222400  6.6210E-01
    1287    3.223040  6.6366E-01
    1288    3.223680  6.6529E-01
    1289    3.224320  6.6698E-01
    1290    3.224960  6.6872E-01
    1291    3.225600  6.7050E-01
    1292    3.226240  6.7231E-01
    1293    3.226880  6.7415E-01
    1294    3.227520  6.7601E-01
    1295    3.228160  6.7789E-01
    1296    3.228800  6.7977E-01
    1297    3.229440  6.8165E-01
    1298    3.230080  6.8353E-01
    1299    3.230720  6.8540E-01
    1300    3.231360  6.8726E-01
    1301    3.232000  6.8910E-01
    1302    3.232640  6.9091E-01
    1303    3.233280  6.9270E-01
    1304    3.233920  6.9445E-01
    1305    3.234560  6.9617E-01
    1306    3.235200  6.9786E-01
    1307    3.235840  6.9950E-01
    1308    3.236480  7.0111E-01
    1309    3.237120  7.0267E-01
    1310    3.237760  7.0418E-01
    1311    3.238400  7.0565E-01
    1312    3.239040  7.0707E-01
    1313    3.239680  7.0844E-01
    1314    3.240320  7.0977E-01
    1315    3.240960  7.1105E-01
    1316    3.241600  7.1228E-01
    1317    3.242240  7.1346E-01
    1318    3.242880  7.1460E-01
    1319    3.243520  7.1568E-01
    1320    3.244160  7.1673E-01
    1321    3.244800  7.1773E-01
    1322    3.245440  7.1868E-01
    1323    3.246080  7.1960E-01
    1324    3.246720  7.2047E-01
    1325    3.247360  7.2131E-01
    1326    3.248000  7.2211E-01
    1327    3.248640  7.2287E-01
    1328    3.249280  7.2361E-01
    1329    3.249920  7.2431E-01
    1330    3.250560  7.2498E-01
    1331    3.251200  7.2563E-01
    1332    3.251840  7.2626E-01
    1333    3.252480  7.2686E-01
    1334    3.253120  7.2745E-01
    1335    3.253760  7.2803E-01
    1336    3.254400  7.2860E-01
    1337    3.255040  7.2915E-01
    1338    3.255680  7.2971E-01
    1339    3.256320  7.3026E-01
    1340    3.256960  7.3082E-01
    1341    3.257600  7.3139E-01
    1342    3.258240  7.3196E-01
    1343    3.258880  7.3255E-01
    1344    3.259520  7.3316E-01
    1345    3.260160  7.3379E-01
    1346    3.260800  7.3444E-01
    1347    3.261440  7.3512E-01
    1348    3.262080  7.3584E-01
    1349    3.262720  7.3658E-01
    1350    3.263360  7.3736E-01
    1351    3.264000  7.3818E-01
    1352    3.264640  7.3903E-01
    1353    3.265280  7.3993E-01
    1354    3.265920  7.4086E-01
    1355    3.266560  7.4183E-01
    1356    3.267200  7.4283E-01
    1357    3.267840  7.4387E-01
    1358    3.268480  7.4495E-01
    1359    3.269120  7.4605E-01
    1360    3.269760  7.4717E-01
    1361    3.270400  7.4831E-01
    1362    3.271040  7.4947E-01
    1363    3.271680  7.5063E-01
    1364    3.272320  7.5179E-01
    1365    3.272960  7.5294E-01
    1366    3.273600  7.5407E-01
    1367    3.274240  7.5518E-01
    1368    3.274880  7.5625E-01
    1369    3.275520  7.5727E-01
    1370    3.276160  7.5823E-01
    1371    3.276800  7.5912E-01
    1372    3.277440  7.5993E-01
    1373    3.278080  7.6065E-01
    1374    3.278720  7.6126E-01
    1375    3.279360  7.6175E-01
    1376    3.280000  7.6212E-01
    1377    3.280640  7.6235E-01
    1378    3.281280  7.6243E-01
    1379    3.281920  7.6235E-01
    1380    3.282560  7.6210E-01
    1381    3.283200  7.6167E-01
    1382    3.283840  7.6105E-01
    1383    3.284480  7.6023E-01
    1384    3.285120  7.5921E-01
    1385    3.285760  7.5799E-01
    1386    3.286400  7.5655E-01
    1387    3.287040  7.5489E-01
    1388    3.287680  7.5301E-01
    1389    3.288320  7.5091E-01
    1390    3.288960  7.4859E-01
    1391    3.289600  7.4605E-01
    1392    3.290240  7.4329E-01
    1393    3.290880  7.4031E-01
    1394    3.291520  7.3713E-01
    1395    3.292160  7.3374E-01
    1396    3.292800  7.3015E-01
    1397    3.293440  7.2638E-01
    1398    3.294080  7.2243E-01
    1399    3.294720  7.1831E-01
    1400    3.295360  7.1404E-01
    1401    3.296000  7.0963E-01
    1402    3.296640  7.0509E-01
    1403    3.297280  7.0045E-01
    1404    3.297920  6.9571E-01
    1405    3.298560  6.9090E-01
    1406    3.299200  6.8604E-01
    1407    3.299840  6.8114E-01
    1408    3.300480  6.7622E-01
    1409    3.301120  6.7132E-01
    1410    3.301760  6.6644E-01
    1411    3.302400  6.6161E-01
    1412    3.303040  6.5686E-01
    1413    3.303680  6.5220E-01
    1414    3.304320  6.4767E-01
    1415    3.304960  6.4327E-01
    1416    3.305600  6.3904E-01
    1417    3.306240  6.3500E-01
    1418    3.306880  6.3117E-01
    1419    3.307520  6.2756E-01
    1420    3.308160  6.2421E-01
    1421    3.308800  6.2112E-01
    1422    3.309440  6.1833E-01
    1423    3.310080  6.1583E-01
    1424    3.310720  6.1366E-01
    1425    3.311360  6.1182E-01
    1426    3.312000  6.1032E-01
    1427    3.312640  6.0918E-01
    1428    3.313280  6.0840E-01
    1429    3.313920  6.0799E-01
    1430    3.314560  6.0796E-01
    1431    3.315200  6.0830E-01
    1432    3.315840  6.0901E-01
    1433    3.316480  6.1010E-01
    1434    3.317120  6.1155E-01
    1435    3.317760  6.1336E-01
    1436    3.318400  6.1553E-01
    1437    3.319040  6.1803E-01
    1438    3.319680  6.2086E-01
    1439    3.320320  6.2400E-01
    1440    3.320960  6.2743E-01
    1441    3.321600  6.3114E-01
    1442    3.322240  6.3510E-01
    1443    3.322880  6.3930E-01
    1444    3.323520  6.4371E-01
    1445    3.324160  6.4830E-01
    1446    3.324800  6.5306E-01
    1447    3.325440  6.5795E-01
    1448    3.326080  6.6296E-01
    1449    3.326720  6.6805E-01
    1450    3.327360  6.7321E-01
    1451    3.328000  6.7840E-01
    1452    3.328640  6.8361E-01
    1453    3.329280  6.8881E-01
    1454    3.329920  6.9398E-01
    1455    3.330560  6.9910E-01
    1456    3.331200  7.0414E-01
    1457    3.331840  7.0908E-01
    1458    3.332480  7.1392E-01
    1459    3.333120  7.1863E-01
    1460    3.333760  7.2319E-01
    1461    3.334400  7.2760E-01
    1462    3.335040  7.3185E-01
    1463    3.335680  7.3592E-01
    1464    3.336320  7.3980E-01
    1465    3.336960  7.4350E-01
    1466    3.337600  7.4699E-01
    1467    3.338240  7.5029E-01
    1468    3.338880  7.5340E-01
    1469    3.339520  7.5630E-01
    1470    3.340160  7.5900E-01
    1471    3.340800  7.6150E-01
    1472    3.341440  7.6381E-01
    1473    3.342080  7.6593E-01
    1474    3.342720  7.6788E-01
    1475    3.343360  7.6964E-01
    1476    3.344000  7.7124E-01
    1477    3.344640  7.7267E-01
    1478    3.345280  7.7396E-01
    1479    3.345920  7.7510E-01
    1480    3.346560  7.7611E-01
    1481    3.347200  7.7700E-01
    1482    3.347840  7.7777E-01
    1483    3.348480  7.7844E-01
    1484    3.349120  7.7902E-01
    1485    3.349760  7.7951E-01
    1486    3.350400  7.7993E-01
    1487    3.351040  7.8029E-01
    1488    3.351680  7.8059E-01
    1489    3.352320  7.8085E-01
    1490    3.352960  7.8107E-01
    1491    3.353600  7.8126E-01
    1492    3.354240  7.8143E-01
    1493    3.354880  7.8160E-01
    1494    3.355520  7.8175E-01
    1495    3.356160  7.8191E-01
    1496    3.356800  7.8208E-01
    1497    3.357440  7.8226E-01
    1498    3.358080  7.8246E-01
    1499    3.358720  7.8268E-01
    1500    3.359360  7.8293E-01
    1501    3.360000  7.8322E-01
    1502    3.360640  7.8354E-01
    1503    3.361280  7.8390E-01
    1504    3.361920  7.8431E-01
    1505    3.362560  7.8476E-01
    1506    3.363200  7.8526E-01
    1507    3.363840  7.8580E-01
    1508    3.364480  7.8640E-01
    1509    3.365120  7.8704E-01
    1510    3.365760  7.8774E-01
    1511    3.366400  7.8849E-01
    1512    3.367040  7.8929E-01
    1513    3.367680  7.9015E-01
    1514    3.368320  7.9105E-01
    1515    3.368960  7.9201E-01
    1516    3.369600  7.9302E-01
    1517    3.370240  7.9407E-01
    1518    3.370880  7.9518E-01
    1519    3.371520  7.9633E-01
    1520    3.372160  7.9753E-01
    1521    3.372800  7.9877E-01
    1522    3.373440  8.0005E-01
    1523    3.374080  8.0137E-01
    1524    3.374720  8.0273E-01
    1525    3.375360  8.0413E-01
    1526    3.376000  8.0556E-01
    1527    3.376640  8.0702E-01
    1528    3.377280  8.0851E-01
    1529    3.377920  8.1003E-01
    1530    3.378560  8.1157E-01
    1531    3.379200  8.1313E-01
    1532    3.379840  8.1471E-01
    1533    3.380480  8.1631E-01
    1534    3.381120  8.1793E-01
    1535    3.381760  8.1955E-01
    1536    3.382400  8.2119E-01
    1537    3.383040  8.2283E-01
    1538    3.383680  8.2447E-01
    1539    3.384320  8.2612E-01
    1540    3.384960  8.2776E-01
    1541    3.385600  8.2940E-01
    1542    3.386240  8.3103E-01
    1543    3.386880  8.3266E-01
    1544    3.387520  8.3427E-01
    1545    3.388160  8.3587E-01
    1546    3.388800  8.3746E-01
    1547    3.389440  8.3902E-01
    1548    3.390080  8.4057E-01
    1549    3.390720  8.4210E-01
    1550    3.391360  8.4361E-01
    1551    3.392000  8.4509E-01
    1552    3.392640  8.4655E-01
    1553    3.393280  8.4798E-01
    1554    3.393920  8.4939E-01
    1555    3.394560  8.5076E-01
    1556    3.395200  8.5211E-01
    1557    3.395840  8.5344E-01
    1558    3.396480  8.5473E-01
    1559    3.397120  8.5599E-01
    1560    3.397760  8.5723E-01
    1561    3.398400  8.5844E-01
    1562    3.399040  8.5962E-01
    1563    3.399680  8.6077E-01
    1564    3.400320  8.6189E-01
    1565    3.400960  8.6299E-01
    1566    3.401600  8.6406E-01
    1567    3.402240  8.6511E-01
    1568    3.402880  8.6614E-01
    1569    3.403520  8.6714E-01
    1570    3.404160  8.6812E-01
    1571    3.404800  8.6909E-01
    1572    3.405440  8.7003E-01
    1573    3.406080  8.7095E-01
    1574    3.406720  8.7186E-01
    1575    3.407360  8.7276E-01
    1576    3.408000  8.7363E-01
    1577    3.408640  8.7450E-01
    1578    3.409280  8.7536E-01
    1579    3.409920  8.7620E-01
    1580    3.410560  8.7704E-01
    1581    3.411200  8.7786E-01
    1582    3.411840  8.7868E-01
    1583    3.412480  8.7950E-01
    1584    3.413120  8.8031E-01
    1585    3.413760  8.8112E-01
    1586    3.414400  8.8193E-01
    1587    3.415040  8.8274E-01
    1588    3.415680  8.8355E-01
    1589    3.416320  8.8436E-01
    1590    3.416960  8.8517E-01
    1591    3.417600  8.8599E-01
    1592    3.418240  8.8681E-01
    1593    3.418880  8.8764E-01
    1594    3.419520  8.8848E-01
    1595    3.420160  8.8933E-01
    1596    3.420800  8.9018E-01
    1597    3.421440  8.9105E-01
    1598    3.422080  8.9192E-01
    1599    3.422720  8.9281E-01
    1600    3.423360  8.9370E-01
    1601    3.424000  8.9461E-01
    1602    3.424640  8.9553E-01
    1603    3.425280  8.9645E-01
    1604    3.425920  8.9739E-01
    1605    3.426560  8.9834E-01
    1606    3.427200  8.9930E-01
    1607    3.427840  9.0027E-01
    1608    3.428480  9.0124E-01
    1609    3.429120  9.0222E-01
    1610    3.429760  9.0321E-01
    1611    3.430400  9.0420E-01
    1612    3.431040  9.0519E-01
    1613    3.431680  9.0617E-01
    1614    3.432320  9.0716E-01
    1615    3.432960  9.0815E-01
    1616    3.433600  9.0912E-01
    1617    3.434240  9.1010E-01
    1618    3.434880  9.1106E-01
    1619    3.435520  9.1200E-01
    1620    3.436160  9.1294E-01
    1621    3.436800  9.1386E-01
    1622    3.437440  9.1476E-01
    1623    3.438080  9.1565E-01
    1624    3.438720  9.1651E-01
    1625    3.439360  9.1736E-01
    1626    3.440000  9.1818E-01
    1627    3.440640  9.1897E-01
    1628    3.441280  9.1975E-01
    1629    3.441920  9.2050E-01
    1630    3.442560  9.2123E-01
    1631    3.443200  9.2193E-01
    1632    3.443840  9.2261E-01
    1633    3.444480  9.2327E-01
    1634    3.445120  9.2390E-01
    1635    3.445760  9.2451E-01
    1636    3.446400  9.2510E-01
    1637    3.447040  9.2568E-01
    1638    3.447680  9.2623E-01
    1639    3.448320  9.2677E-01
    1640    3.448960  9.2729E-01
    1641    3.449600  9.2780E-01
    1642    3.450240  9.2830E-01
    1643    3.450880  9.2879E-01
    1644    3.451520  9.2927E-01
    1645    3.452160  9.2974E-01
    1646    3.452800  9.3021E-01
    1647    3.453440  9.3068E-01
    1648    3.454080  9.3114E-01
    1649    3.454720  9.3160E-01
    1650    3.455360  9.3205E-01
    1651    3.456000  9.3251E-01
    1652    3.456640  9.3297E-01
    1653    3.457280  9.3343E-01
    1654    3.457920  9.3390E-01
    1655    3.458560  9.3436E-01
    1656    3.459200  9.3483E-01
    1657    3.459840  9.3529E-01
    1658    3.460480  9.3576E-01
    1659    3.461120  9.3623E-01
    1660    3.461760  9.3671E-01
    1661    3.462400  9.3718E-01
    1662    3.463040  9.3765E-01
    1663    3.463680  9.3812E-01
    1664    3.464320  9.3858E-01
    1665    3.464960  9.3905E-01
    1666    3.465600  9.3951E-01
    1667    3.466240  9.3996E-01
    1668    3.466880  9.4041E-01
    1669    3.467520  9.4086E-01
    1670    3.468160  9.4129E-01
    1671    3.468800  9.4172E-01
    1672    3.469440  9.4214E-01
    1673    3.470080  9.4256E-01
    1674    3.470720  9.4296E-01
    1675    3.471360  9.4335E-01
    1676    3.472000  9.4373E-01
    1677    3.472640  9.4411E-01
    1678    3.473280  9.4447E-01
    1679    3.473920  9.4482E-01
    1680    3.474560  9.4517E-01
    1681    3.475200  9.4550E-01
    1682    3.475840  9.4583E-01
    1683    3.476480  9.4615E-01
    1684    3.477120  9.4646E-01
    1685    3.477760  9.4676E-01
    1686    3.478400  9.4705E-01
    1687    3.479040  9.4734E-01
    1688    3.479680  9.4762E-01
    1689    3.480320  9.4790E-01
    1690    3.480960  9.4818E-01
    1691    3.481600  9.4845E-01
    1692    3.482240  9.4872E-01
    1693    3.482880  9.4899E-01
    1694    3.483520  9.4927E-01
    1695    3.484160  9.4954E-01
    1696    3.484800  9.4981E-01
    1697    3.485440  9.5008E-01
    1698    3.486080  9.5036E-01
    1699    3.486720  9.5064E-01
    1700    3.487360  9.5093E-01
    1701    3.488000  9.5122E-01
    1702    3.488640  9.5151E-01
    1703    3.489280  9.5181E-01
    1704    3.489920  9.5212E-01
    1705    3.490560  9.5243E-01
    1706    3.491200  9.5275E-01
    1707    3.491840  9.5307E-01
    1708    3.492480  9.5340E-01
    1709    3.493120  9.5373E-01
    1710    3.493760  9.5407E-01
    1711    3.494400  9.5441E-01
    1712    3.495040  9.5476E-01
    1713    3.495680  9.5510E-01
    1714    3.496320  9.5545E-01
    1715    3.496960  9.5580E-01
    1716    3.497600  9.5615E-01
    1717    3.498240  9.5650E-01
    1718    3.498880  9.5684E-01
    1719    3.499520  9.5718E-01
    1720    3.500160  9.5751E-01
    1721    3.500800  9.5784E-01
    1722    3.501440  9.5815E-01
    1723    3.502080  9.5846E-01
    1724    3.502720  9.5875E-01
    1725    3.503360  9.5902E-01
    1726    3.504000  9.5928E-01
    1727    3.504640  9.5951E-01
    1728    3.505280  9.5973E-01
    1729    3.505920  9.5992E-01
    1730    3.506560  9.6008E-01
    1731    3.507200  9.6022E-01
    1732    3.507840  9.6032E-01
    1733    3.508480  9.6040E-01
    1734    3.509120  9.6043E-01
    1735    3.509760  9.6044E-01
    1736    3.510400  9.6040E-01
    1737    3.511040  9.6032E-01
    1738    3.511680  9.6021E-01
    1739    3.512320  9.6005E-01
    1740    3.512960  9.5984E-01
    1741    3.513600  9.5959E-01
    1742    3.514240  9.5930E-01
    1743    3.514880  9.5895E-01
    1744    3.515520  9.5856E-01
    1745    3.516160  9.5813E-01
    1746    3.516800  9.5764E-01
    1747    3.517440  9.5711E-01
    1748    3.518080  9.5653E-01
    1749    3.518720  9.5590E-01
    1750    3.519360  9.5523E-01
    1751    3.520000  9.5451E-01
    1752    3.520640  9.5375E-01
    1753    3.521280  9.5295E-01
    1754    3.521920  9.5211E-01
    1755    3.522560  9.5124E-01
    1756    3.523200  9.5033E-01
    1757    3.523840  9.4939E-01
    1758    3.524480  9.4842E-01
    1759    3.525120  9.4743E-01
    1760    3.525760  9.4642E-01
    1761    3.526400  9.4539E-01
    1762    3.527040  9.4435E-01
    1763    3.527680  9.4330E-01
    1764    3.528320  9.4225E-01
    1765    3.528960  9.4119E-01
    1766    3.529600  9.4014E-01
    1767    3.530240  9.3909E-01
    1768    3.530880  9.3806E-01
    1769    3.531520  9.3705E-01
    1770    3.532160  9.3605E-01
    1771    3.532800  9.3508E-01
    1772    3.533440  9.3414E-01
    1773    3.534080  9.3322E-01
    1774    3.534720  9.3235E-01
    1775    3.535360  9.3151E-01
    1776    3.536000  9.3072E-01
    1777    3.536640  9.2997E-01
    1778    3.537280  9.2926E-01
    1779    3.537920  9.2861E-01
    1780    3.538560  9.2800E-01
    1781    3.539200  9.2745E-01
    1782    3.539840  9.2695E-01
    1783    3.540480  9.2651E-01
    1784    3.541120  9.2611E-01
    1785    3.541760  9.2578E-01
    1786    3.542400  9.2550E-01
    1787    3.543040  9.2527E-01
    1788    3.543680  9.2509E-01
    1789    3.544320  9.2496E-01
    1790    3.544960  9.2488E-01
    1791    3.545600  9.2485E-01
    1792    3.546240  9.2487E-01
    1793    3.546880  9.2493E-01
    1794    3.547520  9.2502E-01
    1795    3.548160  9.2516E-01
    1796    3.548800  9.2533E-01
    1797    3.549440  9.2553E-01
    1798    3.550080  9.2576E-01
    1799    3.550720  9.2602E-01
    1800    3.551360  9.2630E-01
    1801    3.552000  9.2659E-01
    1802    3.552640  9.2691E-01
    1803    3.553280  9.2724E-01
    1804    3.553920  9.2758E-01
    1805    3.554560  9.2793E-01
    1806    3.555200  9.2828E-01
    1807    3.555840  9.2864E-01
    1808    3.556480  9.2899E-01
    1809    3.557120  9.2935E-01
    1810    3.557760  9.2971E-01
    1811    3.558400  9.3006E-01
    1812    3.559040  9.3040E-01
    1813    3.559680  9.3074E-01
    1814    3.560320  9.3108E-01
    1815    3.560960  9.3140E-01
    1816    3.561600  9.3171E-01
    1817    3.562240  9.3202E-01
    1818    3.562880  9.3231E-01
    1819    3.563520  9.3260E-01
    1820    3.564160  9.3287E-01
    1821    3.564800  9.3314E-01
    1822    3.565440  9.3340E-01
    1823    3.566080  9.3365E-01
    1824    3.566720  9.3389E-01
    1825    3.567360  9.3412E-01
    1826    3.568000  9.3435E-01
    1827    3.568640  9.3457E-01
    1828    3.569280  9.3479E-01
    1829    3.569920  9.3500E-01
    1830    3.570560  9.3520E-01
    1831    3.571200  9.3541E-01
    1832    3.571840  9.3561E-01
    1833    3.572480  9.3581E-01
    1834    3.573120  9.3601E-01
    1835    3.573760  9.3621E-01
    1836    3.574400  9.3640E-01
    1837    3.575040  9.3660E-01
    1838    3.575680  9.3680E-01
    1839    3.576320  9.3700E-01
    1840    3.576960  9.3721E-01
    1841    3.577600  9.3741E-01
    1842    3.578240  9.3762E-01
    1843    3.578880  9.3783E-01
    1844    3.579520  9.3805E-01
    1845    3.580160  9.3826E-01
    1846    3.580800  9.3848E-01
    1847    3.581440  9.3870E-01
    1848    3.582080  9.3893E-01
    1849    3.582720  9.3916E-01
    1850    3.583360  9.3939E-01
    1851    3.584000  9.3962E-01
    1852    3.584640  9.3986E-01
    1853    3.585280  9.4010E-01
    1854    3.585920  9.4034E-01
    1855    3.586560  9.4059E-01
    1856    3.587200  9.4084E-01
    1857    3.587840  9.4109E-01
    1858    3.588480  9.4134E-01
    1859    3.589120  9.4160E-01
    1860    3.589760  9.4185E-01
    1861    3.590400  9.4212E-01
    1862    3.591040  9.4238E-01
    1863    3.591680  9.4264E-01
    1864    3.592320  9.4291E-01
    1865    3.592960  9.4318E-01
    1866    3.593600  9.4346E-01
    1867    3.594240  9.4374E-01
    1868    3.594880  9.4401E-01
    1869    3.595520  9.4430E-01
    1870    3.596160  9.4458E-01
    1871    3.596800  9.4487E-01
    1872    3.597440  9.4517E-01
    1873    3.598080  9.4546E-01
    1874    3.598720  9.4576E-01
    1875    3.599360  9.4607E-01
    1876    3.600000  9.4637E-01
    1877    3.600640  9.4668E-01
    1878    3.601280  9.4700E-01
    1879    3.601920  9.4732E-01
    1880    3.602560  9.4764E-01
    1881    3.603200  9.4797E-01
    1882    3.603840  9.4829E-01
    1883    3.604480  9.4863E-01
    1884    3.605120  9.4896E-01
    1885    3.605760  9.4930E-01
    1886    3.606400  9.4965E-01
    1887    3.607040  9.4999E-01
    1888    3.607680  9.5034E-01
    1889    3.608320  9.5069E-01
    1890    3.608960  9.5104E-01
    1891    3.609600  9.5139E-01
    1892    3.610240  9.5175E-01
    1893    3.610880  9.5210E-01
    1894    3.611520  9.5245E-01
    1895    3.612160  9.5281E-01
    1896    3.612800  9.5316E-01
    1897    3.613440  9.5352E-01
    1898    3.614080  9.5387E-01
    1899    3.614720  9.5422E-01
    1900    3.615360  9.5456E-01
    1901    3.616000  9.5491E-01
    1902    3.616640  9.5525E-01
    1903    3.617280  9.5559E-01
    1904    3.617920  9.5592E-01
    1905    3.618560  9.5625E-01
    1906    3.619200  9.5658E-01
    1907    3.619840  9.5690E-01
    1908    3.620480  9.5721E-01
    1909    3.621120  9.5752E-01
    1910    3.621760  9.5783E-01
    1911    3.622400  9.5813E-01
    1912    3.623040  9.5842E-01
    1913    3.623680  9.5871E-01
    1914    3.624320  9.5899E-01
    1915    3.624960  9.5927E-01
    1916    3.625600  9.5954E-01
    1917    3.626240  9.5981E-01
    1918    3.626880  9.6007E-01
    1919    3.627520  9.6032E-01
    1920    3.628160  9.6057E-01
    1921    3.628800  9.6082E-01
    1922    3.629440  9.6105E-01
    1923    3.630080  9.6129E-01
    1924    3.630720  9.6151E-01
    1925    3.631360  9.6174E-01
    1926    3.632000  9.6195E-01
    1927    3.632640  9.6216E-01
    1928    3.633280  9.6237E-01
    1929    3.633920  9.6257E-01
    1930    3.634560  9.6277E-01
    1931    3.635200  9.6296E-01
    1932    3.635840  9.6315E-01
    1933    3.636480  9.6333E-01
    1934    3.637120  9.6351E-01
    1935    3.637760  9.6368E-01
    1936    3.638400  9.6385E-01
    1937    3.639040  9.6401E-01
    1938    3.639680  9.6417E-01
    1939    3.640320  9.6432E-01
    1940    3.640960  9.6446E-01
    1941    3.641600  9.6460E-01
    1942    3.642240  9.6473E-01
    1943    3.642880  9.6486E-01
    1944    3.643520  9.6498E-01
    1945    3.644160  9.6509E-01
    1946    3.644800  9.6519E-01
    1947    3.645440  9.6529E-01
    1948    3.646080  9.6538E-01
    1949    3.646720  9.6546E-01
    1950    3.647360  9.6553E-01
    1951    3.648000  9.6559E-01
    1952    3.648640  9.6564E-01
    1953    3.649280  9.6568E-01
    1954    3.649920  9.6571E-01
    1955    3.650560  9.6573E-01
    1956    3.651200  9.6574E-01
    1957    3.651840  9.6574E-01
    1958    3.652480  9.6572E-01
    1959    3.653120  9.6570E-01
    1960    3.653760  9.6566E-01
    1961    3.654400  9.6561E-01
    1962    3.655040  9.6555E-01
    1963    3.655680  9.6548E-01
    1964    3.656320  9.6540E-01
    1965    3.656960  9.6530E-01
    1966    3.657600  9.6519E-01
    1967    3.658240  9.6507E-01
    1968    3.658880  9.6494E-01
    1969    3.659520  9.6480E-01
    1970    3.660160  9.6465E-01
    1971    3.660800  9.6449E-01
    1972    3.661440  9.6432E-01
    1973    3.662080  9.6414E-01
    1974    3.662720  9.6395E-01
    1975    3.663360  9.6375E-01
    1976    3.664000  9.6355E-01
    1977    3.664640  9.6334E-01
    1978    3.665280  9.6313E-01
    1979    3.665920  9.6292E-01
    1980    3.666560  9.6270E-01
    1981    3.667200  9.6248E-01
    1982    3.667840  9.6225E-01
    1983    3.668480  9.6203E-01
    1984    3.669120  9.6181E-01
    1985    3.669760  9.6159E-01
    1986    3.670400  9.6137E-01
    1987    3.671040  9.6116E-01
    1988    3.671680  9.6095E-01
    1989    3.672320  9.6075E-01
    1990    3.672960  9.6055E-01
    1991    3.673600  9.6036E-01
    1992    3.674240  9.6018E-01
    1993    3.674880  9.6000E-01
    1994    3.675520  9.5984E-01
    1995    3.676160  9.5968E-01
    1996    3.676800  9.5954E-01
    1997    3.677440  9.5940E-01
    1998    3.678080  9.5928E-01
    1999    3.678720  9.5917E-01
    2000    3.679360  9.5907E-01
    2001    3.680000  9.5898E-01
    2002    3.680640  9.5890E-01
    2003    3.681280  9.5883E-01
    2004    3.681920  9.5877E-01
    2005    3.682560  9.5872E-01
    2006    3.683200  9.5869E-01
    2007    3.683840  9.5866E-01
    2008    3.684480  9.5864E-01
    2009    3.685120  9.5863E-01
    2010    3.685760  9.5862E-01
    2011    3.686400  9.5862E-01
    2012    3.687040  9.5863E-01
    2013    3.687680  9.5865E-01
    2014    3.688320  9.5867E-01
    2015    3.688960  9.5869E-01
    2016    3.689600  9.5871E-01
    2017    3.690240  9.5874E-01
    2018    3.690880  9.5877E-01
    2019    3.691520  9.5879E-01
    2020    3.692160  9.5882E-01
    2021    3.692800  9.5884E-01
    2022    3.693440  9.5887E-01
    2023    3.694080  9.5888E-01
    2024    3.694720  9.5890E-01
    2025    3.695360  9.5891E-01
    2026    3.696000  9.5892E-01
    2027    3.696640  9.5892E-01
    2028    3.697280  9.5891E-01
    2029    3.697920  9.5890E-01
    2030    3.698560  9.5888E-01
    2031    3.699200  9.5886E-01
    2032    3.699840  9.5883E-01
    2033    3.700480  9.5879E-01
    2034    3.701120  9.5875E-01
    2035    3.701760  9.5870E-01
    2036    3.702400  9.5865E-01
    2037    3.703040  9.5859E-01
    2038    3.703680  9.5852E-01
    2039    3.704320  9.5846E-01
    2040    3.704960  9.5838E-01
    2041    3.705600  9.5831E-01
    2042    3.706240  9.5823E-01
    2043    3.706880  9.5815E-01
    2044    3.707520  9.5807E-01
    2045    3.708160  9.5798E-01
    2046    3.708800  9.5790E-01
    2047    3.709440  9.5782E-01
    2048    3.710080  9.5774E-01
    2049    3.710720  9.5766E-01
    2050    3.711360  9.5758E-01
    2051    3.712000  9.5751E-01
    2052    3.712640  9.5743E-01
    2053    3.713280  9.5737E-01
    2054    3.713920  9.5730E-01
    2055    3.714560  9.5725E-01
    2056    3.715200  9.5719E-01
    2057    3.715840  9.5714E-01
    2058    3.716480  9.5710E-01
    2059    3.717120  9.5706E-01
    2060    3.717760  9.5703E-01
    2061    3.718400  9.5700E-01
    2062    3.719040  9.5697E-01
    2063    3.719680  9.5696E-01
    2064    3.720320  9.5694E-01
    2065    3.720960  9.5693E-01
    2066    3.721600  9.5693E-01
    2067    3.722240  9.5693E-01
    2068    3.722880  9.5693E-01
    2069    3.723520  9.5694E-01
    2070    3.724160  9.5695E-01
    2071    3.724800  9.5696E-01
    2072    3.725440  9.5697E-01
    2073    3.726080  9.5699E-01
    2074    3.726720  9.5700E-01
    2075    3.727360  9.5702E-01
    2076    3.728000  9.5704E-01
    2077    3.728640  9.5706E-01
    2078    3.729280  9.5707E-01
    2079    3.729920  9.5709E-01
    2080    3.730560  9.5710E-01
    2081    3.731200  9.5711E-01
    2082    3.731840  9.5712E-01
    2083    3.732480  9.5713E-01
    2084    3.733120  9.5713E-01
    2085    3.733760  9.5713E-01
    2086    3.734400  9.5713E-01
    2087    3.735040  9.5712E-01
    2088    3.735680  9.5710E-01
    2089    3.736320  9.5708E-01
    2090    3.736960  9.5706E-01
    2091    3.737600  9.5703E-01
    2092    3.738240  9.5699E-01
    2093    3.738880  9.5695E-01
    2094    3.739520  9.5690E-01
    2095    3.740160  9.5684E-01
    2096    3.740800  9.5678E-01
    2097    3.741440  9.5671E-01
    2098    3.742080  9.5663E-01
    2099    3.742720  9.5655E-01
    2100    3.743360  9.5646E-01
    2101    3.744000  9.5637E-01
    2102    3.744640  9.5627E-01
    2103    3.745280  9.5616E-01
    2104    3.745920  9.5604E-01
    2105    3.746560  9.5592E-01
    2106    3.747200  9.5580E-01
    2107    3.747840  9.5567E-01
    2108    3.748480  9.5554E-01
    2109    3.749120  9.5540E-01
    2110    3.749760  9.5526E-01
    2111    3.750400  9.5511E-01
    2112    3.751040  9.5496E-01
    2113    3.751680  9.5482E-01
    2114    3.752320  9.5466E-01
    2115    3.752960  9.5451E-01
    2116    3.753600  9.5436E-01
    2117    3.754240  9.5421E-01
    2118    3.754880  9.5406E-01
    2119    3.755520  9.5392E-01
    2120    3.756160  9.5377E-01
    2121    3.756800  9.5363E-01
    2122    3.757440  9.5349E-01
    2123    3.758080  9.5336E-01
    2124    3.758720  9.5323E-01
    2125    3.759360  9.5311E-01
    2126    3.760000  9.5299E-01
    2127    3.760640  9.5288E-01
    2128    3.761280  9.5278E-01
    2129    3.761920  9.5268E-01
    2130    3.762560  9.5259E-01
    2131    3.763200  9.5251E-01
    2132    3.763840  9.5243E-01
    2133    3.764480  9.5236E-01
    2134    3.765120  9.5230E-01
    2135    3.765760  9.5225E-01
    2136    3.766400  9.5220E-01
    2137    3.767040  9.5216E-01
    2138    3.767680  9.5213E-01
    2139    3.768320  9.5211E-01
    2140    3.768960  9.5209E-01
    2141    3.769600  9.5207E-01
    2142    3.770240  9.5206E-01
    2143    3.770880  9.5206E-01
    2144    3.771520  9.5206E-01
    2145    3.772160  9.5207E-01
    2146    3.772800  9.5207E-01
    2147    3.773440  9.5208E-01
    2148    3.774080  9.5210E-01
    2149    3.774720  9.5211E-01
    2150    3.775360  9.5213E-01
    2151    3.776000  9.5215E-01
    2152    3.776640  9.5216E-01
    2153    3.777280  9.5218E-01
    2154    3.777920  9.5220E-01
    2155    3.778560  9.5221E-01
    2156    3.779200  9.5222E-01
    2157    3.779840  9.5224E-01
    2158    3.780480  9.5224E-01
    2159    3.781120  9.5225E-01
    2160    3.781760  9.5225E-01
    2161    3.782400  9.5225E-01
    2162    3.783040  9.5225E-01
    2163    3.783680  9.5224E-01
    2164    3.784320  9.5223E-01
    2165    3.784960  9.5222E-01
    2166    3.785600  9.5220E-01
    2167    3.786240  9.5217E-01
    2168    3.786880  9.5214E-01
    2169    3.787520  9.5211E-01
    2170    3.788160  9.5207E-01
    2171    3.788800  9.5203E-01
    2172    3.789440  9.5199E-01
    2173    3.790080  9.5194E-01
    2174    3.790720  9.5189E-01
    2175    3.791360  9.5183E-01
    2176    3.792000  9.5177E-01
    2177    3.792640  9.5170E-01
    2178    3.793280  9.5163E-01
    2179    3.793920  9.5156E-01
    2180    3.794560  9.5149E-01
    2181    3.795200  9.5141E-01
    2182    3.795840  9.5133E-01
    2183    3.796480  9.5124E-01
    2184    3.797120  9.5116E-01
    2185    3.797760  9.5107E-01
    2186    3.798400  9.5098E-01
    2187    3.799040  9.5088E-01
    2188    3.799680  9.5079E-01
    2189    3.800320  9.5070E-01
    2190    3.800960  9.5060E-01
    2191    3.801600  9.5050E-01
    2192    3.802240  9.5040E-01
    2193    3.802880  9.5030E-01
    2194    3.803520  9.5020E-01
    2195    3.804160  9.5010E-01
    2196    3.804800  9.5000E-01
    2197    3.805440  9.4990E-01
    2198    3.806080  9.4979E-01
    2199    3.806720  9.4969E-01
    2200    3.807360  9.4959E-01
    2201    3.808000  9.4948E-01
    2202    3.808640  9.4938E-01
    2203    3.809280  9.4927E-01
    2204    3.809920  9.4917E-01
    2205    3.810560  9.4906E-01
    2206    3.811200  9.4895E-01
    2207    3.811840  9.4884E-01
    2208    3.812480  9.4873E-01
    2209    3.813120  9.4862E-01
    2210    3.813760  9.4850E-01
    2211    3.814400  9.4839E-01
    2212    3.815040  9.4827E-01
    2213    3.815680  9.4814E-01
    2214    3.816320  9.4801E-01
    2215    3.816960  9.4788E-01
    2216    3.817600  9.4775E-01
    2217    3.818240  9.4761E-01
    2218    3.818880  9.4746E-01
    2219    3.819520  9.4731E-01
    2220    3.820160  9.4716E-01
    2221    3.820800  9.4699E-01
    2222    3.821440  9.4682E-01
    2223    3.822080  9.4665E-01
    2224    3.822720  9.4646E-01
    2225    3.823360  9.4627E-01
    2226    3.824000  9.4607E-01
    2227    3.824640  9.4587E-01
    2228    3.825280  9.4565E-01
    2229    3.825920  9.4543E-01
    2230    3.826560  9.4520E-01
    2231    3.827200  9.4496E-01
    2232    3.827840  9.4471E-01
    2233    3.828480  9.4445E-01
    2234    3.829120  9.4418E-01
    2235    3.829760  9.4390E-01
    2236    3.830400  9.4362E-01
    2237    3.831040  9.4332E-01
    2238    3.831680  9.4302E-01
    2239    3.832320  9.4271E-01
    2240    3.832960  9.4239E-01
    2241    3.833600  9.4205E-01
    2242    3.834240  9.4171E-01
    2243    3.834880  9.4136E-01
    2244    3.835520  9.4100E-01
    2245    3.836160  9.4063E-01
    2246    3.836800  9.4025E-01
    2247    3.837440  9.3985E-01
    2248    3.838080  9.3945E-01
    2249    3.838720  9.3903E-01
    2250    3.839360  9.3861E-01
    2251    3.840000  9.3817E-01
    2252    3.840640  9.3771E-01
    2253    3.841280  9.3725E-01
    2254    3.841920  9.3677E-01
    2255    3.842560  9.3627E-01
    2256    3.843200  9.3576E-01
    2257    3.843840  9.3523E-01
    2258    3.844480  9.3468E-01
    2259    3.845120  9.3411E-01
    2260    3.845760  9.3352E-01
    2261    3.846400  9.3292E-01
    2262    3.847040  9.3228E-01
    2263    3.847680  9.3163E-01
    2264    3.848320  9.3095E-01
    2265    3.848960  9.3025E-01
    2266    3.849600  9.2952E-01
    2267    3.850240  9.2876E-01
    2268    3.850880  9.2797E-01
    2269    3.851520  9.2715E-01
    2270    3.852160  9.2630E-01
    2271    3.852800  9.2542E-01
    2272    3.853440  9.2451E-01
    2273    3.854080  9.2357E-01
    2274    3.854720  9.2258E-01
    2275    3.855360  9.2157E-01
    2276    3.856000  9.2052E-01
    2277    3.856640  9.1944E-01
    2278    3.857280  9.1832E-01
    2279    3.857920  9.1716E-01
    2280    3.858560  9.1598E-01
    2281    3.859200  9.1475E-01
    2282    3.859840  9.1350E-01
    2283    3.860480  9.1221E-01
    2284    3.861120  9.1089E-01
    2285    3.861760  9.0955E-01
    2286    3.862400  9.0817E-01
    2287    3.863040  9.0677E-01
    2288    3.863680  9.0535E-01
    2289    3.864320  9.0390E-01
    2290    3.864960  9.0244E-01
    2291    3.865600  9.0096E-01
    2292    3.866240  8.9947E-01
    2293    3.866880  8.9797E-01
    2294    3.867520  8.9646E-01
    2295    3.868160  8.9495E-01
    2296    3.868800  8.9345E-01
    2297    3.869440  8.9195E-01
    2298    3.870080  8.9046E-01
    2299    3.870720  8.8898E-01
    2300    3.871360  8.8752E-01
    2301    3.872000  8.8609E-01
    2302    3.872640  8.8468E-01
    2303    3.873280  8.8331E-01
    2304    3.873920  8.8197E-01
    2305    3.874560  8.8067E-01
    2306    3.875200  8.7941E-01
    2307    3.875840  8.7821E-01
    2308    3.876480  8.7705E-01
    2309    3.877120  8.7595E-01
    2310    3.877760  8.7491E-01
    2311    3.878400  8.7393E-01
    2312    3.879040  8.7301E-01
    2313    3.879680  8.7216E-01
    2314    3.880320  8.7137E-01
    2315    3.880960  8.7066E-01
    2316    3.881600  8.7002E-01
    2317    3.882240  8.6944E-01
    2318    3.882880  8.6894E-01
    2319    3.883520  8.6851E-01
    2320    3.884160  8.6815E-01
    2321    3.884800  8.6786E-01
    2322    3.885440  8.6764E-01
    2323    3.886080  8.6749E-01
    2324    3.886720  8.6740E-01
    2325    3.887360  8.6737E-01
    2326    3.888000  8.6740E-01
    2327    3.888640  8.6748E-01
    2328    3.889280  8.6761E-01
    2329    3.889920  8.6780E-01
    2330    3.890560  8.6802E-01
    2331    3.891200  8.6829E-01
    2332    3.891840  8.6859E-01
    2333    3.892480  8.6892E-01
    2334    3.893120  8.6928E-01
    2335    3.893760  8.6966E-01
    2336    3.894400  8.7006E-01
    2337    3.895040  8.7047E-01
    2338    3.895680  8.7088E-01
    2339    3.896320  8.7131E-01
    2340    3.896960  8.7173E-01
    2341    3.897600  8.7215E-01
    2342    3.898240  8.7256E-01
    2343    3.898880  8.7297E-01
    2344    3.899520  8.7336E-01
    2345    3.900160  8.7374E-01
    2346    3.900800  8.7410E-01
    2347    3.901440  8.7444E-01
    2348    3.902080  8.7477E-01
    2349    3.902720  8.7507E-01
    2350    3.903360  8.7535E-01
    2351    3.904000  8.7561E-01
    2352    3.904640  8.7584E-01
    2353    3.905280  8.7605E-01
    2354    3.905920  8.7625E-01
    2355    3.906560  8.7642E-01
    2356    3.907200  8.7657E-01
    2357    3.907840  8.7671E-01
    2358    3.908480  8.7683E-01
    2359    3.909120  8.7693E-01
    2360    3.909760  8.7703E-01
    2361    3.910400  8.7711E-01
    2362    3.911040  8.7718E-01
    2363    3.911680  8.7725E-01
    2364    3.912320  8.7731E-01
    2365    3.912960  8.7737E-01
    2366    3.913600  8.7743E-01
    2367    3.914240  8.7750E-01
    2368    3.914880  8.7756E-01
    2369    3.915520  8.7764E-01
    2370    3.916160  8.7772E-01
    2371    3.916800  8.7781E-01
    2372    3.917440  8.7791E-01
    2373    3.918080  8.7802E-01
    2374    3.918720  8.7814E-01
    2375    3.919360  8.7828E-01
    2376    3.920000  8.7844E-01
    2377    3.920640  8.7860E-01
    2378    3.921280  8.7879E-01
    2379    3.921920  8.7899E-01
    2380    3.922560  8.7920E-01
    2381    3.923200  8.7943E-01
    2382    3.923840  8.7968E-01
    2383    3.924480  8.7994E-01
    2384    3.925120  8.8021E-01
    2385    3.925760  8.8050E-01
    2386    3.926400  8.8080E-01
    2387    3.927040  8.8111E-01
    2388    3.927680  8.8144E-01
    2389    3.928320  8.8177E-01
    2390    3.928960  8.8211E-01
    2391    3.929600  8.8246E-01
    2392    3.930240  8.8282E-01
    2393    3.930880  8.8318E-01
    2394    3.931520  8.8354E-01
    2395    3.932160  8.8391E-01
    2396    3.932800  8.8428E-01
    2397    3.933440  8.8465E-01
    2398    3.934080  8.8503E-01
    2399    3.934720  8.8540E-01
    2400    3.935360  8.8577E-01
    2401    3.936000  8.8613E-01
    2402    3.936640  8.8649E-01
    2403    3.937280  8.8685E-01
    2404    3.937920  8.8720E-01
    2405    3.938560  8.8755E-01
    2406    3.939200  8.8788E-01
    2407    3.939840  8.8821E-01
    2408    3.940480  8.8853E-01
    2409    3.941120  8.8884E-01
    2410    3.941760  8.8914E-01
    2411    3.942400  8.8943E-01
    2412    3.943040  8.8971E-01
    2413    3.943680  8.8998E-01
    2414    3.944320  8.9023E-01
    2415    3.944960  8.9047E-01
    2416    3.945600  8.9070E-01
    2417    3.946240  8.9091E-01
    2418    3.946880  8.9111E-01
    2419    3.947520  8.9130E-01
    2420    3.948160  8.9147E-01
    2421    3.948800  8.9162E-01
    2422    3.949440  8.9176E-01
    2423    3.950080  8.9188E-01
    2424    3.950720  8.9199E-01
    2425    3.951360  8.9208E-01
    2426    3.952000  8.9215E-01
    2427    3.952640  8.9220E-01
    2428    3.953280  8.9224E-01
    2429    3.953920  8.9225E-01
    2430    3.954560  8.9225E-01
    2431    3.955200  8.9224E-01
    2432    3.955840  8.9220E-01
    2433    3.956480  8.9215E-01
    2434    3.957120  8.9207E-01
    2435    3.957760  8.9198E-01
    2436    3.958400  8.9188E-01
    2437    3.959040  8.9175E-01
    2438    3.959680  8.9160E-01
    2439    3.960320  8.9144E-01
    2440    3.960960  8.9126E-01
    2441    3.961600  8.9107E-01
    2442    3.962240  8.9086E-01
    2443    3.962880  8.9063E-01
    2444    3.963520  8.9038E-01
    2445    3.964160  8.9012E-01
    2446    3.964800  8.8985E-01
    2447    3.965440  8.8956E-01
    2448    3.966080  8.8926E-01
    2449    3.966720  8.8895E-01
    2450    3.967360  8.8862E-01
    2451    3.968000  8.8828E-01
    2452    3.968640  8.8793E-01
    2453    3.969280  8.8757E-01
    2454    3.969920  8.8720E-01
    2455    3.970560  8.8683E-01
    2456    3.971200  8.8644E-01
    2457    3.971840  8.8605E-01
    2458    3.972480  8.8565E-01
    2459    3.973120  8.8524E-01
    2460    3.973760  8.8483E-01
    2461    3.974400  8.8442E-01
    2462    3.975040  8.8400E-01
    2463    3.975680  8.8357E-01
    2464    3.976320  8.8315E-01
    2465    3.976960  8.8272E-01
    2466    3.977600  8.8229E-01
    2467    3.978240  8.8186E-01
    2468    3.978880  8.8143E-01
    2469    3.979520  8.8100E-01
    2470    3.980160  8.8058E-01
    2471    3.980800  8.8015E-01
    2472    3.981440  8.7972E-01
    2473    3.982080  8.7930E-01
    2474    3.982720  8.7888E-01
    2475    3.983360  8.7846E-01
    2476    3.984000  8.7805E-01
    2477    3.984640  8.7763E-01
    2478    3.985280  8.7723E-01
    2479    3.985920  8.7682E-01
    2480    3.986560  8.7643E-01
    2481    3.987200  8.7603E-01
    2482    3.987840  8.7565E-01
    2483    3.988480  8.7526E-01
    2484    3.989120  8.7489E-01
    2485    3.989760  8.7451E-01
    2486    3.990400  8.7415E-01
    2487    3.991040  8.7379E-01
    2488    3.991680  8.7344E-01
    2489    3.992320  8.7309E-01
    2490    3.992960  8.7276E-01
    2491    3.993600  8.7242E-01
    2492    3.994240  8.7210E-01
    2493    3.994880  8.7178E-01
    2494    3.995520  8.7148E-01
    2495    3.996160  8.7117E-01
    2496    3.996800  8.7088E-01
    2497    3.997440  8.7060E-01
    2498    3.998080  8.7032E-01
    2499    3.998720  8.7005E-01
    2500    3.999360  8.6979E-01
    2501    4.000000  8.6954E-01
