       1   30.000000  4.0266E-02
       2   30.007500  7.2062E-02
       3   30.015000  7.3025E-02
       4   30.022500  7.3947E-02
       5   30.030000  7.4822E-02
       6   30.037500  7.5644E-02
       7   30.045000  7.6408E-02
       8   30.052500  7.7108E-02
       9   30.060000  7.7740E-02
      10   30.067500  7.8298E-02
      11   30.075000  7.8778E-02
      12   30.082500  7.9176E-02
      13   30.090000  7.9487E-02
      14   30.097500  7.9708E-02
      15   30.105000  7.9836E-02
      16   30.112500  7.9867E-02
      17   30.120000  7.9801E-02
      18   30.127500  7.9634E-02
      19   30.135000  7.9366E-02
      20   30.142500  7.8996E-02
      21   30.150000  7.8523E-02
      22   30.157500  7.7949E-02
      23   30.165000  7.7272E-02
      24   30.172500  7.6496E-02
      25   30.180000  7.5621E-02
      26   30.187500  7.4650E-02
      27   30.195000  7.3587E-02
      28   30.202500  7.2433E-02
      29   30.210000  7.1193E-02
      30   30.217500  6.9872E-02
      31   30.225000  6.8473E-02
      32   30.232500  6.7001E-02
      33   30.240000  6.5462E-02
      34   30.247500  6.3861E-02
      35   30.255000  6.2204E-02
      36   30.262500  6.0497E-02
      37   30.270000  5.8745E-02
      38   30.277500  5.6956E-02
      39   30.285000  5.5134E-02
      40   30.292500  5.3286E-02
      41   30.300000  5.1419E-02
      42   30.307500  4.9538E-02
      43   30.315000  4.7650E-02
      44   30.322500  4.5760E-02
      45   30.330000  4.3874E-02
      46   30.337500  4.1998E-02
      47   30.345000  4.0137E-02
      48   30.352500  3.8295E-02
      49   30.360000  3.6478E-02
      50   30.367500  3.4690E-02
      51   30.375000  3.2936E-02
      52   30.382500  3.1218E-02
      53   30.390000  2.9541E-02
      54   30.397500  2.7907E-02
      55   30.405000  2.6320E-02
      56   30.412500  2.4781E-02
      57   30.420000  2.3293E-02
      58   30.427500  2.1857E-02
      59   30.435000  2.0475E-02
      60   30.442500  1.9148E-02
      61   30.450000  1.7877E-02
      62   30.457500  1.6661E-02
      63   30.465000  1.5502E-02
      64   30.472500  1.4399E-02
      65   30.480000  1.3352E-02
      66   30.487500  1.2359E-02
      67   30.495000  1.1421E-02
      68   30.502500  1.0536E-02
      69   30.510000  9.7033E-03
      70   30.517500  8.9212E-03
      71   30.525000  8.1883E-03
      72   30.532500  7.5032E-03
      73   30.540000  6.8640E-03
      74   30.547500  6.2691E-03
      75   30.555000  5.7167E-03
      76   30.562500  5.2049E-03
      77   30.570000  4.7318E-03
      78   30.577500  4.2957E-03
      79   30.585000  3.8946E-03
      80   30.592500  3.5267E-03
      81   30.600000  3.1903E-03
      82   30.607500  2.8835E-03
      83   30.615000  2.6046E-03
      84   30.622500  2.3521E-03
      85   30.630000  2.1244E-03
      86   30.637500  1.9200E-03
      87   30.645000  1.7375E-03
      88   30.652500  1.5757E-03
      89   30.660000  1.4333E-03
      90   30.667500  1.3093E-03
      91   30.675000  1.2027E-03
      92   30.682500  1.1127E-03
      93   30.690000  1.0385E-03
      94   30.697500  9.7958E-04
      95   30.705000  9.3533E-04
      96   30.712500  9.0544E-04
      97   30.720000  8.8965E-04
      98   30.727500  8.8786E-04
      99   30.735000  9.0008E-04
     100   30.742500  9.2647E-04
     101   30.750000  9.6731E-04
     102   30.757500  1.0230E-03
     103   30.765000  1.0942E-03
     104   30.772500  1.1815E-03
     105   30.780000  1.2858E-03
     106   30.787500  1.4081E-03
     107   30.795000  1.5495E-03
     108   30.802500  1.7113E-03
     109   30.810000  1.8949E-03
     110   30.817500  2.1019E-03
     111   30.825000  2.3341E-03
     112   30.832500  2.5933E-03
     113   30.840000  2.8816E-03
     114   30.847500  3.2011E-03
     115   30.855000  3.5541E-03
     116   30.862500  3.9432E-03
     117   30.870000  4.3710E-03
     118   30.877500  4.8402E-03
     119   30.885000  5.3537E-03
     120   30.892500  5.9144E-03
     121   30.900000  6.5257E-03
     122   30.907500  7.1905E-03
     123   30.915000  7.9124E-03
     124   30.922500  8.6947E-03
     125   30.930000  9.5408E-03
     126   30.937500  1.0454E-02
     127   30.945000  1.1439E-02
     128   30.952500  1.2498E-02
     129   30.960000  1.3635E-02
     130   30.967500  1.4854E-02
     131   30.975000  1.6157E-02
     132   30.982500  1.7550E-02
     133   30.990000  1.9034E-02
     134   30.997500  2.0613E-02
     135   31.005000  2.2289E-02
     136   31.012500  2.4066E-02
     137   31.020000  2.5946E-02
     138   31.027500  2.7931E-02
     139   31.035000  3.0024E-02
     140   31.042500  3.2225E-02
     141   31.050000  3.4535E-02
     142   31.057500  3.6956E-02
     143   31.065000  3.9488E-02
     144   31.072500  4.2131E-02
     145   31.080000  4.4883E-02
     146   31.087500  4.7744E-02
     147   31.095000  5.0712E-02
     148   31.102500  5.3785E-02
     149   31.110000  5.6958E-02
     150   31.117500  6.0230E-02
     151   31.125000  6.3595E-02
     152   31.132500  6.7048E-02
     153   31.140000  7.0585E-02
     154   31.147500  7.4198E-02
     155   31.155000  7.7881E-02
     156   31.162500  8.1627E-02
     157   31.170000  8.5427E-02
     158   31.177500  8.9273E-02
     159   31.185000  9.3155E-02
     160   31.192500  9.7063E-02
     161   31.200000  1.0099E-01
     162   31.207500  1.0492E-01
     163   31.215000  1.0884E-01
     164   31.222500  1.1275E-01
     165   31.230000  1.1663E-01
     166   31.237500  1.2046E-01
     167   31.245000  1.2424E-01
     168   31.252500  1.2796E-01
     169   31.260000  1.3160E-01
     170   31.267500  1.3514E-01
     171   31.275000  1.3858E-01
     172   31.282500  1.4191E-01
     173   31.290000  1.4511E-01
     174   31.297500  1.4816E-01
     175   31.305000  1.5107E-01
     176   31.312500  1.5381E-01
     177   31.320000  1.5638E-01
     178   31.327500  1.5876E-01
     179   31.335000  1.6095E-01
     180   31.342500  1.6294E-01
     181   31.350000  1.6473E-01
     182   31.357500  1.6629E-01
     183   31.365000  1.6763E-01
     184   31.372500  1.6875E-01
     185   31.380000  1.6963E-01
     186   31.387500  1.7028E-01
     187   31.395000  1.7068E-01
     188   31.402500  1.7085E-01
     189   31.410000  1.7078E-01
     190   31.417500  1.7047E-01
     191   31.425000  1.6992E-01
     192   31.432500  1.6914E-01
     193   31.440000  1.6812E-01
     194   31.447500  1.6688E-01
     195   31.455000  1.6542E-01
     196   31.462500  1.6375E-01
     197   31.470000  1.6187E-01
     198   31.477500  1.5980E-01
     199   31.485000  1.5753E-01
     200   31.492500  1.5510E-01
     201   31.500000  1.5249E-01
     202   31.507500  1.4974E-01
     203   31.515000  1.4684E-01
     204   31.522500  1.4382E-01
     205   31.530000  1.4069E-01
     206   31.537500  1.3746E-01
     207   31.545000  1.3414E-01
     208   31.552500  1.3076E-01
     209   31.560000  1.2732E-01
     210   31.567500  1.2385E-01
     211   31.575000  1.2035E-01
     212   31.582500  1.1685E-01
     213   31.590000  1.1336E-01
     214   31.597500  1.0989E-01
     215   31.605000  1.0647E-01
     216   31.612500  1.0309E-01
     217   31.620000  9.9791E-02
     218   31.627500  9.6572E-02
     219   31.635000  9.3450E-02
     220   31.642500  9.0439E-02
     221   31.650000  8.7550E-02
     222   31.657500  8.4796E-02
     223   31.665000  8.2187E-02
     224   31.672500  7.9733E-02
     225   31.680000  7.7445E-02
     226   31.687500  7.5331E-02
     227   31.695000  7.3398E-02
     228   31.702500  7.1652E-02
     229   31.710000  7.0101E-02
     230   31.717500  6.8748E-02
     231   31.725000  6.7597E-02
     232   31.732500  6.6651E-02
     233   31.740000  6.5912E-02
     234   31.747500  6.5382E-02
     235   31.755000  6.5058E-02
     236   31.762500  6.4942E-02
     237   31.770000  6.5030E-02
     238   31.777500  6.5319E-02
     239   31.785000  6.5806E-02
     240   31.792500  6.6487E-02
     241   31.800000  6.7355E-02
     242   31.807500  6.8404E-02
     243   31.815000  6.9627E-02
     244   31.822500  7.1017E-02
     245   31.830000  7.2565E-02
     246   31.837500  7.4262E-02
     247   31.845000  7.6099E-02
     248   31.852500  7.8065E-02
     249   31.860000  8.0151E-02
     250   31.867500  8.2346E-02
     251   31.875000  8.4639E-02
     252   31.882500  8.7018E-02
     253   31.890000  8.9472E-02
     254   31.897500  9.1990E-02
     255   31.905000  9.4561E-02
     256   31.912500  9.7171E-02
     257   31.920000  9.9811E-02
     258   31.927500  1.0247E-01
     259   31.935000  1.0513E-01
     260   31.942500  1.0779E-01
     261   31.950000  1.1044E-01
     262   31.957500  1.1305E-01
     263   31.965000  1.1563E-01
     264   31.972500  1.1817E-01
     265   31.980000  1.2065E-01
     266   31.987500  1.2306E-01
     267   31.995000  1.2541E-01
     268   32.002500  1.2767E-01
     269   32.010000  1.2984E-01
     270   32.017500  1.3191E-01
     271   32.025000  1.3389E-01
     272   32.032500  1.3575E-01
     273   32.040000  1.3750E-01
     274   32.047500  1.3913E-01
     275   32.055000  1.4063E-01
     276   32.062500  1.4201E-01
     277   32.070000  1.4326E-01
     278   32.077500  1.4437E-01
     279   32.085000  1.4535E-01
     280   32.092500  1.4618E-01
     281   32.100000  1.4688E-01
     282   32.107500  1.4744E-01
     283   32.115000  1.4786E-01
     284   32.122500  1.4814E-01
     285   32.130000  1.4829E-01
     286   32.137500  1.4830E-01
     287   32.145000  1.4817E-01
     288   32.152500  1.4791E-01
     289   32.160000  1.4753E-01
     290   32.167500  1.4702E-01
     291   32.175000  1.4639E-01
     292   32.182500  1.4564E-01
     293   32.190000  1.4478E-01
     294   32.197500  1.4381E-01
     295   32.205000  1.4275E-01
     296   32.212500  1.4158E-01
     297   32.220000  1.4033E-01
     298   32.227500  1.3899E-01
     299   32.235000  1.3757E-01
     300   32.242500  1.3608E-01
     301   32.250000  1.3453E-01
     302   32.257500  1.3291E-01
     303   32.265000  1.3124E-01
     304   32.272500  1.2952E-01
     305   32.280000  1.2775E-01
     306   32.287500  1.2595E-01
     307   32.295000  1.2411E-01
     308   32.302500  1.2225E-01
     309   32.310000  1.2036E-01
     310   32.317500  1.1846E-01
     311   32.325000  1.1654E-01
     312   32.332500  1.1460E-01
     313   32.340000  1.1266E-01
     314   32.347500  1.1072E-01
     315   32.355000  1.0877E-01
     316   32.362500  1.0682E-01
     317   32.370000  1.0487E-01
     318   32.377500  1.0292E-01
     319   32.385000  1.0098E-01
     320   32.392500  9.9041E-02
     321   32.400000  9.7105E-02
     322   32.407500  9.5174E-02
     323   32.415000  9.3248E-02
     324   32.422500  9.1326E-02
     325   32.430000  8.9407E-02
     326   32.437500  8.7492E-02
     327   32.445000  8.5579E-02
     328   32.452500  8.3668E-02
     329   32.460000  8.1759E-02
     330   32.467500  7.9851E-02
     331   32.475000  7.7943E-02
     332   32.482500  7.6034E-02
     333   32.490000  7.4125E-02
     334   32.497500  7.2215E-02
     335   32.505000  7.0304E-02
     336   32.512500  6.8392E-02
     337   32.520000  6.6480E-02
     338   32.527500  6.4568E-02
     339   32.535000  6.2657E-02
     340   32.542500  6.0747E-02
     341   32.550000  5.8840E-02
     342   32.557500  5.6938E-02
     343   32.565000  5.5041E-02
     344   32.572500  5.3152E-02
     345   32.580000  5.1271E-02
     346   32.587500  4.9403E-02
     347   32.595000  4.7547E-02
     348   32.602500  4.5708E-02
     349   32.610000  4.3886E-02
     350   32.617500  4.2085E-02
     351   32.625000  4.0306E-02
     352   32.632500  3.8553E-02
     353   32.640000  3.6827E-02
     354   32.647500  3.5131E-02
     355   32.655000  3.3468E-02
     356   32.662500  3.1839E-02
     357   32.670000  3.0246E-02
     358   32.677500  2.8692E-02
     359   32.685000  2.7178E-02
     360   32.692500  2.5707E-02
     361   32.700000  2.4279E-02
     362   32.707500  2.2895E-02
     363   32.715000  2.1558E-02
     364   32.722500  2.0268E-02
     365   32.730000  1.9026E-02
     366   32.737500  1.7831E-02
     367   32.745000  1.6686E-02
     368   32.752500  1.5589E-02
     369   32.760000  1.4542E-02
     370   32.767500  1.3543E-02
     371   32.775000  1.2592E-02
     372   32.782500  1.1689E-02
     373   32.790000  1.0833E-02
     374   32.797500  1.0023E-02
     375   32.805000  9.2586E-03
     376   32.812500  8.5384E-03
     377   32.820000  7.8611E-03
     378   32.827500  7.2255E-03
     379   32.835000  6.6303E-03
     380   32.842500  6.0740E-03
     381   32.850000  5.5550E-03
     382   32.857500  5.0719E-03
     383   32.865000  4.6231E-03
     384   32.872500  4.2070E-03
     385   32.880000  3.8220E-03
     386   32.887500  3.4665E-03
     387   32.895000  3.1390E-03
     388   32.902500  2.8377E-03
     389   32.910000  2.5613E-03
     390   32.917500  2.3082E-03
     391   32.925000  2.0770E-03
     392   32.932500  1.8662E-03
     393   32.940000  1.6744E-03
     394   32.947500  1.5004E-03
     395   32.955000  1.3429E-03
     396   32.962500  1.2007E-03
     397   32.970000  1.0726E-03
     398   32.977500  9.5766E-04
     399   32.985000  8.5480E-04
     400   32.992500  7.6310E-04
     401   33.000000  6.8168E-04
     402   33.007500  6.0973E-04
     403   33.015000  5.4651E-04
     404   33.022500  4.9134E-04
     405   33.030000  4.4359E-04
     406   33.037500  4.0270E-04
     407   33.045000  3.6818E-04
     408   33.052500  3.3958E-04
     409   33.060000  3.1652E-04
     410   33.067500  2.9866E-04
     411   33.075000  2.8573E-04
     412   33.082500  2.7750E-04
     413   33.090000  2.7381E-04
     414   33.097500  2.7454E-04
     415   33.105000  2.7962E-04
     416   33.112500  2.8904E-04
     417   33.120000  3.0283E-04
     418   33.127500  3.2107E-04
     419   33.135000  3.4390E-04
     420   33.142500  3.7151E-04
     421   33.150000  4.0414E-04
     422   33.157500  4.4209E-04
     423   33.165000  4.8570E-04
     424   33.172500  5.3538E-04
     425   33.180000  5.9158E-04
     426   33.187500  6.5484E-04
     427   33.195000  7.2573E-04
     428   33.202500  8.0488E-04
     429   33.210000  8.9300E-04
     430   33.217500  9.9087E-04
     431   33.225000  1.0993E-03
     432   33.232500  1.2192E-03
     433   33.240000  1.3515E-03
     434   33.247500  1.4973E-03
     435   33.255000  1.6577E-03
     436   33.262500  1.8338E-03
     437   33.270000  2.0268E-03
     438   33.277500  2.2380E-03
     439   33.285000  2.4688E-03
     440   33.292500  2.7206E-03
     441   33.300000  2.9948E-03
     442   33.307500  3.2928E-03
     443   33.315000  3.6163E-03
     444   33.322500  3.9668E-03
     445   33.330000  4.3459E-03
     446   33.337500  4.7551E-03
     447   33.345000  5.1961E-03
     448   33.352500  5.6704E-03
     449   33.360000  6.1797E-03
     450   33.367500  6.7253E-03
     451   33.375000  7.3090E-03
     452   33.382500  7.9320E-03
     453   33.390000  8.5956E-03
     454   33.397500  9.3013E-03
     455   33.405000  1.0050E-02
     456   33.412500  1.0843E-02
     457   33.420000  1.1681E-02
     458   33.427500  1.2565E-02
     459   33.435000  1.3495E-02
     460   33.442500  1.4472E-02
     461   33.450000  1.5495E-02
     462   33.457500  1.6566E-02
     463   33.465000  1.7684E-02
     464   33.472500  1.8847E-02
     465   33.480000  2.0057E-02
     466   33.487500  2.1311E-02
     467   33.495000  2.2608E-02
     468   33.502500  2.3948E-02
     469   33.510000  2.5329E-02
     470   33.517500  2.6748E-02
     471   33.525000  2.8204E-02
     472   33.532500  2.9694E-02
     473   33.540000  3.1216E-02
     474   33.547500  3.2767E-02
     475   33.555000  3.4345E-02
     476   33.562500  3.5946E-02
     477   33.570000  3.7567E-02
     478   33.577500  3.9206E-02
     479   33.585000  4.0857E-02
     480   33.592500  4.2519E-02
     481   33.600000  4.4188E-02
     482   33.607500  4.5860E-02
     483   33.615000  4.7531E-02
     484   33.622500  4.9199E-02
     485   33.630000  5.0859E-02
     486   33.637500  5.2509E-02
     487   33.645000  5.4146E-02
     488   33.652500  5.5765E-02
     489   33.660000  5.7365E-02
     490   33.667500  5.8942E-02
     491   33.675000  6.0493E-02
     492   33.682500  6.2017E-02
     493   33.690000  6.3510E-02
     494   33.697500  6.4971E-02
     495   33.705000  6.6397E-02
     496   33.712500  6.7788E-02
     497   33.720000  6.9140E-02
     498   33.727500  7.0454E-02
     499   33.735000  7.1727E-02
     500   33.742500  7.2959E-02
     501   33.750000  7.4148E-02
     502   33.757500  7.5293E-02
     503   33.765000  7.6395E-02
     504   33.772500  7.7452E-02
     505   33.780000  7.8463E-02
     506   33.787500  7.9428E-02
     507   33.795000  8.0347E-02
     508   33.802500  8.1219E-02
     509   33.810000  8.2043E-02
     510   33.817500  8.2819E-02
     511   33.825000  8.3547E-02
     512   33.832500  8.4225E-02
     513   33.840000  8.4853E-02
     514   33.847500  8.5430E-02
     515   33.855000  8.5955E-02
     516   33.862500  8.6427E-02
     517   33.870000  8.6846E-02
     518   33.877500  8.7210E-02
     519   33.885000  8.7518E-02
     520   33.892500  8.7769E-02
     521   33.900000  8.7961E-02
     522   33.907500  8.8093E-02
     523   33.915000  8.8164E-02
     524   33.922500  8.8172E-02
     525   33.930000  8.8116E-02
     526   33.937500  8.7995E-02
     527   33.945000  8.7807E-02
     528   33.952500  8.7552E-02
     529   33.960000  8.7228E-02
     530   33.967500  8.6834E-02
     531   33.975000  8.6370E-02
     532   33.982500  8.5834E-02
     533   33.990000  8.5227E-02
     534   33.997500  8.4548E-02
     535   34.005000  8.3798E-02
     536   34.012500  8.2976E-02
     537   34.020000  8.2083E-02
     538   34.027500  8.1119E-02
     539   34.035000  8.0087E-02
     540   34.042500  7.8987E-02
     541   34.050000  7.7820E-02
     542   34.057500  7.6590E-02
     543   34.065000  7.5297E-02
     544   34.072500  7.3944E-02
     545   34.080000  7.2535E-02
     546   34.087500  7.1072E-02
     547   34.095000  6.9557E-02
     548   34.102500  6.7996E-02
     549   34.110000  6.6390E-02
     550   34.117500  6.4745E-02
     551   34.125000  6.3063E-02
     552   34.132500  6.1350E-02
     553   34.140000  5.9608E-02
     554   34.147500  5.7843E-02
     555   34.155000  5.6059E-02
     556   34.162500  5.4260E-02
     557   34.170000  5.2451E-02
     558   34.177500  5.0635E-02
     559   34.185000  4.8818E-02
     560   34.192500  4.7003E-02
     561   34.200000  4.5195E-02
     562   34.207500  4.3398E-02
     563   34.215000  4.1615E-02
     564   34.222500  3.9850E-02
     565   34.230000  3.8108E-02
     566   34.237500  3.6390E-02
     567   34.245000  3.4702E-02
     568   34.252500  3.3045E-02
     569   34.260000  3.1422E-02
     570   34.267500  2.9836E-02
     571   34.275000  2.8290E-02
     572   34.282500  2.6785E-02
     573   34.290000  2.5323E-02
     574   34.297500  2.3906E-02
     575   34.305000  2.2535E-02
     576   34.312500  2.1211E-02
     577   34.320000  1.9935E-02
     578   34.327500  1.8708E-02
     579   34.335000  1.7531E-02
     580   34.342500  1.6403E-02
     581   34.350000  1.5324E-02
     582   34.357500  1.4295E-02
     583   34.365000  1.3315E-02
     584   34.372500  1.2384E-02
     585   34.380000  1.1500E-02
     586   34.387500  1.0663E-02
     587   34.395000  9.8729E-03
     588   34.402500  9.1274E-03
     589   34.410000  8.4259E-03
     590   34.417500  7.7670E-03
     591   34.425000  7.1495E-03
     592   34.432500  6.5720E-03
     593   34.440000  6.0330E-03
     594   34.447500  5.5311E-03
     595   34.455000  5.0648E-03
     596   34.462500  4.6325E-03
     597   34.470000  4.2327E-03
     598   34.477500  3.8640E-03
     599   34.485000  3.5247E-03
     600   34.492500  3.2133E-03
     601   34.500000  2.9285E-03
     602   34.507500  2.6688E-03
     603   34.515000  2.4327E-03
     604   34.522500  2.2189E-03
     605   34.530000  2.0260E-03
     606   34.537500  1.8529E-03
     607   34.545000  1.6982E-03
     608   34.552500  1.5608E-03
     609   34.560000  1.4396E-03
     610   34.567500  1.3335E-03
     611   34.575000  1.2415E-03
     612   34.582500  1.1627E-03
     613   34.590000  1.0960E-03
     614   34.597500  1.0408E-03
     615   34.605000  9.9611E-04
     616   34.612500  9.6124E-04
     617   34.620000  9.3547E-04
     618   34.627500  9.1812E-04
     619   34.635000  9.0855E-04
     620   34.642500  9.0618E-04
     621   34.650000  9.1045E-04
     622   34.657500  9.2081E-04
     623   34.665000  9.3678E-04
     624   34.672500  9.5787E-04
     625   34.680000  9.8363E-04
     626   34.687500  1.0136E-03
     627   34.695000  1.0475E-03
     628   34.702500  1.0848E-03
     629   34.710000  1.1251E-03
     630   34.717500  1.1681E-03
     631   34.725000  1.2135E-03
     632   34.732500  1.2608E-03
     633   34.740000  1.3098E-03
     634   34.747500  1.3601E-03
     635   34.755000  1.4114E-03
     636   34.762500  1.4633E-03
     637   34.770000  1.5156E-03
     638   34.777500  1.5680E-03
     639   34.785000  1.6201E-03
     640   34.792500  1.6717E-03
     641   34.800000  1.7224E-03
     642   34.807500  1.7721E-03
     643   34.815000  1.8203E-03
     644   34.822500  1.8670E-03
     645   34.830000  1.9117E-03
     646   34.837500  1.9543E-03
     647   34.845000  1.9946E-03
     648   34.852500  2.0323E-03
     649   34.860000  2.0673E-03
     650   34.867500  2.0993E-03
     651   34.875000  2.1282E-03
     652   34.882500  2.1539E-03
     653   34.890000  2.1761E-03
     654   34.897500  2.1949E-03
     655   34.905000  2.2101E-03
     656   34.912500  2.2216E-03
     657   34.920000  2.2293E-03
     658   34.927500  2.2333E-03
     659   34.935000  2.2336E-03
     660   34.942500  2.2301E-03
     661   34.950000  2.2228E-03
     662   34.957500  2.2119E-03
     663   34.965000  2.1973E-03
     664   34.972500  2.1792E-03
     665   34.980000  2.1576E-03
     666   34.987500  2.1328E-03
     667   34.995000  2.1047E-03
     668   35.002500  2.0735E-03
     669   35.010000  2.0394E-03
     670   35.017500  2.0026E-03
     671   35.025000  1.9633E-03
     672   35.032500  1.9216E-03
     673   35.040000  1.8776E-03
     674   35.047500  1.8318E-03
     675   35.055000  1.7841E-03
     676   35.062500  1.7348E-03
     677   35.070000  1.6842E-03
     678   35.077500  1.6324E-03
     679   35.085000  1.5797E-03
     680   35.092500  1.5261E-03
     681   35.100000  1.4721E-03
     682   35.107500  1.4176E-03
     683   35.115000  1.3630E-03
     684   35.122500  1.3083E-03
     685   35.130000  1.2539E-03
     686   35.137500  1.1997E-03
     687   35.145000  1.1461E-03
     688   35.152500  1.0931E-03
     689   35.160000  1.0408E-03
     690   35.167500  9.8948E-04
     691   35.175000  9.3915E-04
     692   35.182500  8.8993E-04
     693   35.190000  8.4192E-04
     694   35.197500  7.9521E-04
     695   35.205000  7.4986E-04
     696   35.212500  7.0595E-04
     697   35.220000  6.6352E-04
     698   35.227500  6.2261E-04
     699   35.235000  5.8327E-04
     700   35.242500  5.4550E-04
     701   35.250000  5.0934E-04
     702   35.257500  4.7478E-04
     703   35.265000  4.4183E-04
     704   35.272500  4.1047E-04
     705   35.280000  3.8070E-04
     706   35.287500  3.5249E-04
     707   35.295000  3.2582E-04
     708   35.302500  3.0065E-04
     709   35.310000  2.7695E-04
     710   35.317500  2.5468E-04
     711   35.325000  2.3380E-04
     712   35.332500  2.1426E-04
     713   35.340000  1.9601E-04
     714   35.347500  1.7900E-04
     715   35.355000  1.6318E-04
     716   35.362500  1.4849E-04
     717   35.370000  1.3489E-04
     718   35.377500  1.2231E-04
     719   35.385000  1.1071E-04
     720   35.392500  1.0003E-04
     721   35.400000  9.0217E-05
     722   35.407500  8.1219E-05
     723   35.415000  7.2986E-05
     724   35.422500  6.5467E-05
     725   35.430000  5.8615E-05
     726   35.437500  5.2384E-05
     727   35.445000  4.6729E-05
     728   35.452500  4.1607E-05
     729   35.460000  3.6977E-05
     730   35.467500  3.2801E-05
     731   35.475000  2.9042E-05
     732   35.482500  2.5666E-05
     733   35.490000  2.2639E-05
     734   35.497500  1.9931E-05
     735   35.505000  1.7514E-05
     736   35.512500  1.5361E-05
     737   35.520000  1.3446E-05
     738   35.527500  1.1748E-05
     739   35.535000  1.0244E-05
     740   35.542500  8.9158E-06
     741   35.550000  7.7447E-06
     742   35.557500  6.7143E-06
     743   35.565000  5.8098E-06
     744   35.572500  5.0173E-06
     745   35.580000  4.3245E-06
     746   35.587500  3.7201E-06
     747   35.595000  3.1940E-06
     748   35.602500  2.7369E-06
     749   35.610000  2.3407E-06
     750   35.617500  1.9981E-06
     751   35.625000  1.7023E-06
     752   35.632500  1.4477E-06
     753   35.640000  1.2290E-06
     754   35.647500  1.0415E-06
     755   35.655000  8.8126E-07
     756   35.662500  7.4469E-07
     757   35.670000  6.2866E-07
     758   35.677500  5.3043E-07
     759   35.685000  4.4764E-07
     760   35.692500  3.7825E-07
     761   35.700000  3.2051E-07
     762   35.707500  2.7294E-07
     763   35.715000  2.3430E-07
     764   35.722500  2.0357E-07
     765   35.730000  1.7995E-07
     766   35.737500  1.6281E-07
     767   35.745000  1.5171E-07
     768   35.752500  1.4640E-07
     769   35.760000  1.4680E-07
     770   35.767500  1.5300E-07
     771   35.775000  1.6527E-07
     772   35.782500  1.8408E-07
     773   35.790000  2.1010E-07
     774   35.797500  2.4424E-07
     775   35.805000  2.8762E-07
     776   35.812500  3.4168E-07
     777   35.820000  4.0814E-07
     778   35.827500  4.8907E-07
     779   35.835000  5.8697E-07
     780   35.842500  7.0475E-07
     781   35.850000  8.4587E-07
     782   35.857500  1.0144E-06
     783   35.865000  1.2149E-06
     784   35.872500  1.4530E-06
     785   35.880000  1.7349E-06
     786   35.887500  2.0679E-06
     787   35.895000  2.4604E-06
     788   35.902500  2.9221E-06
     789   35.910000  3.4639E-06
     790   35.917500  4.0984E-06
     791   35.925000  4.8400E-06
     792   35.932500  5.7050E-06
     793   35.940000  6.7117E-06
     794   35.947500  7.8810E-06
     795   35.955000  9.2364E-06
     796   35.962500  1.0804E-05
     797   35.970000  1.2614E-05
     798   35.977500  1.4700E-05
     799   35.985000  1.7098E-05
     800   35.992500  1.9849E-05
     801   36.000000  2.2999E-05
     802   36.007500  2.6600E-05
     803   36.015000  3.0706E-05
     804   36.022500  3.5379E-05
     805   36.030000  4.0688E-05
     806   36.037500  4.6707E-05
     807   36.045000  5.3515E-05
     808   36.052500  6.1203E-05
     809   36.060000  6.9866E-05
     810   36.067500  7.9608E-05
     811   36.075000  9.0541E-05
     812   36.082500  1.0279E-04
     813   36.090000  1.1648E-04
     814   36.097500  1.3175E-04
     815   36.105000  1.4876E-04
     816   36.112500  1.6766E-04
     817   36.120000  1.8863E-04
     818   36.127500  2.1183E-04
     819   36.135000  2.3747E-04
     820   36.142500  2.6574E-04
     821   36.150000  2.9685E-04
     822   36.157500  3.3102E-04
     823   36.165000  3.6848E-04
     824   36.172500  4.0948E-04
     825   36.180000  4.5425E-04
     826   36.187500  5.0306E-04
     827   36.195000  5.5616E-04
     828   36.202500  6.1384E-04
     829   36.210000  6.7636E-04
     830   36.217500  7.4402E-04
     831   36.225000  8.1709E-04
     832   36.232500  8.9588E-04
     833   36.240000  9.8069E-04
     834   36.247500  1.0718E-03
     835   36.255000  1.1695E-03
     836   36.262500  1.2741E-03
     837   36.270000  1.3860E-03
     838   36.277500  1.5053E-03
     839   36.285000  1.6324E-03
     840   36.292500  1.7676E-03
     841   36.300000  1.9112E-03
     842   36.307500  2.0635E-03
     843   36.315000  2.2247E-03
     844   36.322500  2.3950E-03
     845   36.330000  2.5749E-03
     846   36.337500  2.7644E-03
     847   36.345000  2.9640E-03
     848   36.352500  3.1737E-03
     849   36.360000  3.3939E-03
     850   36.367500  3.6247E-03
     851   36.375000  3.8664E-03
     852   36.382500  4.1193E-03
     853   36.390000  4.3835E-03
     854   36.397500  4.6592E-03
     855   36.405000  4.9467E-03
     856   36.412500  5.2461E-03
     857   36.420000  5.5578E-03
     858   36.427500  5.8818E-03
     859   36.435000  6.2185E-03
     860   36.442500  6.5680E-03
     861   36.450000  6.9307E-03
     862   36.457500  7.3067E-03
     863   36.465000  7.6964E-03
     864   36.472500  8.0999E-03
     865   36.480000  8.5177E-03
     866   36.487500  8.9501E-03
     867   36.495000  9.3973E-03
     868   36.502500  9.8598E-03
     869   36.510000  1.0338E-02
     870   36.517500  1.0832E-02
     871   36.525000  1.1343E-02
     872   36.532500  1.1871E-02
     873   36.540000  1.2416E-02
     874   36.547500  1.2979E-02
     875   36.555000  1.3560E-02
     876   36.562500  1.4161E-02
     877   36.570000  1.4781E-02
     878   36.577500  1.5421E-02
     879   36.585000  1.6082E-02
     880   36.592500  1.6764E-02
     881   36.600000  1.7469E-02
     882   36.607500  1.8195E-02
     883   36.615000  1.8944E-02
     884   36.622500  1.9717E-02
     885   36.630000  2.0514E-02
     886   36.637500  2.1335E-02
     887   36.645000  2.2180E-02
     888   36.652500  2.3051E-02
     889   36.660000  2.3947E-02
     890   36.667500  2.4869E-02
     891   36.675000  2.5815E-02
     892   36.682500  2.6788E-02
     893   36.690000  2.7785E-02
     894   36.697500  2.8808E-02
     895   36.705000  2.9856E-02
     896   36.712500  3.0927E-02
     897   36.720000  3.2022E-02
     898   36.727500  3.3140E-02
     899   36.735000  3.4279E-02
     900   36.742500  3.5439E-02
     901   36.750000  3.6618E-02
     902   36.757500  3.7815E-02
     903   36.765000  3.9027E-02
     904   36.772500  4.0255E-02
     905   36.780000  4.1494E-02
     906   36.787500  4.2743E-02
     907   36.795000  4.4000E-02
     908   36.802500  4.5263E-02
     909   36.810000  4.6528E-02
     910   36.817500  4.7793E-02
     911   36.825000  4.9055E-02
     912   36.832500  5.0311E-02
     913   36.840000  5.1557E-02
     914   36.847500  5.2792E-02
     915   36.855000  5.4010E-02
     916   36.862500  5.5210E-02
     917   36.870000  5.6387E-02
     918   36.877500  5.7538E-02
     919   36.885000  5.8660E-02
     920   36.892500  5.9750E-02
     921   36.900000  6.0803E-02
     922   36.907500  6.1816E-02
     923   36.915000  6.2787E-02
     924   36.922500  6.3712E-02
     925   36.930000  6.4587E-02
     926   36.937500  6.5411E-02
     927   36.945000  6.6179E-02
     928   36.952500  6.6889E-02
     929   36.960000  6.7539E-02
     930   36.967500  6.8127E-02
     931   36.975000  6.8649E-02
     932   36.982500  6.9104E-02
     933   36.990000  6.9490E-02
     934   36.997500  6.9805E-02
     935   37.005000  7.0049E-02
     936   37.012500  7.0219E-02
     937   37.020000  7.0316E-02
     938   37.027500  7.0337E-02
     939   37.035000  7.0284E-02
     940   37.042500  7.0155E-02
     941   37.050000  6.9950E-02
     942   37.057500  6.9670E-02
     943   37.065000  6.9316E-02
     944   37.072500  6.8887E-02
     945   37.080000  6.8386E-02
     946   37.087500  6.7813E-02
     947   37.095000  6.7169E-02
     948   37.102500  6.6457E-02
     949   37.110000  6.5678E-02
     950   37.117500  6.4835E-02
     951   37.125000  6.3928E-02
     952   37.132500  6.2962E-02
     953   37.140000  6.1938E-02
     954   37.147500  6.0860E-02
     955   37.155000  5.9729E-02
     956   37.162500  5.8550E-02
     957   37.170000  5.7326E-02
     958   37.177500  5.6060E-02
     959   37.185000  5.4754E-02
     960   37.192500  5.3414E-02
     961   37.200000  5.2042E-02
     962   37.207500  5.0642E-02
     963   37.215000  4.9218E-02
     964   37.222500  4.7773E-02
     965   37.230000  4.6311E-02
     966   37.237500  4.4836E-02
     967   37.245000  4.3351E-02
     968   37.252500  4.1861E-02
     969   37.260000  4.0368E-02
     970   37.267500  3.8877E-02
     971   37.275000  3.7390E-02
     972   37.282500  3.5912E-02
     973   37.290000  3.4445E-02
     974   37.297500  3.2993E-02
     975   37.305000  3.1558E-02
     976   37.312500  3.0144E-02
     977   37.320000  2.8753E-02
     978   37.327500  2.7388E-02
     979   37.335000  2.6051E-02
     980   37.342500  2.4744E-02
     981   37.350000  2.3470E-02
     982   37.357500  2.2231E-02
     983   37.365000  2.1028E-02
     984   37.372500  1.9862E-02
     985   37.380000  1.8735E-02
     986   37.387500  1.7649E-02
     987   37.395000  1.6604E-02
     988   37.402500  1.5601E-02
     989   37.410000  1.4640E-02
     990   37.417500  1.3723E-02
     991   37.425000  1.2849E-02
     992   37.432500  1.2019E-02
     993   37.440000  1.1232E-02
     994   37.447500  1.0489E-02
     995   37.455000  9.7891E-03
     996   37.462500  9.1325E-03
     997   37.470000  8.5183E-03
     998   37.477500  7.9463E-03
     999   37.485000  7.4156E-03
    1000   37.492500  6.9257E-03
    1001   37.500000  6.4757E-03
    1002   37.507500  6.0649E-03
    1003   37.515000  5.6924E-03
    1004   37.522500  5.3572E-03
    1005   37.530000  5.0585E-03
    1006   37.537500  4.7953E-03
    1007   37.545000  4.5666E-03
    1008   37.552500  4.3714E-03
    1009   37.560000  4.2087E-03
    1010   37.567500  4.0776E-03
    1011   37.575000  3.9770E-03
    1012   37.582500  3.9060E-03
    1013   37.590000  3.8637E-03
    1014   37.597500  3.8489E-03
    1015   37.605000  3.8609E-03
    1016   37.612500  3.8986E-03
    1017   37.620000  3.9612E-03
    1018   37.627500  4.0478E-03
    1019   37.635000  4.1575E-03
    1020   37.642500  4.2894E-03
    1021   37.650000  4.4428E-03
    1022   37.657500  4.6168E-03
    1023   37.665000  4.8107E-03
    1024   37.672500  5.0237E-03
    1025   37.680000  5.2550E-03
    1026   37.687500  5.5040E-03
    1027   37.695000  5.7699E-03
    1028   37.702500  6.0522E-03
    1029   37.710000  6.3502E-03
    1030   37.717500  6.6633E-03
    1031   37.725000  6.9909E-03
    1032   37.732500  7.3326E-03
    1033   37.740000  7.6879E-03
    1034   37.747500  8.0563E-03
    1035   37.755000  8.4374E-03
    1036   37.762500  8.8310E-03
    1037   37.770000  9.2366E-03
    1038   37.777500  9.6541E-03
    1039   37.785000  1.0083E-02
    1040   37.792500  1.0524E-02
    1041   37.800000  1.0976E-02
    1042   37.807500  1.1440E-02
    1043   37.815000  1.1915E-02
    1044   37.822500  1.2401E-02
    1045   37.830000  1.2899E-02
    1046   37.837500  1.3409E-02
    1047   37.845000  1.3930E-02
    1048   37.852500  1.4464E-02
    1049   37.860000  1.5010E-02
    1050   37.867500  1.5568E-02
    1051   37.875000  1.6140E-02
    1052   37.882500  1.6725E-02
    1053   37.890000  1.7322E-02
    1054   37.897500  1.7934E-02
    1055   37.905000  1.8559E-02
    1056   37.912500  1.9198E-02
    1057   37.920000  1.9851E-02
    1058   37.927500  2.0518E-02
    1059   37.935000  2.1199E-02
    1060   37.942500  2.1894E-02
    1061   37.950000  2.2602E-02
    1062   37.957500  2.3323E-02
    1063   37.965000  2.4057E-02
    1064   37.972500  2.4802E-02
    1065   37.980000  2.5559E-02
    1066   37.987500  2.6326E-02
    1067   37.995000  2.7103E-02
    1068   38.002500  2.7887E-02
    1069   38.010000  2.8678E-02
    1070   38.017500  2.9475E-02
    1071   38.025000  3.0275E-02
    1072   38.032500  3.1077E-02
    1073   38.040000  3.1879E-02
    1074   38.047500  3.2680E-02
    1075   38.055000  3.3476E-02
    1076   38.062500  3.4266E-02
    1077   38.070000  3.5048E-02
    1078   38.077500  3.5819E-02
    1079   38.085000  3.6576E-02
    1080   38.092500  3.7319E-02
    1081   38.100000  3.8043E-02
    1082   38.107500  3.8747E-02
    1083   38.115000  3.9428E-02
    1084   38.122500  4.0084E-02
    1085   38.130000  4.0712E-02
    1086   38.137500  4.1311E-02
    1087   38.145000  4.1878E-02
    1088   38.152500  4.2411E-02
    1089   38.160000  4.2907E-02
    1090   38.167500  4.3366E-02
    1091   38.175000  4.3786E-02
    1092   38.182500  4.4164E-02
    1093   38.190000  4.4500E-02
    1094   38.197500  4.4793E-02
    1095   38.205000  4.5041E-02
    1096   38.212500  4.5243E-02
    1097   38.220000  4.5399E-02
    1098   38.227500  4.5508E-02
    1099   38.235000  4.5571E-02
    1100   38.242500  4.5586E-02
    1101   38.250000  4.5554E-02
    1102   38.257500  4.5475E-02
    1103   38.265000  4.5350E-02
    1104   38.272500  4.5179E-02
    1105   38.280000  4.4963E-02
    1106   38.287500  4.4702E-02
    1107   38.295000  4.4398E-02
    1108   38.302500  4.4052E-02
    1109   38.310000  4.3665E-02
    1110   38.317500  4.3238E-02
    1111   38.325000  4.2774E-02
    1112   38.332500  4.2272E-02
    1113   38.340000  4.1736E-02
    1114   38.347500  4.1166E-02
    1115   38.355000  4.0565E-02
    1116   38.362500  3.9935E-02
    1117   38.370000  3.9276E-02
    1118   38.377500  3.8592E-02
    1119   38.385000  3.7883E-02
    1120   38.392500  3.7153E-02
    1121   38.400000  3.6402E-02
    1122   38.407500  3.5633E-02
    1123   38.415000  3.4848E-02
    1124   38.422500  3.4049E-02
    1125   38.430000  3.3236E-02
    1126   38.437500  3.2414E-02
    1127   38.445000  3.1582E-02
    1128   38.452500  3.0743E-02
    1129   38.460000  2.9899E-02
    1130   38.467500  2.9052E-02
    1131   38.475000  2.8202E-02
    1132   38.482500  2.7352E-02
    1133   38.490000  2.6504E-02
    1134   38.497500  2.5658E-02
    1135   38.505000  2.4816E-02
    1136   38.512500  2.3980E-02
    1137   38.520000  2.3150E-02
    1138   38.527500  2.2329E-02
    1139   38.535000  2.1517E-02
    1140   38.542500  2.0716E-02
    1141   38.550000  1.9925E-02
    1142   38.557500  1.9148E-02
    1143   38.565000  1.8383E-02
    1144   38.572500  1.7633E-02
    1145   38.580000  1.6898E-02
    1146   38.587500  1.6178E-02
    1147   38.595000  1.5474E-02
    1148   38.602500  1.4788E-02
    1149   38.610000  1.4118E-02
    1150   38.617500  1.3467E-02
    1151   38.625000  1.2833E-02
    1152   38.632500  1.2218E-02
    1153   38.640000  1.1622E-02
    1154   38.647500  1.1044E-02
    1155   38.655000  1.0485E-02
    1156   38.662500  9.9451E-03
    1157   38.670000  9.4242E-03
    1158   38.677500  8.9223E-03
    1159   38.685000  8.4391E-03
    1160   38.692500  7.9747E-03
    1161   38.700000  7.5287E-03
    1162   38.707500  7.1011E-03
    1163   38.715000  6.6914E-03
    1164   38.722500  6.2994E-03
    1165   38.730000  5.9249E-03
    1166   38.737500  5.5673E-03
    1167   38.745000  5.2264E-03
    1168   38.752500  4.9018E-03
    1169   38.760000  4.5929E-03
    1170   38.767500  4.2995E-03
    1171   38.775000  4.0209E-03
    1172   38.782500  3.7568E-03
    1173   38.790000  3.5067E-03
    1174   38.797500  3.2702E-03
    1175   38.805000  3.0466E-03
    1176   38.812500  2.8355E-03
    1177   38.820000  2.6365E-03
    1178   38.827500  2.4491E-03
    1179   38.835000  2.2727E-03
    1180   38.842500  2.1069E-03
    1181   38.850000  1.9513E-03
    1182   38.857500  1.8053E-03
    1183   38.865000  1.6686E-03
    1184   38.872500  1.5406E-03
    1185   38.880000  1.4209E-03
    1186   38.887500  1.3092E-03
    1187   38.895000  1.2050E-03
    1188   38.902500  1.1078E-03
    1189   38.910000  1.0174E-03
    1190   38.917500  9.3339E-04
    1191   38.925000  8.5533E-04
    1192   38.932500  7.8291E-04
    1193   38.940000  7.1581E-04
    1194   38.947500  6.5371E-04
    1195   38.955000  5.9629E-04
    1196   38.962500  5.4328E-04
    1197   38.970000  4.9438E-04
    1198   38.977500  4.4933E-04
    1199   38.985000  4.0789E-04
    1200   38.992500  3.6981E-04
    1201   39.000000  3.3486E-04
    1202   39.007500  3.0282E-04
    1203   39.015000  2.7349E-04
    1204   39.022500  2.4668E-04
    1205   39.030000  2.2220E-04
    1206   39.037500  1.9988E-04
    1207   39.045000  1.7956E-04
    1208   39.052500  1.6108E-04
    1209   39.060000  1.4430E-04
    1210   39.067500  1.2908E-04
    1211   39.075000  1.1531E-04
    1212   39.082500  1.0285E-04
    1213   39.090000  9.1607E-05
    1214   39.097500  8.1471E-05
    1215   39.105000  7.2349E-05
    1216   39.112500  6.4151E-05
    1217   39.120000  5.6795E-05
    1218   39.127500  5.0205E-05
    1219   39.135000  4.4311E-05
    1220   39.142500  3.9048E-05
    1221   39.150000  3.4355E-05
    1222   39.157500  3.0177E-05
    1223   39.165000  2.6465E-05
    1224   39.172500  2.3172E-05
    1225   39.180000  2.0256E-05
    1226   39.187500  1.7677E-05
    1227   39.195000  1.5401E-05
    1228   39.202500  1.3395E-05
    1229   39.210000  1.1631E-05
    1230   39.217500  1.0083E-05
    1231   39.225000  8.7250E-06
    1232   39.232500  7.5373E-06
    1233   39.240000  6.4999E-06
    1234   39.247500  5.5956E-06
    1235   39.255000  4.8086E-06
    1236   39.262500  4.1251E-06
    1237   39.270000  3.5324E-06
    1238   39.277500  3.0195E-06
    1239   39.285000  2.5764E-06
    1240   39.292500  2.1944E-06
    1241   39.300000  1.8657E-06
    1242   39.307500  1.5833E-06
    1243   39.315000  1.3412E-06
    1244   39.322500  1.1341E-06
    1245   39.330000  9.5717E-07
    1246   39.337500  8.0635E-07
    1247   39.345000  6.7804E-07
    1248   39.352500  5.6908E-07
    1249   39.360000  4.7674E-07
    1250   39.367500  3.9863E-07
    1251   39.375000  3.3270E-07
    1252   39.382500  2.7714E-07
    1253   39.390000  2.3043E-07
    1254   39.397500  1.9122E-07
    1255   39.405000  1.5838E-07
    1256   39.412500  1.3093E-07
    1257   39.420000  1.0803E-07
    1258   39.427500  8.8968E-08
    1259   39.435000  7.3125E-08
    1260   39.442500  5.9987E-08
    1261   39.450000  4.9115E-08
    1262   39.457500  4.0134E-08
    1263   39.465000  3.2732E-08
    1264   39.472500  2.6643E-08
    1265   39.480000  2.1644E-08
    1266   39.487500  1.7549E-08
    1267   39.495000  1.4200E-08
    1268   39.502500  1.1468E-08
    1269   39.510000  9.2434E-09
    1270   39.517500  7.4354E-09
    1271   39.525000  5.9693E-09
    1272   39.532500  4.7827E-09
    1273   39.540000  3.8243E-09
    1274   39.547500  3.0519E-09
    1275   39.555000  2.4307E-09
    1276   39.562500  1.9320E-09
    1277   39.570000  1.5326E-09
    1278   39.577500  1.2133E-09
    1279   39.585000  9.5855E-10
    1280   39.592500  7.5579E-10
    1281   39.600000  5.9472E-10
    1282   39.607500  4.6703E-10
    1283   39.615000  3.6601E-10
    1284   39.622500  2.8626E-10
    1285   39.630000  2.2343E-10
    1286   39.637500  1.7404E-10
    1287   39.645000  1.3529E-10
    1288   39.652500  1.0495E-10
    1289   39.660000  8.1252E-11
    1290   39.667500  6.2774E-11
    1291   39.675000  4.8399E-11
    1292   39.682500  3.7239E-11
    1293   39.690000  2.8594E-11
    1294   39.697500  2.1911E-11
    1295   39.705000  1.6756E-11
    1296   39.712500  1.2786E-11
    1297   39.720000  9.7364E-12
    1298   39.727500  7.3982E-12
    1299   39.735000  5.6098E-12
    1300   39.742500  4.2453E-12
    1301   39.750000  3.2063E-12
    1302   39.757500  2.4161E-12
    1303   39.765000  1.8162E-12
    1304   39.772500  1.3621E-12
    1305   39.780000  1.0190E-12
    1306   39.787500  7.6054E-13
    1307   39.795000  5.6625E-13
    1308   39.802500  4.2058E-13
    1309   39.810000  3.1170E-13
    1310   39.817500  2.3070E-13
    1311   39.825000  1.7047E-13
    1312   39.832500  1.2545E-13
    1313   39.840000  9.1844E-14
    1314   39.847500  6.6938E-14
    1315   39.855000  4.8564E-14
    1316   39.862500  3.5061E-14
    1317   39.870000  2.5173E-14
    1318   39.877500  1.7962E-14
    1319   39.885000  1.2724E-14
    1320   39.892500  8.9375E-15
    1321   39.900000  6.2153E-15
    1322   39.907500  4.2703E-15
    1323   39.915000  2.8910E-15
    1324   39.922500  1.9216E-15
    1325   39.930000  1.2478E-15
    1326   39.937500  7.8586E-16
    1327   39.945000  4.7494E-16
    1328   39.952500  2.7069E-16
    1329   39.960000  1.4108E-16
    1330   39.967500  6.2958E-17
    1331   39.975000  1.9674E-17
    1332   39.982500  1.0981E-17
    1333   39.990000  3.2233E-17
    1334   39.997500  7.0641E-17
    1335   40.005000  1.2726E-16
    1336   40.012500  2.0292E-16
    1337   40.020000  2.9662E-16
    1338   40.027500  4.1431E-16
    1339   40.035000  5.7160E-16
    1340   40.042500  7.8687E-16
    1341   40.050000  1.0997E-15
    1342   40.057500  1.5792E-15
    1343   40.065000  2.3008E-15
    1344   40.072500  3.3535E-15
    1345   40.080000  4.8558E-15
    1346   40.087500  6.9695E-15
    1347   40.095000  9.9141E-15
    1348   40.102500  1.3985E-14
    1349   40.110000  1.9578E-14
    1350   40.117500  2.7223E-14
    1351   40.125000  3.7641E-14
    1352   40.132500  5.1791E-14
    1353   40.140000  7.0939E-14
    1354   40.147500  9.6767E-14
    1355   40.155000  1.3150E-13
    1356   40.162500  1.7806E-13
    1357   40.170000  2.4025E-13
    1358   40.177500  3.2287E-13
    1359   40.185000  4.3245E-13
    1360   40.192500  5.7829E-13
    1361   40.200000  7.7226E-13
    1362   40.207500  1.0293E-12
    1363   40.215000  1.3689E-12
    1364   40.222500  1.8166E-12
    1365   40.230000  2.4057E-12
    1366   40.237500  3.1792E-12
    1367   40.245000  4.1927E-12
    1368   40.252500  5.5181E-12
    1369   40.260000  7.2479E-12
    1370   40.267500  9.5010E-12
    1371   40.275000  1.2430E-11
    1372   40.282500  1.6230E-11
    1373   40.290000  2.1151E-11
    1374   40.297500  2.7510E-11
    1375   40.305000  3.5711E-11
    1376   40.312500  4.6269E-11
    1377   40.320000  5.9832E-11
    1378   40.327500  7.7223E-11
    1379   40.335000  9.9479E-11
    1380   40.342500  1.2791E-10
    1381   40.350000  1.6414E-10
    1382   40.357500  2.1024E-10
    1383   40.365000  2.6878E-10
    1384   40.372500  3.4297E-10
    1385   40.380000  4.3681E-10
    1386   40.387500  5.5527E-10
    1387   40.395000  7.0453E-10
    1388   40.402500  8.9222E-10
    1389   40.410000  1.1278E-09
    1390   40.417500  1.4229E-09
    1391   40.425000  1.7918E-09
    1392   40.432500  2.2522E-09
    1393   40.440000  2.8256E-09
    1394   40.447500  3.5383E-09
    1395   40.455000  4.4225E-09
    1396   40.462500  5.5174E-09
    1397   40.470000  6.8704E-09
    1398   40.477500  8.5394E-09
    1399   40.485000  1.0594E-08
    1400   40.492500  1.3119E-08
    1401   40.500000  1.6215E-08
    1402   40.507500  2.0005E-08
    1403   40.515000  2.4635E-08
    1404   40.522500  3.0281E-08
    1405   40.530000  3.7152E-08
    1406   40.537500  4.5498E-08
    1407   40.545000  5.5617E-08
    1408   40.552500  6.7861E-08
    1409   40.560000  8.2649E-08
    1410   40.567500  1.0048E-07
    1411   40.575000  1.2192E-07
    1412   40.582500  1.4768E-07
    1413   40.590000  1.7855E-07
    1414   40.597500  2.1548E-07
    1415   40.605000  2.5959E-07
    1416   40.612500  3.1215E-07
    1417   40.620000  3.7467E-07
    1418   40.627500  4.4891E-07
    1419   40.635000  5.3688E-07
    1420   40.642500  6.4095E-07
    1421   40.650000  7.6381E-07
    1422   40.657500  9.0861E-07
    1423   40.665000  1.0789E-06
    1424   40.672500  1.2789E-06
    1425   40.680000  1.5132E-06
    1426   40.687500  1.7873E-06
    1427   40.695000  2.1073E-06
    1428   40.702500  2.4802E-06
    1429   40.710000  2.9141E-06
    1430   40.717500  3.4178E-06
    1431   40.725000  4.0016E-06
    1432   40.732500  4.6769E-06
    1433   40.740000  5.4568E-06
    1434   40.747500  6.3557E-06
    1435   40.755000  7.3900E-06
    1436   40.762500  8.5779E-06
    1437   40.770000  9.9398E-06
    1438   40.777500  1.1498E-05
    1439   40.785000  1.3279E-05
    1440   40.792500  1.5309E-05
    1441   40.800000  1.7619E-05
    1442   40.807500  2.0245E-05
    1443   40.815000  2.3224E-05
    1444   40.822500  2.6596E-05
    1445   40.830000  3.0408E-05
    1446   40.837500  3.4709E-05
    1447   40.845000  3.9554E-05
    1448   40.852500  4.5002E-05
    1449   40.860000  5.1117E-05
    1450   40.867500  5.7970E-05
    1451   40.875000  6.5637E-05
    1452   40.882500  7.4200E-05
    1453   40.890000  8.3748E-05
    1454   40.897500  9.4375E-05
    1455   40.905000  1.0618E-04
    1456   40.912500  1.1929E-04
    1457   40.920000  1.3380E-04
    1458   40.927500  1.4985E-04
    1459   40.935000  1.6756E-04
    1460   40.942500  1.8709E-04
    1461   40.950000  2.0858E-04
    1462   40.957500  2.3219E-04
    1463   40.965000  2.5809E-04
    1464   40.972500  2.8645E-04
    1465   40.980000  3.1746E-04
    1466   40.987500  3.5133E-04
    1467   40.995000  3.8824E-04
    1468   41.002500  4.2842E-04
    1469   41.010000  4.7208E-04
    1470   41.017500  5.1946E-04
    1471   41.025000  5.7079E-04
    1472   41.032500  6.2633E-04
    1473   41.040000  6.8631E-04
    1474   41.047500  7.5102E-04
    1475   41.055000  8.2071E-04
    1476   41.062500  8.9566E-04
    1477   41.070000  9.7614E-04
    1478   41.077500  1.0624E-03
    1479   41.085000  1.1549E-03
    1480   41.092500  1.2537E-03
    1481   41.100000  1.3592E-03
    1482   41.107500  1.4717E-03
    1483   41.115000  1.5915E-03
    1484   41.122500  1.7189E-03
    1485   41.130000  1.8541E-03
    1486   41.137500  1.9975E-03
    1487   41.145000  2.1494E-03
    1488   41.152500  2.3100E-03
    1489   41.160000  2.4796E-03
    1490   41.167500  2.6585E-03
    1491   41.175000  2.8469E-03
    1492   41.182500  3.0452E-03
    1493   41.190000  3.2534E-03
    1494   41.197500  3.4718E-03
    1495   41.205000  3.7008E-03
    1496   41.212500  3.9403E-03
    1497   41.220000  4.1907E-03
    1498   41.227500  4.4521E-03
    1499   41.235000  4.7247E-03
    1500   41.242500  5.0085E-03
    1501   41.250000  5.3037E-03
    1502   41.257500  5.6103E-03
    1503   41.265000  5.9284E-03
    1504   41.272500  6.2581E-03
    1505   41.280000  6.5994E-03
    1506   41.287500  6.9523E-03
    1507   41.295000  7.3167E-03
    1508   41.302500  7.6927E-03
    1509   41.310000  8.0800E-03
    1510   41.317500  8.4787E-03
    1511   41.325000  8.8886E-03
    1512   41.332500  9.3096E-03
    1513   41.340000  9.7414E-03
    1514   41.347500  1.0184E-02
    1515   41.355000  1.0637E-02
    1516   41.362500  1.1100E-02
    1517   41.370000  1.1574E-02
    1518   41.377500  1.2057E-02
    1519   41.385000  1.2549E-02
    1520   41.392500  1.3051E-02
    1521   41.400000  1.3561E-02
    1522   41.407500  1.4080E-02
    1523   41.415000  1.4607E-02
    1524   41.422500  1.5142E-02
    1525   41.430000  1.5684E-02
    1526   41.437500  1.6233E-02
    1527   41.445000  1.6788E-02
    1528   41.452500  1.7349E-02
    1529   41.460000  1.7916E-02
    1530   41.467500  1.8488E-02
    1531   41.475000  1.9065E-02
    1532   41.482500  1.9646E-02
    1533   41.490000  2.0230E-02
    1534   41.497500  2.0818E-02
    1535   41.505000  2.1409E-02
    1536   41.512500  2.2002E-02
    1537   41.520000  2.2597E-02
    1538   41.527500  2.3192E-02
    1539   41.535000  2.3789E-02
    1540   41.542500  2.4386E-02
    1541   41.550000  2.4983E-02
    1542   41.557500  2.5579E-02
    1543   41.565000  2.6174E-02
    1544   41.572500  2.6767E-02
    1545   41.580000  2.7357E-02
    1546   41.587500  2.7945E-02
    1547   41.595000  2.8530E-02
    1548   41.602500  2.9111E-02
    1549   41.610000  2.9688E-02
    1550   41.617500  3.0260E-02
    1551   41.625000  3.0827E-02
    1552   41.632500  3.1388E-02
    1553   41.640000  3.1943E-02
    1554   41.647500  3.2491E-02
    1555   41.655000  3.3032E-02
    1556   41.662500  3.3566E-02
    1557   41.670000  3.4091E-02
    1558   41.677500  3.4608E-02
    1559   41.685000  3.5116E-02
    1560   41.692500  3.5614E-02
    1561   41.700000  3.6103E-02
    1562   41.707500  3.6581E-02
    1563   41.715000  3.7049E-02
    1564   41.722500  3.7506E-02
    1565   41.730000  3.7951E-02
    1566   41.737500  3.8384E-02
    1567   41.745000  3.8806E-02
    1568   41.752500  3.9214E-02
    1569   41.760000  3.9610E-02
    1570   41.767500  3.9993E-02
    1571   41.775000  4.0363E-02
    1572   41.782500  4.0719E-02
    1573   41.790000  4.1061E-02
    1574   41.797500  4.1389E-02
    1575   41.805000  4.1702E-02
    1576   41.812500  4.2002E-02
    1577   41.820000  4.2287E-02
    1578   41.827500  4.2557E-02
    1579   41.835000  4.2813E-02
    1580   41.842500  4.3054E-02
    1581   41.850000  4.3281E-02
    1582   41.857500  4.3493E-02
    1583   41.865000  4.3690E-02
    1584   41.872500  4.3874E-02
    1585   41.880000  4.4043E-02
    1586   41.887500  4.4197E-02
    1587   41.895000  4.4339E-02
    1588   41.902500  4.4466E-02
    1589   41.910000  4.4580E-02
    1590   41.917500  4.4681E-02
    1591   41.925000  4.4769E-02
    1592   41.932500  4.4844E-02
    1593   41.940000  4.4907E-02
    1594   41.947500  4.4958E-02
    1595   41.955000  4.4998E-02
    1596   41.962500  4.5026E-02
    1597   41.970000  4.5043E-02
    1598   41.977500  4.5050E-02
    1599   41.985000  4.5046E-02
    1600   41.992500  4.5031E-02
    1601   42.000000  4.5007E-02
    1602   42.007500  4.4974E-02
    1603   42.015000  4.4931E-02
    1604   42.022500  4.4879E-02
    1605   42.030000  4.4817E-02
    1606   42.037500  4.4747E-02
    1607   42.045000  4.4668E-02
    1608   42.052500  4.4580E-02
    1609   42.060000  4.4483E-02
    1610   42.067500  4.4378E-02
    1611   42.075000  4.4263E-02
    1612   42.082500  4.4140E-02
    1613   42.090000  4.4008E-02
    1614   42.097500  4.3866E-02
    1615   42.105000  4.3715E-02
    1616   42.112500  4.3555E-02
    1617   42.120000  4.3384E-02
    1618   42.127500  4.3204E-02
    1619   42.135000  4.3013E-02
    1620   42.142500  4.2811E-02
    1621   42.150000  4.2599E-02
    1622   42.157500  4.2375E-02
    1623   42.165000  4.2140E-02
    1624   42.172500  4.1893E-02
    1625   42.180000  4.1634E-02
    1626   42.187500  4.1363E-02
    1627   42.195000  4.1079E-02
    1628   42.202500  4.0782E-02
    1629   42.210000  4.0473E-02
    1630   42.217500  4.0150E-02
    1631   42.225000  3.9815E-02
    1632   42.232500  3.9466E-02
    1633   42.240000  3.9104E-02
    1634   42.247500  3.8730E-02
    1635   42.255000  3.8342E-02
    1636   42.262500  3.7941E-02
    1637   42.270000  3.7528E-02
    1638   42.277500  3.7102E-02
    1639   42.285000  3.6664E-02
    1640   42.292500  3.6215E-02
    1641   42.300000  3.5754E-02
    1642   42.307500  3.5282E-02
    1643   42.315000  3.4799E-02
    1644   42.322500  3.4307E-02
    1645   42.330000  3.3805E-02
    1646   42.337500  3.3294E-02
    1647   42.345000  3.2774E-02
    1648   42.352500  3.2247E-02
    1649   42.360000  3.1713E-02
    1650   42.367500  3.1172E-02
    1651   42.375000  3.0625E-02
    1652   42.382500  3.0073E-02
    1653   42.390000  2.9516E-02
    1654   42.397500  2.8955E-02
    1655   42.405000  2.8390E-02
    1656   42.412500  2.7823E-02
    1657   42.420000  2.7253E-02
    1658   42.427500  2.6682E-02
    1659   42.435000  2.6109E-02
    1660   42.442500  2.5536E-02
    1661   42.450000  2.4962E-02
    1662   42.457500  2.4389E-02
    1663   42.465000  2.3816E-02
    1664   42.472500  2.3245E-02
    1665   42.480000  2.2675E-02
    1666   42.487500  2.2107E-02
    1667   42.495000  2.1541E-02
    1668   42.502500  2.0977E-02
    1669   42.510000  2.0417E-02
    1670   42.517500  1.9860E-02
    1671   42.525000  1.9306E-02
    1672   42.532500  1.8756E-02
    1673   42.540000  1.8210E-02
    1674   42.547500  1.7669E-02
    1675   42.555000  1.7132E-02
    1676   42.562500  1.6600E-02
    1677   42.570000  1.6073E-02
    1678   42.577500  1.5551E-02
    1679   42.585000  1.5034E-02
    1680   42.592500  1.4524E-02
    1681   42.600000  1.4019E-02
    1682   42.607500  1.3521E-02
    1683   42.615000  1.3030E-02
    1684   42.622500  1.2545E-02
    1685   42.630000  1.2068E-02
    1686   42.637500  1.1598E-02
    1687   42.645000  1.1136E-02
    1688   42.652500  1.0682E-02
    1689   42.660000  1.0236E-02
    1690   42.667500  9.7984E-03
    1691   42.675000  9.3699E-03
    1692   42.682500  8.9506E-03
    1693   42.690000  8.5406E-03
    1694   42.697500  8.1403E-03
    1695   42.705000  7.7498E-03
    1696   42.712500  7.3695E-03
    1697   42.720000  6.9995E-03
    1698   42.727500  6.6400E-03
    1699   42.735000  6.2912E-03
    1700   42.742500  5.9533E-03
    1701   42.750000  5.6263E-03
    1702   42.757500  5.3104E-03
    1703   42.765000  5.0056E-03
    1704   42.772500  4.7121E-03
    1705   42.780000  4.4297E-03
    1706   42.787500  4.1586E-03
    1707   42.795000  3.8987E-03
    1708   42.802500  3.6500E-03
    1709   42.810000  3.4122E-03
    1710   42.817500  3.1854E-03
    1711   42.825000  2.9694E-03
    1712   42.832500  2.7640E-03
    1713   42.840000  2.5690E-03
    1714   42.847500  2.3843E-03
    1715   42.855000  2.2096E-03
    1716   42.862500  2.0446E-03
    1717   42.870000  1.8891E-03
    1718   42.877500  1.7427E-03
    1719   42.885000  1.6053E-03
    1720   42.892500  1.4765E-03
    1721   42.900000  1.3559E-03
    1722   42.907500  1.2432E-03
    1723   42.915000  1.1382E-03
    1724   42.922500  1.0405E-03
    1725   42.930000  9.4967E-04
    1726   42.937500  8.6545E-04
    1727   42.945000  7.8751E-04
    1728   42.952500  7.1549E-04
    1729   42.960000  6.4908E-04
    1730   42.967500  5.8794E-04
    1731   42.975000  5.3177E-04
    1732   42.982500  4.8024E-04
    1733   42.990000  4.3308E-04
    1734   42.997500  3.8997E-04
    1735   43.005000  3.5066E-04
    1736   43.012500  3.1486E-04
    1737   43.020000  2.8232E-04
    1738   43.027500  2.5280E-04
    1739   43.035000  2.2607E-04
    1740   43.042500  2.0189E-04
    1741   43.050000  1.8008E-04
    1742   43.057500  1.6042E-04
    1743   43.065000  1.4274E-04
    1744   43.072500  1.2686E-04
    1745   43.080000  1.1262E-04
    1746   43.087500  9.9876E-05
    1747   43.095000  8.8485E-05
    1748   43.102500  7.8318E-05
    1749   43.110000  6.9258E-05
    1750   43.117500  6.1196E-05
    1751   43.125000  5.4030E-05
    1752   43.132500  4.7670E-05
    1753   43.140000  4.2032E-05
    1754   43.147500  3.7039E-05
    1755   43.155000  3.2623E-05
    1756   43.162500  2.8721E-05
    1757   43.170000  2.5277E-05
    1758   43.177500  2.2238E-05
    1759   43.185000  1.9560E-05
    1760   43.192500  1.7201E-05
    1761   43.200000  1.5125E-05
    1762   43.207500  1.3298E-05
    1763   43.215000  1.1691E-05
    1764   43.222500  1.0279E-05
    1765   43.230000  9.0371E-06
    1766   43.237500  7.9457E-06
    1767   43.245000  6.9865E-06
    1768   43.252500  6.1436E-06
    1769   43.260000  5.4026E-06
    1770   43.267500  4.7513E-06
    1771   43.275000  4.1786E-06
    1772   43.282500  3.6749E-06
    1773   43.290000  3.2319E-06
    1774   43.297500  2.8420E-06
    1775   43.305000  2.4988E-06
    1776   43.312500  2.1966E-06
    1777   43.320000  1.9305E-06
    1778   43.327500  1.6961E-06
    1779   43.335000  1.4896E-06
    1780   43.342500  1.3076E-06
    1781   43.350000  1.1472E-06
    1782   43.357500  1.0059E-06
    1783   43.365000  8.8139E-07
    1784   43.372500  7.7169E-07
    1785   43.380000  6.7506E-07
    1786   43.387500  5.8999E-07
    1787   43.395000  5.1512E-07
    1788   43.402500  4.4927E-07
    1789   43.410000  3.9140E-07
    1790   43.417500  3.4056E-07
    1791   43.425000  2.9595E-07
    1792   43.432500  2.5684E-07
    1793   43.440000  2.2259E-07
    1794   43.447500  1.9262E-07
    1795   43.455000  1.6644E-07
    1796   43.462500  1.4360E-07
    1797   43.470000  1.2369E-07
    1798   43.477500  1.0636E-07
    1799   43.485000  9.1311E-08
    1800   43.492500  7.8254E-08
    1801   43.500000  6.6946E-08
    1802   43.507500  5.7169E-08
    1803   43.515000  4.8731E-08
    1804   43.522500  4.1461E-08
    1805   43.530000  3.5210E-08
    1806   43.537500  2.9844E-08
    1807   43.545000  2.5247E-08
    1808   43.552500  2.1316E-08
    1809   43.560000  1.7962E-08
    1810   43.567500  1.5105E-08
    1811   43.575000  1.2678E-08
    1812   43.582500  1.0619E-08
    1813   43.590000  8.8760E-09
    1814   43.597500  7.4041E-09
    1815   43.605000  6.1635E-09
    1816   43.612500  5.1202E-09
    1817   43.620000  4.2446E-09
    1818   43.627500  3.5114E-09
    1819   43.635000  2.8987E-09
    1820   43.642500  2.3879E-09
    1821   43.650000  1.9629E-09
    1822   43.657500  1.6102E-09
    1823   43.665000  1.3180E-09
    1824   43.672500  1.0765E-09
    1825   43.680000  8.7742E-10
    1826   43.687500  7.1360E-10
    1827   43.695000  5.7912E-10
    1828   43.702500  4.6897E-10
    1829   43.710000  3.7895E-10
    1830   43.717500  3.0555E-10
    1831   43.725000  2.4583E-10
    1832   43.732500  1.9735E-10
    1833   43.740000  1.5809E-10
    1834   43.747500  1.2637E-10
    1835   43.755000  1.0079E-10
    1836   43.762500  8.0212E-11
    1837   43.770000  6.3697E-11
    1838   43.777500  5.0472E-11
    1839   43.785000  3.9905E-11
    1840   43.792500  3.1481E-11
    1841   43.800000  2.4782E-11
    1842   43.807500  1.9465E-11
    1843   43.815000  1.5255E-11
    1844   43.822500  1.1930E-11
    1845   43.830000  9.3088E-12
    1846   43.837500  7.2477E-12
    1847   43.845000  5.6306E-12
    1848   43.852500  4.3647E-12
    1849   43.860000  3.3760E-12
    1850   43.867500  2.6056E-12
    1851   43.875000  2.0066E-12
    1852   43.882500  1.5420E-12
    1853   43.890000  1.1823E-12
    1854   43.897500  9.0457E-13
    1855   43.905000  6.9057E-13
    1856   43.912500  5.2605E-13
    1857   43.920000  3.9984E-13
    1858   43.927500  3.0324E-13
    1859   43.935000  2.2947E-13
    1860   43.942500  1.7327E-13
    1861   43.950000  1.3054E-13
    1862   43.957500  9.8135E-14
    1863   43.965000  7.3610E-14
    1864   43.972500  5.5093E-14
    1865   43.980000  4.1143E-14
    1866   43.987500  3.0658E-14
    1867   43.995000  2.2794E-14
    1868   44.002500  1.6910E-14
    1869   44.010000  1.2518E-14
    1870   44.017500  9.2457E-15
    1871   44.025000  6.8139E-15
    1872   44.032500  5.0107E-15
    1873   44.040000  3.6765E-15
    1874   44.047500  2.6917E-15
    1875   44.055000  1.9663E-15
    1876   44.062500  1.4332E-15
    1877   44.070000  1.0424E-15
    1878   44.077500  7.5646E-16
    1879   44.085000  5.3968E-16
    1880   44.092500  3.7213E-16
    1881   44.100000  2.4554E-16
    1882   44.107500  1.5035E-16
    1883   44.115000  8.0606E-17
    1884   44.122500  3.3269E-17
    1885   44.130000  7.3835E-18
    1886   44.137500  0.0000E+00
    1887   44.145000  0.0000E+00
    1888   44.152500  0.0000E+00
    1889   44.160000  0.0000E+00
    1890   44.167500  0.0000E+00
    1891   44.175000  0.0000E+00
    1892   44.182500  0.0000E+00
    1893   44.190000  0.0000E+00
    1894   44.197500  0.0000E+00
    1895   44.205000  0.0000E+00
    1896   44.212500  0.0000E+00
    1897   44.220000  0.0000E+00
    1898   44.227500  0.0000E+00
    1899   44.235000  0.0000E+00
    1900   44.242500  0.0000E+00
    1901   44.250000  0.0000E+00
    1902   44.257500  0.0000E+00
    1903   44.265000  0.0000E+00
    1904   44.272500  0.0000E+00
    1905   44.280000  0.0000E+00
    1906   44.287500  0.0000E+00
    1907   44.295000  0.0000E+00
    1908   44.302500  0.0000E+00
    1909   44.310000  0.0000E+00
    1910   44.317500  0.0000E+00
    1911   44.325000  0.0000E+00
    1912   44.332500  0.0000E+00
    1913   44.340000  0.0000E+00
    1914   44.347500  0.0000E+00
    1915   44.355000  0.0000E+00
    1916   44.362500  0.0000E+00
    1917   44.370000  0.0000E+00
    1918   44.377500  0.0000E+00
    1919   44.385000  0.0000E+00
    1920   44.392500  0.0000E+00
    1921   44.400000  0.0000E+00
    1922   44.407500  0.0000E+00
    1923   44.415000  0.0000E+00
    1924   44.422500  0.0000E+00
    1925   44.430000  0.0000E+00
    1926   44.437500  0.0000E+00
    1927   44.445000  0.0000E+00
    1928   44.452500  0.0000E+00
    1929   44.460000  0.0000E+00
    1930   44.467500  0.0000E+00
    1931   44.475000  0.0000E+00
    1932   44.482500  0.0000E+00
    1933   44.490000  0.0000E+00
    1934   44.497500  0.0000E+00
    1935   44.505000  0.0000E+00
    1936   44.512500  0.0000E+00
    1937   44.520000  0.0000E+00
    1938   44.527500  0.0000E+00
    1939   44.535000  0.0000E+00
    1940   44.542500  0.0000E+00
    1941   44.550000  0.0000E+00
    1942   44.557500  0.0000E+00
    1943   44.565000  0.0000E+00
    1944   44.572500  0.0000E+00
    1945   44.580000  0.0000E+00
    1946   44.587500  0.0000E+00
    1947   44.595000  0.0000E+00
    1948   44.602500  0.0000E+00
    1949   44.610000  0.0000E+00
    1950   44.617500  0.0000E+00
    1951   44.625000  0.0000E+00
    1952   44.632500  0.0000E+00
    1953   44.640000  0.0000E+00
    1954   44.647500  0.0000E+00
    1955   44.655000  0.0000E+00
    1956   44.662500  0.0000E+00
    1957   44.670000  0.0000E+00
    1958   44.677500  0.0000E+00
    1959   44.685000  0.0000E+00
    1960   44.692500  0.0000E+00
    1961   44.700000  0.0000E+00
    1962   44.707500  0.0000E+00
    1963   44.715000  0.0000E+00
    1964   44.722500  0.0000E+00
    1965   44.730000  0.0000E+00
    1966   44.737500  0.0000E+00
    1967   44.745000  0.0000E+00
    1968   44.752500  0.0000E+00
    1969   44.760000  0.0000E+00
    1970   44.767500  0.0000E+00
    1971   44.775000  0.0000E+00
    1972   44.782500  0.0000E+00
    1973   44.790000  0.0000E+00
    1974   44.797500  0.0000E+00
    1975   44.805000  0.0000E+00
    1976   44.812500  0.0000E+00
    1977   44.820000  0.0000E+00
    1978   44.827500  0.0000E+00
    1979   44.835000  0.0000E+00
    1980   44.842500  0.0000E+00
    1981   44.850000  0.0000E+00
    1982   44.857500  0.0000E+00
    1983   44.865000  0.0000E+00
    1984   44.872500  0.0000E+00
    1985   44.880000  0.0000E+00
    1986   44.887500  0.0000E+00
    1987   44.895000  0.0000E+00
    1988   44.902500  0.0000E+00
    1989   44.910000  0.0000E+00
    1990   44.917500  0.0000E+00
    1991   44.925000  0.0000E+00
    1992   44.932500  0.0000E+00
    1993   44.940000  0.0000E+00
    1994   44.947500  0.0000E+00
    1995   44.955000  0.0000E+00
    1996   44.962500  0.0000E+00
    1997   44.970000  0.0000E+00
    1998   44.977500  0.0000E+00
    1999   44.985000  0.0000E+00
    2000   44.992500  0.0000E+00
    2001   45.000000  0.0000E+00
