       1   30.000000  0.0000E+00
       2   30.007500  0.0000E+00
       3   30.015000  0.0000E+00
       4   30.022500  0.0000E+00
       5   30.030000  0.0000E+00
       6   30.037500  0.0000E+00
       7   30.045000  0.0000E+00
       8   30.052500  0.0000E+00
       9   30.060000  0.0000E+00
      10   30.067500  0.0000E+00
      11   30.075000  0.0000E+00
      12   30.082500  0.0000E+00
      13   30.090000  0.0000E+00
      14   30.097500  0.0000E+00
      15   30.105000  0.0000E+00
      16   30.112500  0.0000E+00
      17   30.120000  0.0000E+00
      18   30.127500  0.0000E+00
      19   30.135000  0.0000E+00
      20   30.142500  0.0000E+00
      21   30.150000  0.0000E+00
      22   30.157500  0.0000E+00
      23   30.165000  0.0000E+00
      24   30.172500  0.0000E+00
      25   30.180000  0.0000E+00
      26   30.187500  0.0000E+00
      27   30.195000  0.0000E+00
      28   30.202500  0.0000E+00
      29   30.210000  0.0000E+00
      30   30.217500  0.0000E+00
      31   30.225000  0.0000E+00
      32   30.232500  0.0000E+00
      33   30.240000  0.0000E+00
      34   30.247500  0.0000E+00
      35   30.255000  0.0000E+00
      36   30.262500  0.0000E+00
      37   30.270000  0.0000E+00
      38   30.277500  0.0000E+00
      39   30.285000  0.0000E+00
      40   30.292500  0.0000E+00
      41   30.300000  0.0000E+00
      42   30.307500  0.0000E+00
      43   30.315000  0.0000E+00
      44   30.322500  0.0000E+00
      45   30.330000  0.0000E+00
      46   30.337500  0.0000E+00
      47   30.345000  0.0000E+00
      48   30.352500  0.0000E+00
      49   30.360000  0.0000E+00
      50   30.367500  0.0000E+00
      51   30.375000  0.0000E+00
      52   30.382500  0.0000E+00
      53   30.390000  0.0000E+00
      54   30.397500  0.0000E+00
      55   30.405000  0.0000E+00
      56   30.412500  0.0000E+00
      57   30.420000  0.0000E+00
      58   30.427500  0.0000E+00
      59   30.435000  0.0000E+00
      60   30.442500  0.0000E+00
      61   30.450000  0.0000E+00
      62   30.457500  0.0000E+00
      63   30.465000  0.0000E+00
      64   30.472500  0.0000E+00
      65   30.480000  0.0000E+00
      66   30.487500  0.0000E+00
      67   30.495000  0.0000E+00
      68   30.502500  0.0000E+00
      69   30.510000  0.0000E+00
      70   30.517500  0.0000E+00
      71   30.525000  0.0000E+00
      72   30.532500  0.0000E+00
      73   30.540000  0.0000E+00
      74   30.547500  0.0000E+00
      75   30.555000  0.0000E+00
      76   30.562500  0.0000E+00
      77   30.570000  0.0000E+00
      78   30.577500  0.0000E+00
      79   30.585000  0.0000E+00
      80   30.592500  0.0000E+00
      81   30.600000  0.0000E+00
      82   30.607500  0.0000E+00
      83   30.615000  0.0000E+00
      84   30.622500  0.0000E+00
      85   30.630000  0.0000E+00
      86   30.637500  0.0000E+00
      87   30.645000  0.0000E+00
      88   30.652500  0.0000E+00
      89   30.660000  0.0000E+00
      90   30.667500  0.0000E+00
      91   30.675000  0.0000E+00
      92   30.682500  0.0000E+00
      93   30.690000  0.0000E+00
      94   30.697500  0.0000E+00
      95   30.705000  0.0000E+00
      96   30.712500  0.0000E+00
      97   30.720000  0.0000E+00
      98   30.727500  0.0000E+00
      99   30.735000  0.0000E+00
     100   30.742500  0.0000E+00
     101   30.750000  0.0000E+00
     102   30.757500  0.0000E+00
     103   30.765000  0.0000E+00
     104   30.772500  0.0000E+00
     105   30.780000  0.0000E+00
     106   30.787500  0.0000E+00
     107   30.795000  0.0000E+00
     108   30.802500  0.0000E+00
     109   30.810000  0.0000E+00
     110   30.817500  0.0000E+00
     111   30.825000  0.0000E+00
     112   30.832500  0.0000E+00
     113   30.840000  0.0000E+00
     114   30.847500  0.0000E+00
     115   30.855000  0.0000E+00
     116   30.862500  0.0000E+00
     117   30.870000  0.0000E+00
     118   30.877500  0.0000E+00
     119   30.885000  0.0000E+00
     120   30.892500  0.0000E+00
     121   30.900000  0.0000E+00
     122   30.907500  0.0000E+00
     123   30.915000  0.0000E+00
     124   30.922500  0.0000E+00
     125   30.930000  0.0000E+00
     126   30.937500  0.0000E+00
     127   30.945000  0.0000E+00
     128   30.952500  0.0000E+00
     129   30.960000  0.0000E+00
     130   30.967500  0.0000E+00
     131   30.975000  0.0000E+00
     132   30.982500  0.0000E+00
     133   30.990000  0.0000E+00
     134   30.997500  0.0000E+00
     135   31.005000  0.0000E+00
     136   31.012500  0.0000E+00
     137   31.020000  0.0000E+00
     138   31.027500  0.0000E+00
     139   31.035000  0.0000E+00
     140   31.042500  0.0000E+00
     141   31.050000  0.0000E+00
     142   31.057500  0.0000E+00
     143   31.065000  0.0000E+00
     144   31.072500  0.0000E+00
     145   31.080000  0.0000E+00
     146   31.087500  0.0000E+00
     147   31.095000  0.0000E+00
     148   31.102500  0.0000E+00
     149   31.110000  0.0000E+00
     150   31.117500  0.0000E+00
     151   31.125000  0.0000E+00
     152   31.132500  0.0000E+00
     153   31.140000  0.0000E+00
     154   31.147500  0.0000E+00
     155   31.155000  0.0000E+00
     156   31.162500  0.0000E+00
     157   31.170000  0.0000E+00
     158   31.177500  0.0000E+00
     159   31.185000  0.0000E+00
     160   31.192500  0.0000E+00
     161   31.200000  0.0000E+00
     162   31.207500  0.0000E+00
     163   31.215000  0.0000E+00
     164   31.222500  0.0000E+00
     165   31.230000  0.0000E+00
     166   31.237500  0.0000E+00
     167   31.245000  0.0000E+00
     168   31.252500  0.0000E+00
     169   31.260000  0.0000E+00
     170   31.267500  0.0000E+00
     171   31.275000  0.0000E+00
     172   31.282500  0.0000E+00
     173   31.290000  0.0000E+00
     174   31.297500  0.0000E+00
     175   31.305000  0.0000E+00
     176   31.312500  0.0000E+00
     177   31.320000  0.0000E+00
     178   31.327500  0.0000E+00
     179   31.335000  0.0000E+00
     180   31.342500  0.0000E+00
     181   31.350000  0.0000E+00
     182   31.357500  0.0000E+00
     183   31.365000  0.0000E+00
     184   31.372500  0.0000E+00
     185   31.380000  0.0000E+00
     186   31.387500  0.0000E+00
     187   31.395000  0.0000E+00
     188   31.402500  0.0000E+00
     189   31.410000  0.0000E+00
     190   31.417500  0.0000E+00
     191   31.425000  0.0000E+00
     192   31.432500  0.0000E+00
     193   31.440000  0.0000E+00
     194   31.447500  0.0000E+00
     195   31.455000  0.0000E+00
     196   31.462500  0.0000E+00
     197   31.470000  0.0000E+00
     198   31.477500  0.0000E+00
     199   31.485000  0.0000E+00
     200   31.492500  0.0000E+00
     201   31.500000  0.0000E+00
     202   31.507500  0.0000E+00
     203   31.515000  0.0000E+00
     204   31.522500  0.0000E+00
     205   31.530000  0.0000E+00
     206   31.537500  0.0000E+00
     207   31.545000  0.0000E+00
     208   31.552500  0.0000E+00
     209   31.560000  0.0000E+00
     210   31.567500  0.0000E+00
     211   31.575000  0.0000E+00
     212   31.582500  0.0000E+00
     213   31.590000  0.0000E+00
     214   31.597500  0.0000E+00
     215   31.605000  0.0000E+00
     216   31.612500  0.0000E+00
     217   31.620000  0.0000E+00
     218   31.627500  0.0000E+00
     219   31.635000  0.0000E+00
     220   31.642500  0.0000E+00
     221   31.650000  0.0000E+00
     222   31.657500  0.0000E+00
     223   31.665000  0.0000E+00
     224   31.672500  0.0000E+00
     225   31.680000  0.0000E+00
     226   31.687500  0.0000E+00
     227   31.695000  0.0000E+00
     228   31.702500  0.0000E+00
     229   31.710000  0.0000E+00
     230   31.717500  0.0000E+00
     231   31.725000  0.0000E+00
     232   31.732500  0.0000E+00
     233   31.740000  0.0000E+00
     234   31.747500  0.0000E+00
     235   31.755000  0.0000E+00
     236   31.762500  0.0000E+00
     237   31.770000  0.0000E+00
     238   31.777500  0.0000E+00
     239   31.785000  0.0000E+00
     240   31.792500  0.0000E+00
     241   31.800000  0.0000E+00
     242   31.807500  0.0000E+00
     243   31.815000  0.0000E+00
     244   31.822500  0.0000E+00
     245   31.830000  0.0000E+00
     246   31.837500  0.0000E+00
     247   31.845000  0.0000E+00
     248   31.852500  0.0000E+00
     249   31.860000  0.0000E+00
     250   31.867500  0.0000E+00
     251   31.875000  0.0000E+00
     252   31.882500  0.0000E+00
     253   31.890000  0.0000E+00
     254   31.897500  0.0000E+00
     255   31.905000  0.0000E+00
     256   31.912500  0.0000E+00
     257   31.920000  0.0000E+00
     258   31.927500  0.0000E+00
     259   31.935000  0.0000E+00
     260   31.942500  0.0000E+00
     261   31.950000  0.0000E+00
     262   31.957500  0.0000E+00
     263   31.965000  0.0000E+00
     264   31.972500  0.0000E+00
     265   31.980000  0.0000E+00
     266   31.987500  0.0000E+00
     267   31.995000  0.0000E+00
     268   32.002500  0.0000E+00
     269   32.010000  0.0000E+00
     270   32.017500  0.0000E+00
     271   32.025000  0.0000E+00
     272   32.032500  0.0000E+00
     273   32.040000  0.0000E+00
     274   32.047500  0.0000E+00
     275   32.055000  0.0000E+00
     276   32.062500  0.0000E+00
     277   32.070000  0.0000E+00
     278   32.077500  0.0000E+00
     279   32.085000  0.0000E+00
     280   32.092500  0.0000E+00
     281   32.100000  0.0000E+00
     282   32.107500  0.0000E+00
     283   32.115000  0.0000E+00
     284   32.122500  0.0000E+00
     285   32.130000  0.0000E+00
     286   32.137500  0.0000E+00
     287   32.145000  0.0000E+00
     288   32.152500  0.0000E+00
     289   32.160000  0.0000E+00
     290   32.167500  0.0000E+00
     291   32.175000  0.0000E+00
     292   32.182500  0.0000E+00
     293   32.190000  0.0000E+00
     294   32.197500  0.0000E+00
     295   32.205000  0.0000E+00
     296   32.212500  0.0000E+00
     297   32.220000  0.0000E+00
     298   32.227500  0.0000E+00
     299   32.235000  0.0000E+00
     300   32.242500  0.0000E+00
     301   32.250000  0.0000E+00
     302   32.257500  0.0000E+00
     303   32.265000  0.0000E+00
     304   32.272500  0.0000E+00
     305   32.280000  0.0000E+00
     306   32.287500  0.0000E+00
     307   32.295000  0.0000E+00
     308   32.302500  0.0000E+00
     309   32.310000  0.0000E+00
     310   32.317500  0.0000E+00
     311   32.325000  0.0000E+00
     312   32.332500  0.0000E+00
     313   32.340000  0.0000E+00
     314   32.347500  0.0000E+00
     315   32.355000  0.0000E+00
     316   32.362500  0.0000E+00
     317   32.370000  0.0000E+00
     318   32.377500  0.0000E+00
     319   32.385000  0.0000E+00
     320   32.392500  0.0000E+00
     321   32.400000  0.0000E+00
     322   32.407500  0.0000E+00
     323   32.415000  0.0000E+00
     324   32.422500  0.0000E+00
     325   32.430000  0.0000E+00
     326   32.437500  0.0000E+00
     327   32.445000  0.0000E+00
     328   32.452500  0.0000E+00
     329   32.460000  0.0000E+00
     330   32.467500  0.0000E+00
     331   32.475000  0.0000E+00
     332   32.482500  0.0000E+00
     333   32.490000  0.0000E+00
     334   32.497500  0.0000E+00
     335   32.505000  0.0000E+00
     336   32.512500  0.0000E+00
     337   32.520000  0.0000E+00
     338   32.527500  0.0000E+00
     339   32.535000  0.0000E+00
     340   32.542500  0.0000E+00
     341   32.550000  0.0000E+00
     342   32.557500  0.0000E+00
     343   32.565000  0.0000E+00
     344   32.572500  0.0000E+00
     345   32.580000  0.0000E+00
     346   32.587500  0.0000E+00
     347   32.595000  0.0000E+00
     348   32.602500  0.0000E+00
     349   32.610000  0.0000E+00
     350   32.617500  0.0000E+00
     351   32.625000  0.0000E+00
     352   32.632500  0.0000E+00
     353   32.640000  0.0000E+00
     354   32.647500  0.0000E+00
     355   32.655000  0.0000E+00
     356   32.662500  0.0000E+00
     357   32.670000  0.0000E+00
     358   32.677500  0.0000E+00
     359   32.685000  0.0000E+00
     360   32.692500  0.0000E+00
     361   32.700000  0.0000E+00
     362   32.707500  0.0000E+00
     363   32.715000  0.0000E+00
     364   32.722500  0.0000E+00
     365   32.730000  0.0000E+00
     366   32.737500  0.0000E+00
     367   32.745000  0.0000E+00
     368   32.752500  0.0000E+00
     369   32.760000  0.0000E+00
     370   32.767500  0.0000E+00
     371   32.775000  0.0000E+00
     372   32.782500  0.0000E+00
     373   32.790000  0.0000E+00
     374   32.797500  0.0000E+00
     375   32.805000  0.0000E+00
     376   32.812500  0.0000E+00
     377   32.820000  0.0000E+00
     378   32.827500  0.0000E+00
     379   32.835000  0.0000E+00
     380   32.842500  0.0000E+00
     381   32.850000  0.0000E+00
     382   32.857500  0.0000E+00
     383   32.865000  0.0000E+00
     384   32.872500  0.0000E+00
     385   32.880000  0.0000E+00
     386   32.887500  0.0000E+00
     387   32.895000  0.0000E+00
     388   32.902500  0.0000E+00
     389   32.910000  0.0000E+00
     390   32.917500  0.0000E+00
     391   32.925000  0.0000E+00
     392   32.932500  0.0000E+00
     393   32.940000  0.0000E+00
     394   32.947500  0.0000E+00
     395   32.955000  0.0000E+00
     396   32.962500  0.0000E+00
     397   32.970000  0.0000E+00
     398   32.977500  0.0000E+00
     399   32.985000  0.0000E+00
     400   32.992500  0.0000E+00
     401   33.000000  0.0000E+00
     402   33.007500  0.0000E+00
     403   33.015000  0.0000E+00
     404   33.022500  0.0000E+00
     405   33.030000  0.0000E+00
     406   33.037500  0.0000E+00
     407   33.045000  0.0000E+00
     408   33.052500  0.0000E+00
     409   33.060000  0.0000E+00
     410   33.067500  0.0000E+00
     411   33.075000  0.0000E+00
     412   33.082500  0.0000E+00
     413   33.090000  0.0000E+00
     414   33.097500  0.0000E+00
     415   33.105000  0.0000E+00
     416   33.112500  0.0000E+00
     417   33.120000  0.0000E+00
     418   33.127500  0.0000E+00
     419   33.135000  0.0000E+00
     420   33.142500  0.0000E+00
     421   33.150000  0.0000E+00
     422   33.157500  0.0000E+00
     423   33.165000  0.0000E+00
     424   33.172500  0.0000E+00
     425   33.180000  0.0000E+00
     426   33.187500  0.0000E+00
     427   33.195000  0.0000E+00
     428   33.202500  0.0000E+00
     429   33.210000  0.0000E+00
     430   33.217500  0.0000E+00
     431   33.225000  0.0000E+00
     432   33.232500  0.0000E+00
     433   33.240000  0.0000E+00
     434   33.247500  0.0000E+00
     435   33.255000  0.0000E+00
     436   33.262500  0.0000E+00
     437   33.270000  0.0000E+00
     438   33.277500  0.0000E+00
     439   33.285000  0.0000E+00
     440   33.292500  0.0000E+00
     441   33.300000  0.0000E+00
     442   33.307500  0.0000E+00
     443   33.315000  0.0000E+00
     444   33.322500  0.0000E+00
     445   33.330000  0.0000E+00
     446   33.337500  0.0000E+00
     447   33.345000  0.0000E+00
     448   33.352500  0.0000E+00
     449   33.360000  0.0000E+00
     450   33.367500  0.0000E+00
     451   33.375000  0.0000E+00
     452   33.382500  0.0000E+00
     453   33.390000  0.0000E+00
     454   33.397500  0.0000E+00
     455   33.405000  0.0000E+00
     456   33.412500  0.0000E+00
     457   33.420000  0.0000E+00
     458   33.427500  0.0000E+00
     459   33.435000  0.0000E+00
     460   33.442500  0.0000E+00
     461   33.450000  0.0000E+00
     462   33.457500  0.0000E+00
     463   33.465000  0.0000E+00
     464   33.472500  0.0000E+00
     465   33.480000  0.0000E+00
     466   33.487500  0.0000E+00
     467   33.495000  0.0000E+00
     468   33.502500  0.0000E+00
     469   33.510000  0.0000E+00
     470   33.517500  0.0000E+00
     471   33.525000  0.0000E+00
     472   33.532500  0.0000E+00
     473   33.540000  0.0000E+00
     474   33.547500  0.0000E+00
     475   33.555000  0.0000E+00
     476   33.562500  0.0000E+00
     477   33.570000  0.0000E+00
     478   33.577500  0.0000E+00
     479   33.585000  0.0000E+00
     480   33.592500  0.0000E+00
     481   33.600000  0.0000E+00
     482   33.607500  0.0000E+00
     483   33.615000  0.0000E+00
     484   33.622500  0.0000E+00
     485   33.630000  0.0000E+00
     486   33.637500  0.0000E+00
     487   33.645000  0.0000E+00
     488   33.652500  0.0000E+00
     489   33.660000  0.0000E+00
     490   33.667500  0.0000E+00
     491   33.675000  0.0000E+00
     492   33.682500  0.0000E+00
     493   33.690000  0.0000E+00
     494   33.697500  0.0000E+00
     495   33.705000  0.0000E+00
     496   33.712500  0.0000E+00
     497   33.720000  0.0000E+00
     498   33.727500  0.0000E+00
     499   33.735000  0.0000E+00
     500   33.742500  0.0000E+00
     501   33.750000  0.0000E+00
     502   33.757500  0.0000E+00
     503   33.765000  0.0000E+00
     504   33.772500  0.0000E+00
     505   33.780000  0.0000E+00
     506   33.787500  0.0000E+00
     507   33.795000  0.0000E+00
     508   33.802500  0.0000E+00
     509   33.810000  0.0000E+00
     510   33.817500  0.0000E+00
     511   33.825000  0.0000E+00
     512   33.832500  0.0000E+00
     513   33.840000  0.0000E+00
     514   33.847500  0.0000E+00
     515   33.855000  0.0000E+00
     516   33.862500  0.0000E+00
     517   33.870000  0.0000E+00
     518   33.877500  0.0000E+00
     519   33.885000  0.0000E+00
     520   33.892500  0.0000E+00
     521   33.900000  0.0000E+00
     522   33.907500  0.0000E+00
     523   33.915000  0.0000E+00
     524   33.922500  0.0000E+00
     525   33.930000  0.0000E+00
     526   33.937500  0.0000E+00
     527   33.945000  0.0000E+00
     528   33.952500  0.0000E+00
     529   33.960000  0.0000E+00
     530   33.967500  0.0000E+00
     531   33.975000  0.0000E+00
     532   33.982500  0.0000E+00
     533   33.990000  0.0000E+00
     534   33.997500  0.0000E+00
     535   34.005000  0.0000E+00
     536   34.012500  0.0000E+00
     537   34.020000  0.0000E+00
     538   34.027500  0.0000E+00
     539   34.035000  0.0000E+00
     540   34.042500  0.0000E+00
     541   34.050000  0.0000E+00
     542   34.057500  0.0000E+00
     543   34.065000  0.0000E+00
     544   34.072500  0.0000E+00
     545   34.080000  0.0000E+00
     546   34.087500  0.0000E+00
     547   34.095000  0.0000E+00
     548   34.102500  0.0000E+00
     549   34.110000  0.0000E+00
     550   34.117500  0.0000E+00
     551   34.125000  0.0000E+00
     552   34.132500  0.0000E+00
     553   34.140000  0.0000E+00
     554   34.147500  0.0000E+00
     555   34.155000  0.0000E+00
     556   34.162500  0.0000E+00
     557   34.170000  0.0000E+00
     558   34.177500  0.0000E+00
     559   34.185000  0.0000E+00
     560   34.192500  0.0000E+00
     561   34.200000  0.0000E+00
     562   34.207500  0.0000E+00
     563   34.215000  0.0000E+00
     564   34.222500  0.0000E+00
     565   34.230000  0.0000E+00
     566   34.237500  0.0000E+00
     567   34.245000  0.0000E+00
     568   34.252500  0.0000E+00
     569   34.260000  0.0000E+00
     570   34.267500  0.0000E+00
     571   34.275000  0.0000E+00
     572   34.282500  0.0000E+00
     573   34.290000  0.0000E+00
     574   34.297500  0.0000E+00
     575   34.305000  0.0000E+00
     576   34.312500  0.0000E+00
     577   34.320000  0.0000E+00
     578   34.327500  0.0000E+00
     579   34.335000  0.0000E+00
     580   34.342500  0.0000E+00
     581   34.350000  0.0000E+00
     582   34.357500  0.0000E+00
     583   34.365000  0.0000E+00
     584   34.372500  0.0000E+00
     585   34.380000  0.0000E+00
     586   34.387500  0.0000E+00
     587   34.395000  0.0000E+00
     588   34.402500  0.0000E+00
     589   34.410000  0.0000E+00
     590   34.417500  0.0000E+00
     591   34.425000  0.0000E+00
     592   34.432500  0.0000E+00
     593   34.440000  0.0000E+00
     594   34.447500  0.0000E+00
     595   34.455000  0.0000E+00
     596   34.462500  0.0000E+00
     597   34.470000  0.0000E+00
     598   34.477500  0.0000E+00
     599   34.485000  0.0000E+00
     600   34.492500  0.0000E+00
     601   34.500000  0.0000E+00
     602   34.507500  0.0000E+00
     603   34.515000  0.0000E+00
     604   34.522500  0.0000E+00
     605   34.530000  0.0000E+00
     606   34.537500  0.0000E+00
     607   34.545000  0.0000E+00
     608   34.552500  0.0000E+00
     609   34.560000  0.0000E+00
     610   34.567500  0.0000E+00
     611   34.575000  0.0000E+00
     612   34.582500  0.0000E+00
     613   34.590000  0.0000E+00
     614   34.597500  0.0000E+00
     615   34.605000  0.0000E+00
     616   34.612500  0.0000E+00
     617   34.620000  0.0000E+00
     618   34.627500  0.0000E+00
     619   34.635000  0.0000E+00
     620   34.642500  0.0000E+00
     621   34.650000  0.0000E+00
     622   34.657500  0.0000E+00
     623   34.665000  0.0000E+00
     624   34.672500  0.0000E+00
     625   34.680000  0.0000E+00
     626   34.687500  0.0000E+00
     627   34.695000  0.0000E+00
     628   34.702500  0.0000E+00
     629   34.710000  0.0000E+00
     630   34.717500  0.0000E+00
     631   34.725000  0.0000E+00
     632   34.732500  0.0000E+00
     633   34.740000  0.0000E+00
     634   34.747500  0.0000E+00
     635   34.755000  0.0000E+00
     636   34.762500  0.0000E+00
     637   34.770000  0.0000E+00
     638   34.777500  0.0000E+00
     639   34.785000  0.0000E+00
     640   34.792500  0.0000E+00
     641   34.800000  0.0000E+00
     642   34.807500  0.0000E+00
     643   34.815000  0.0000E+00
     644   34.822500  0.0000E+00
     645   34.830000  0.0000E+00
     646   34.837500  0.0000E+00
     647   34.845000  0.0000E+00
     648   34.852500  0.0000E+00
     649   34.860000  0.0000E+00
     650   34.867500  0.0000E+00
     651   34.875000  0.0000E+00
     652   34.882500  0.0000E+00
     653   34.890000  0.0000E+00
     654   34.897500  0.0000E+00
     655   34.905000  0.0000E+00
     656   34.912500  0.0000E+00
     657   34.920000  0.0000E+00
     658   34.927500  0.0000E+00
     659   34.935000  0.0000E+00
     660   34.942500  0.0000E+00
     661   34.950000  0.0000E+00
     662   34.957500  0.0000E+00
     663   34.965000  0.0000E+00
     664   34.972500  0.0000E+00
     665   34.980000  0.0000E+00
     666   34.987500  0.0000E+00
     667   34.995000  0.0000E+00
     668   35.002500  0.0000E+00
     669   35.010000  0.0000E+00
     670   35.017500  0.0000E+00
     671   35.025000  0.0000E+00
     672   35.032500  0.0000E+00
     673   35.040000  0.0000E+00
     674   35.047500  0.0000E+00
     675   35.055000  0.0000E+00
     676   35.062500  0.0000E+00
     677   35.070000  0.0000E+00
     678   35.077500  0.0000E+00
     679   35.085000  0.0000E+00
     680   35.092500  0.0000E+00
     681   35.100000  0.0000E+00
     682   35.107500  0.0000E+00
     683   35.115000  0.0000E+00
     684   35.122500  0.0000E+00
     685   35.130000  0.0000E+00
     686   35.137500  0.0000E+00
     687   35.145000  0.0000E+00
     688   35.152500  0.0000E+00
     689   35.160000  0.0000E+00
     690   35.167500  0.0000E+00
     691   35.175000  0.0000E+00
     692   35.182500  0.0000E+00
     693   35.190000  0.0000E+00
     694   35.197500  0.0000E+00
     695   35.205000  0.0000E+00
     696   35.212500  0.0000E+00
     697   35.220000  0.0000E+00
     698   35.227500  0.0000E+00
     699   35.235000  0.0000E+00
     700   35.242500  0.0000E+00
     701   35.250000  0.0000E+00
     702   35.257500  0.0000E+00
     703   35.265000  0.0000E+00
     704   35.272500  0.0000E+00
     705   35.280000  0.0000E+00
     706   35.287500  0.0000E+00
     707   35.295000  0.0000E+00
     708   35.302500  0.0000E+00
     709   35.310000  0.0000E+00
     710   35.317500  0.0000E+00
     711   35.325000  0.0000E+00
     712   35.332500  0.0000E+00
     713   35.340000  0.0000E+00
     714   35.347500  0.0000E+00
     715   35.355000  0.0000E+00
     716   35.362500  0.0000E+00
     717   35.370000  0.0000E+00
     718   35.377500  0.0000E+00
     719   35.385000  0.0000E+00
     720   35.392500  0.0000E+00
     721   35.400000  0.0000E+00
     722   35.407500  0.0000E+00
     723   35.415000  0.0000E+00
     724   35.422500  0.0000E+00
     725   35.430000  0.0000E+00
     726   35.437500  0.0000E+00
     727   35.445000  0.0000E+00
     728   35.452500  0.0000E+00
     729   35.460000  0.0000E+00
     730   35.467500  0.0000E+00
     731   35.475000  0.0000E+00
     732   35.482500  0.0000E+00
     733   35.490000  0.0000E+00
     734   35.497500  0.0000E+00
     735   35.505000  0.0000E+00
     736   35.512500  0.0000E+00
     737   35.520000  0.0000E+00
     738   35.527500  0.0000E+00
     739   35.535000  0.0000E+00
     740   35.542500  0.0000E+00
     741   35.550000  0.0000E+00
     742   35.557500  0.0000E+00
     743   35.565000  0.0000E+00
     744   35.572500  0.0000E+00
     745   35.580000  0.0000E+00
     746   35.587500  0.0000E+00
     747   35.595000  0.0000E+00
     748   35.602500  0.0000E+00
     749   35.610000  0.0000E+00
     750   35.617500  0.0000E+00
     751   35.625000  0.0000E+00
     752   35.632500  0.0000E+00
     753   35.640000  0.0000E+00
     754   35.647500  0.0000E+00
     755   35.655000  0.0000E+00
     756   35.662500  0.0000E+00
     757   35.670000  0.0000E+00
     758   35.677500  0.0000E+00
     759   35.685000  0.0000E+00
     760   35.692500  0.0000E+00
     761   35.700000  0.0000E+00
     762   35.707500  0.0000E+00
     763   35.715000  0.0000E+00
     764   35.722500  0.0000E+00
     765   35.730000  0.0000E+00
     766   35.737500  0.0000E+00
     767   35.745000  0.0000E+00
     768   35.752500  0.0000E+00
     769   35.760000  0.0000E+00
     770   35.767500  0.0000E+00
     771   35.775000  0.0000E+00
     772   35.782500  0.0000E+00
     773   35.790000  0.0000E+00
     774   35.797500  0.0000E+00
     775   35.805000  0.0000E+00
     776   35.812500  0.0000E+00
     777   35.820000  0.0000E+00
     778   35.827500  0.0000E+00
     779   35.835000  0.0000E+00
     780   35.842500  0.0000E+00
     781   35.850000  0.0000E+00
     782   35.857500  0.0000E+00
     783   35.865000  0.0000E+00
     784   35.872500  0.0000E+00
     785   35.880000  0.0000E+00
     786   35.887500  0.0000E+00
     787   35.895000  0.0000E+00
     788   35.902500  0.0000E+00
     789   35.910000  0.0000E+00
     790   35.917500  0.0000E+00
     791   35.925000  0.0000E+00
     792   35.932500  0.0000E+00
     793   35.940000  0.0000E+00
     794   35.947500  0.0000E+00
     795   35.955000  0.0000E+00
     796   35.962500  0.0000E+00
     797   35.970000  0.0000E+00
     798   35.977500  0.0000E+00
     799   35.985000  0.0000E+00
     800   35.992500  0.0000E+00
     801   36.000000  0.0000E+00
     802   36.007500  0.0000E+00
     803   36.015000  0.0000E+00
     804   36.022500  0.0000E+00
     805   36.030000  0.0000E+00
     806   36.037500  0.0000E+00
     807   36.045000  0.0000E+00
     808   36.052500  0.0000E+00
     809   36.060000  0.0000E+00
     810   36.067500  0.0000E+00
     811   36.075000  0.0000E+00
     812   36.082500  0.0000E+00
     813   36.090000  0.0000E+00
     814   36.097500  0.0000E+00
     815   36.105000  0.0000E+00
     816   36.112500  0.0000E+00
     817   36.120000  0.0000E+00
     818   36.127500  0.0000E+00
     819   36.135000  0.0000E+00
     820   36.142500  0.0000E+00
     821   36.150000  0.0000E+00
     822   36.157500  0.0000E+00
     823   36.165000  0.0000E+00
     824   36.172500  0.0000E+00
     825   36.180000  0.0000E+00
     826   36.187500  0.0000E+00
     827   36.195000  0.0000E+00
     828   36.202500  0.0000E+00
     829   36.210000  0.0000E+00
     830   36.217500  0.0000E+00
     831   36.225000  0.0000E+00
     832   36.232500  0.0000E+00
     833   36.240000  0.0000E+00
     834   36.247500  0.0000E+00
     835   36.255000  0.0000E+00
     836   36.262500  0.0000E+00
     837   36.270000  0.0000E+00
     838   36.277500  0.0000E+00
     839   36.285000  0.0000E+00
     840   36.292500  0.0000E+00
     841   36.300000  0.0000E+00
     842   36.307500  0.0000E+00
     843   36.315000  0.0000E+00
     844   36.322500  0.0000E+00
     845   36.330000  0.0000E+00
     846   36.337500  0.0000E+00
     847   36.345000  0.0000E+00
     848   36.352500  0.0000E+00
     849   36.360000  0.0000E+00
     850   36.367500  0.0000E+00
     851   36.375000  0.0000E+00
     852   36.382500  0.0000E+00
     853   36.390000  0.0000E+00
     854   36.397500  0.0000E+00
     855   36.405000  0.0000E+00
     856   36.412500  0.0000E+00
     857   36.420000  0.0000E+00
     858   36.427500  0.0000E+00
     859   36.435000  0.0000E+00
     860   36.442500  0.0000E+00
     861   36.450000  0.0000E+00
     862   36.457500  0.0000E+00
     863   36.465000  0.0000E+00
     864   36.472500  0.0000E+00
     865   36.480000  0.0000E+00
     866   36.487500  0.0000E+00
     867   36.495000  0.0000E+00
     868   36.502500  0.0000E+00
     869   36.510000  0.0000E+00
     870   36.517500  0.0000E+00
     871   36.525000  0.0000E+00
     872   36.532500  0.0000E+00
     873   36.540000  0.0000E+00
     874   36.547500  0.0000E+00
     875   36.555000  0.0000E+00
     876   36.562500  0.0000E+00
     877   36.570000  0.0000E+00
     878   36.577500  0.0000E+00
     879   36.585000  0.0000E+00
     880   36.592500  0.0000E+00
     881   36.600000  0.0000E+00
     882   36.607500  0.0000E+00
     883   36.615000  0.0000E+00
     884   36.622500  0.0000E+00
     885   36.630000  0.0000E+00
     886   36.637500  0.0000E+00
     887   36.645000  0.0000E+00
     888   36.652500  0.0000E+00
     889   36.660000  0.0000E+00
     890   36.667500  0.0000E+00
     891   36.675000  0.0000E+00
     892   36.682500  0.0000E+00
     893   36.690000  0.0000E+00
     894   36.697500  0.0000E+00
     895   36.705000  0.0000E+00
     896   36.712500  0.0000E+00
     897   36.720000  0.0000E+00
     898   36.727500  0.0000E+00
     899   36.735000  0.0000E+00
     900   36.742500  0.0000E+00
     901   36.750000  0.0000E+00
     902   36.757500  0.0000E+00
     903   36.765000  0.0000E+00
     904   36.772500  0.0000E+00
     905   36.780000  0.0000E+00
     906   36.787500  0.0000E+00
     907   36.795000  0.0000E+00
     908   36.802500  0.0000E+00
     909   36.810000  0.0000E+00
     910   36.817500  0.0000E+00
     911   36.825000  0.0000E+00
     912   36.832500  0.0000E+00
     913   36.840000  0.0000E+00
     914   36.847500  0.0000E+00
     915   36.855000  0.0000E+00
     916   36.862500  0.0000E+00
     917   36.870000  0.0000E+00
     918   36.877500  0.0000E+00
     919   36.885000  0.0000E+00
     920   36.892500  0.0000E+00
     921   36.900000  0.0000E+00
     922   36.907500  0.0000E+00
     923   36.915000  0.0000E+00
     924   36.922500  0.0000E+00
     925   36.930000  0.0000E+00
     926   36.937500  0.0000E+00
     927   36.945000  0.0000E+00
     928   36.952500  0.0000E+00
     929   36.960000  0.0000E+00
     930   36.967500  0.0000E+00
     931   36.975000  0.0000E+00
     932   36.982500  0.0000E+00
     933   36.990000  0.0000E+00
     934   36.997500  0.0000E+00
     935   37.005000  0.0000E+00
     936   37.012500  0.0000E+00
     937   37.020000  0.0000E+00
     938   37.027500  0.0000E+00
     939   37.035000  0.0000E+00
     940   37.042500  0.0000E+00
     941   37.050000  0.0000E+00
     942   37.057500  0.0000E+00
     943   37.065000  0.0000E+00
     944   37.072500  0.0000E+00
     945   37.080000  0.0000E+00
     946   37.087500  0.0000E+00
     947   37.095000  0.0000E+00
     948   37.102500  0.0000E+00
     949   37.110000  0.0000E+00
     950   37.117500  0.0000E+00
     951   37.125000  0.0000E+00
     952   37.132500  0.0000E+00
     953   37.140000  0.0000E+00
     954   37.147500  0.0000E+00
     955   37.155000  0.0000E+00
     956   37.162500  0.0000E+00
     957   37.170000  0.0000E+00
     958   37.177500  0.0000E+00
     959   37.185000  0.0000E+00
     960   37.192500  0.0000E+00
     961   37.200000  0.0000E+00
     962   37.207500  0.0000E+00
     963   37.215000  0.0000E+00
     964   37.222500  0.0000E+00
     965   37.230000  0.0000E+00
     966   37.237500  0.0000E+00
     967   37.245000  0.0000E+00
     968   37.252500  0.0000E+00
     969   37.260000  0.0000E+00
     970   37.267500  0.0000E+00
     971   37.275000  0.0000E+00
     972   37.282500  0.0000E+00
     973   37.290000  0.0000E+00
     974   37.297500  0.0000E+00
     975   37.305000  0.0000E+00
     976   37.312500  0.0000E+00
     977   37.320000  0.0000E+00
     978   37.327500  0.0000E+00
     979   37.335000  0.0000E+00
     980   37.342500  0.0000E+00
     981   37.350000  0.0000E+00
     982   37.357500  0.0000E+00
     983   37.365000  0.0000E+00
     984   37.372500  0.0000E+00
     985   37.380000  0.0000E+00
     986   37.387500  0.0000E+00
     987   37.395000  0.0000E+00
     988   37.402500  0.0000E+00
     989   37.410000  0.0000E+00
     990   37.417500  0.0000E+00
     991   37.425000  0.0000E+00
     992   37.432500  0.0000E+00
     993   37.440000  0.0000E+00
     994   37.447500  0.0000E+00
     995   37.455000  0.0000E+00
     996   37.462500  0.0000E+00
     997   37.470000  0.0000E+00
     998   37.477500  0.0000E+00
     999   37.485000  0.0000E+00
    1000   37.492500  0.0000E+00
    1001   37.500000  0.0000E+00
    1002   37.507500  0.0000E+00
    1003   37.515000  0.0000E+00
    1004   37.522500  0.0000E+00
    1005   37.530000  0.0000E+00
    1006   37.537500  0.0000E+00
    1007   37.545000  0.0000E+00
    1008   37.552500  0.0000E+00
    1009   37.560000  0.0000E+00
    1010   37.567500  0.0000E+00
    1011   37.575000  0.0000E+00
    1012   37.582500  0.0000E+00
    1013   37.590000  0.0000E+00
    1014   37.597500  0.0000E+00
    1015   37.605000  0.0000E+00
    1016   37.612500  0.0000E+00
    1017   37.620000  0.0000E+00
    1018   37.627500  0.0000E+00
    1019   37.635000  0.0000E+00
    1020   37.642500  0.0000E+00
    1021   37.650000  0.0000E+00
    1022   37.657500  0.0000E+00
    1023   37.665000  0.0000E+00
    1024   37.672500  0.0000E+00
    1025   37.680000  0.0000E+00
    1026   37.687500  0.0000E+00
    1027   37.695000  0.0000E+00
    1028   37.702500  0.0000E+00
    1029   37.710000  0.0000E+00
    1030   37.717500  0.0000E+00
    1031   37.725000  0.0000E+00
    1032   37.732500  0.0000E+00
    1033   37.740000  0.0000E+00
    1034   37.747500  0.0000E+00
    1035   37.755000  0.0000E+00
    1036   37.762500  0.0000E+00
    1037   37.770000  0.0000E+00
    1038   37.777500  0.0000E+00
    1039   37.785000  0.0000E+00
    1040   37.792500  0.0000E+00
    1041   37.800000  0.0000E+00
    1042   37.807500  0.0000E+00
    1043   37.815000  0.0000E+00
    1044   37.822500  0.0000E+00
    1045   37.830000  0.0000E+00
    1046   37.837500  0.0000E+00
    1047   37.845000  0.0000E+00
    1048   37.852500  0.0000E+00
    1049   37.860000  0.0000E+00
    1050   37.867500  0.0000E+00
    1051   37.875000  0.0000E+00
    1052   37.882500  0.0000E+00
    1053   37.890000  0.0000E+00
    1054   37.897500  0.0000E+00
    1055   37.905000  0.0000E+00
    1056   37.912500  0.0000E+00
    1057   37.920000  0.0000E+00
    1058   37.927500  0.0000E+00
    1059   37.935000  0.0000E+00
    1060   37.942500  0.0000E+00
    1061   37.950000  0.0000E+00
    1062   37.957500  0.0000E+00
    1063   37.965000  0.0000E+00
    1064   37.972500  0.0000E+00
    1065   37.980000  0.0000E+00
    1066   37.987500  0.0000E+00
    1067   37.995000  0.0000E+00
    1068   38.002500  0.0000E+00
    1069   38.010000  0.0000E+00
    1070   38.017500  0.0000E+00
    1071   38.025000  0.0000E+00
    1072   38.032500  0.0000E+00
    1073   38.040000  0.0000E+00
    1074   38.047500  0.0000E+00
    1075   38.055000  0.0000E+00
    1076   38.062500  0.0000E+00
    1077   38.070000  0.0000E+00
    1078   38.077500  0.0000E+00
    1079   38.085000  0.0000E+00
    1080   38.092500  0.0000E+00
    1081   38.100000  0.0000E+00
    1082   38.107500  0.0000E+00
    1083   38.115000  0.0000E+00
    1084   38.122500  0.0000E+00
    1085   38.130000  0.0000E+00
    1086   38.137500  0.0000E+00
    1087   38.145000  0.0000E+00
    1088   38.152500  0.0000E+00
    1089   38.160000  0.0000E+00
    1090   38.167500  0.0000E+00
    1091   38.175000  0.0000E+00
    1092   38.182500  0.0000E+00
    1093   38.190000  0.0000E+00
    1094   38.197500  0.0000E+00
    1095   38.205000  0.0000E+00
    1096   38.212500  0.0000E+00
    1097   38.220000  0.0000E+00
    1098   38.227500  0.0000E+00
    1099   38.235000  0.0000E+00
    1100   38.242500  0.0000E+00
    1101   38.250000  0.0000E+00
    1102   38.257500  0.0000E+00
    1103   38.265000  0.0000E+00
    1104   38.272500  0.0000E+00
    1105   38.280000  0.0000E+00
    1106   38.287500  0.0000E+00
    1107   38.295000  0.0000E+00
    1108   38.302500  0.0000E+00
    1109   38.310000  0.0000E+00
    1110   38.317500  0.0000E+00
    1111   38.325000  0.0000E+00
    1112   38.332500  0.0000E+00
    1113   38.340000  0.0000E+00
    1114   38.347500  0.0000E+00
    1115   38.355000  0.0000E+00
    1116   38.362500  0.0000E+00
    1117   38.370000  0.0000E+00
    1118   38.377500  0.0000E+00
    1119   38.385000  0.0000E+00
    1120   38.392500  0.0000E+00
    1121   38.400000  0.0000E+00
    1122   38.407500  0.0000E+00
    1123   38.415000  0.0000E+00
    1124   38.422500  0.0000E+00
    1125   38.430000  0.0000E+00
    1126   38.437500  0.0000E+00
    1127   38.445000  0.0000E+00
    1128   38.452500  0.0000E+00
    1129   38.460000  0.0000E+00
    1130   38.467500  0.0000E+00
    1131   38.475000  0.0000E+00
    1132   38.482500  0.0000E+00
    1133   38.490000  0.0000E+00
    1134   38.497500  0.0000E+00
    1135   38.505000  0.0000E+00
    1136   38.512500  0.0000E+00
    1137   38.520000  0.0000E+00
    1138   38.527500  0.0000E+00
    1139   38.535000  0.0000E+00
    1140   38.542500  0.0000E+00
    1141   38.550000  0.0000E+00
    1142   38.557500  0.0000E+00
    1143   38.565000  0.0000E+00
    1144   38.572500  0.0000E+00
    1145   38.580000  0.0000E+00
    1146   38.587500  0.0000E+00
    1147   38.595000  0.0000E+00
    1148   38.602500  0.0000E+00
    1149   38.610000  0.0000E+00
    1150   38.617500  0.0000E+00
    1151   38.625000  0.0000E+00
    1152   38.632500  0.0000E+00
    1153   38.640000  0.0000E+00
    1154   38.647500  0.0000E+00
    1155   38.655000  0.0000E+00
    1156   38.662500  0.0000E+00
    1157   38.670000  0.0000E+00
    1158   38.677500  0.0000E+00
    1159   38.685000  0.0000E+00
    1160   38.692500  0.0000E+00
    1161   38.700000  0.0000E+00
    1162   38.707500  0.0000E+00
    1163   38.715000  0.0000E+00
    1164   38.722500  0.0000E+00
    1165   38.730000  0.0000E+00
    1166   38.737500  0.0000E+00
    1167   38.745000  0.0000E+00
    1168   38.752500  0.0000E+00
    1169   38.760000  0.0000E+00
    1170   38.767500  0.0000E+00
    1171   38.775000  0.0000E+00
    1172   38.782500  0.0000E+00
    1173   38.790000  0.0000E+00
    1174   38.797500  0.0000E+00
    1175   38.805000  0.0000E+00
    1176   38.812500  0.0000E+00
    1177   38.820000  0.0000E+00
    1178   38.827500  0.0000E+00
    1179   38.835000  0.0000E+00
    1180   38.842500  0.0000E+00
    1181   38.850000  0.0000E+00
    1182   38.857500  0.0000E+00
    1183   38.865000  0.0000E+00
    1184   38.872500  0.0000E+00
    1185   38.880000  0.0000E+00
    1186   38.887500  0.0000E+00
    1187   38.895000  0.0000E+00
    1188   38.902500  0.0000E+00
    1189   38.910000  0.0000E+00
    1190   38.917500  0.0000E+00
    1191   38.925000  0.0000E+00
    1192   38.932500  0.0000E+00
    1193   38.940000  0.0000E+00
    1194   38.947500  0.0000E+00
    1195   38.955000  0.0000E+00
    1196   38.962500  0.0000E+00
    1197   38.970000  0.0000E+00
    1198   38.977500  0.0000E+00
    1199   38.985000  0.0000E+00
    1200   38.992500  0.0000E+00
    1201   39.000000  0.0000E+00
    1202   39.007500  0.0000E+00
    1203   39.015000  0.0000E+00
    1204   39.022500  0.0000E+00
    1205   39.030000  0.0000E+00
    1206   39.037500  0.0000E+00
    1207   39.045000  0.0000E+00
    1208   39.052500  0.0000E+00
    1209   39.060000  0.0000E+00
    1210   39.067500  0.0000E+00
    1211   39.075000  0.0000E+00
    1212   39.082500  0.0000E+00
    1213   39.090000  0.0000E+00
    1214   39.097500  0.0000E+00
    1215   39.105000  0.0000E+00
    1216   39.112500  0.0000E+00
    1217   39.120000  0.0000E+00
    1218   39.127500  0.0000E+00
    1219   39.135000  0.0000E+00
    1220   39.142500  0.0000E+00
    1221   39.150000  0.0000E+00
    1222   39.157500  0.0000E+00
    1223   39.165000  0.0000E+00
    1224   39.172500  0.0000E+00
    1225   39.180000  0.0000E+00
    1226   39.187500  0.0000E+00
    1227   39.195000  0.0000E+00
    1228   39.202500  0.0000E+00
    1229   39.210000  0.0000E+00
    1230   39.217500  0.0000E+00
    1231   39.225000  0.0000E+00
    1232   39.232500  0.0000E+00
    1233   39.240000  0.0000E+00
    1234   39.247500  0.0000E+00
    1235   39.255000  0.0000E+00
    1236   39.262500  0.0000E+00
    1237   39.270000  0.0000E+00
    1238   39.277500  0.0000E+00
    1239   39.285000  0.0000E+00
    1240   39.292500  0.0000E+00
    1241   39.300000  0.0000E+00
    1242   39.307500  0.0000E+00
    1243   39.315000  0.0000E+00
    1244   39.322500  0.0000E+00
    1245   39.330000  0.0000E+00
    1246   39.337500  0.0000E+00
    1247   39.345000  0.0000E+00
    1248   39.352500  0.0000E+00
    1249   39.360000  0.0000E+00
    1250   39.367500  0.0000E+00
    1251   39.375000  0.0000E+00
    1252   39.382500  0.0000E+00
    1253   39.390000  0.0000E+00
    1254   39.397500  0.0000E+00
    1255   39.405000  0.0000E+00
    1256   39.412500  0.0000E+00
    1257   39.420000  0.0000E+00
    1258   39.427500  0.0000E+00
    1259   39.435000  0.0000E+00
    1260   39.442500  0.0000E+00
    1261   39.450000  0.0000E+00
    1262   39.457500  0.0000E+00
    1263   39.465000  0.0000E+00
    1264   39.472500  0.0000E+00
    1265   39.480000  0.0000E+00
    1266   39.487500  0.0000E+00
    1267   39.495000  0.0000E+00
    1268   39.502500  0.0000E+00
    1269   39.510000  0.0000E+00
    1270   39.517500  0.0000E+00
    1271   39.525000  0.0000E+00
    1272   39.532500  0.0000E+00
    1273   39.540000  0.0000E+00
    1274   39.547500  0.0000E+00
    1275   39.555000  0.0000E+00
    1276   39.562500  0.0000E+00
    1277   39.570000  0.0000E+00
    1278   39.577500  0.0000E+00
    1279   39.585000  0.0000E+00
    1280   39.592500  0.0000E+00
    1281   39.600000  0.0000E+00
    1282   39.607500  0.0000E+00
    1283   39.615000  0.0000E+00
    1284   39.622500  0.0000E+00
    1285   39.630000  0.0000E+00
    1286   39.637500  0.0000E+00
    1287   39.645000  0.0000E+00
    1288   39.652500  0.0000E+00
    1289   39.660000  0.0000E+00
    1290   39.667500  0.0000E+00
    1291   39.675000  0.0000E+00
    1292   39.682500  0.0000E+00
    1293   39.690000  0.0000E+00
    1294   39.697500  0.0000E+00
    1295   39.705000  0.0000E+00
    1296   39.712500  0.0000E+00
    1297   39.720000  0.0000E+00
    1298   39.727500  0.0000E+00
    1299   39.735000  0.0000E+00
    1300   39.742500  0.0000E+00
    1301   39.750000  0.0000E+00
    1302   39.757500  0.0000E+00
    1303   39.765000  0.0000E+00
    1304   39.772500  0.0000E+00
    1305   39.780000  0.0000E+00
    1306   39.787500  0.0000E+00
    1307   39.795000  0.0000E+00
    1308   39.802500  0.0000E+00
    1309   39.810000  0.0000E+00
    1310   39.817500  0.0000E+00
    1311   39.825000  0.0000E+00
    1312   39.832500  0.0000E+00
    1313   39.840000  0.0000E+00
    1314   39.847500  0.0000E+00
    1315   39.855000  0.0000E+00
    1316   39.862500  0.0000E+00
    1317   39.870000  0.0000E+00
    1318   39.877500  0.0000E+00
    1319   39.885000  0.0000E+00
    1320   39.892500  0.0000E+00
    1321   39.900000  0.0000E+00
    1322   39.907500  0.0000E+00
    1323   39.915000  0.0000E+00
    1324   39.922500  0.0000E+00
    1325   39.930000  0.0000E+00
    1326   39.937500  0.0000E+00
    1327   39.945000  0.0000E+00
    1328   39.952500  0.0000E+00
    1329   39.960000  0.0000E+00
    1330   39.967500  0.0000E+00
    1331   39.975000  0.0000E+00
    1332   39.982500  0.0000E+00
    1333   39.990000  0.0000E+00
    1334   39.997500  0.0000E+00
    1335   40.005000  0.0000E+00
    1336   40.012500  0.0000E+00
    1337   40.020000  0.0000E+00
    1338   40.027500  0.0000E+00
    1339   40.035000  0.0000E+00
    1340   40.042500  0.0000E+00
    1341   40.050000  0.0000E+00
    1342   40.057500  0.0000E+00
    1343   40.065000  0.0000E+00
    1344   40.072500  0.0000E+00
    1345   40.080000  0.0000E+00
    1346   40.087500  0.0000E+00
    1347   40.095000  0.0000E+00
    1348   40.102500  0.0000E+00
    1349   40.110000  0.0000E+00
    1350   40.117500  0.0000E+00
    1351   40.125000  0.0000E+00
    1352   40.132500  0.0000E+00
    1353   40.140000  0.0000E+00
    1354   40.147500  0.0000E+00
    1355   40.155000  0.0000E+00
    1356   40.162500  0.0000E+00
    1357   40.170000  0.0000E+00
    1358   40.177500  0.0000E+00
    1359   40.185000  0.0000E+00
    1360   40.192500  0.0000E+00
    1361   40.200000  0.0000E+00
    1362   40.207500  0.0000E+00
    1363   40.215000  0.0000E+00
    1364   40.222500  0.0000E+00
    1365   40.230000  0.0000E+00
    1366   40.237500  0.0000E+00
    1367   40.245000  0.0000E+00
    1368   40.252500  0.0000E+00
    1369   40.260000  0.0000E+00
    1370   40.267500  0.0000E+00
    1371   40.275000  0.0000E+00
    1372   40.282500  0.0000E+00
    1373   40.290000  0.0000E+00
    1374   40.297500  0.0000E+00
    1375   40.305000  0.0000E+00
    1376   40.312500  0.0000E+00
    1377   40.320000  0.0000E+00
    1378   40.327500  0.0000E+00
    1379   40.335000  0.0000E+00
    1380   40.342500  0.0000E+00
    1381   40.350000  0.0000E+00
    1382   40.357500  0.0000E+00
    1383   40.365000  0.0000E+00
    1384   40.372500  0.0000E+00
    1385   40.380000  0.0000E+00
    1386   40.387500  0.0000E+00
    1387   40.395000  0.0000E+00
    1388   40.402500  0.0000E+00
    1389   40.410000  0.0000E+00
    1390   40.417500  0.0000E+00
    1391   40.425000  0.0000E+00
    1392   40.432500  0.0000E+00
    1393   40.440000  0.0000E+00
    1394   40.447500  0.0000E+00
    1395   40.455000  0.0000E+00
    1396   40.462500  0.0000E+00
    1397   40.470000  0.0000E+00
    1398   40.477500  0.0000E+00
    1399   40.485000  0.0000E+00
    1400   40.492500  0.0000E+00
    1401   40.500000  0.0000E+00
    1402   40.507500  0.0000E+00
    1403   40.515000  0.0000E+00
    1404   40.522500  0.0000E+00
    1405   40.530000  0.0000E+00
    1406   40.537500  0.0000E+00
    1407   40.545000  0.0000E+00
    1408   40.552500  0.0000E+00
    1409   40.560000  0.0000E+00
    1410   40.567500  0.0000E+00
    1411   40.575000  0.0000E+00
    1412   40.582500  0.0000E+00
    1413   40.590000  0.0000E+00
    1414   40.597500  0.0000E+00
    1415   40.605000  0.0000E+00
    1416   40.612500  0.0000E+00
    1417   40.620000  0.0000E+00
    1418   40.627500  0.0000E+00
    1419   40.635000  0.0000E+00
    1420   40.642500  0.0000E+00
    1421   40.650000  0.0000E+00
    1422   40.657500  0.0000E+00
    1423   40.665000  0.0000E+00
    1424   40.672500  0.0000E+00
    1425   40.680000  0.0000E+00
    1426   40.687500  0.0000E+00
    1427   40.695000  0.0000E+00
    1428   40.702500  0.0000E+00
    1429   40.710000  0.0000E+00
    1430   40.717500  0.0000E+00
    1431   40.725000  0.0000E+00
    1432   40.732500  0.0000E+00
    1433   40.740000  0.0000E+00
    1434   40.747500  0.0000E+00
    1435   40.755000  0.0000E+00
    1436   40.762500  0.0000E+00
    1437   40.770000  0.0000E+00
    1438   40.777500  0.0000E+00
    1439   40.785000  0.0000E+00
    1440   40.792500  0.0000E+00
    1441   40.800000  0.0000E+00
    1442   40.807500  0.0000E+00
    1443   40.815000  0.0000E+00
    1444   40.822500  0.0000E+00
    1445   40.830000  0.0000E+00
    1446   40.837500  0.0000E+00
    1447   40.845000  0.0000E+00
    1448   40.852500  0.0000E+00
    1449   40.860000  0.0000E+00
    1450   40.867500  0.0000E+00
    1451   40.875000  0.0000E+00
    1452   40.882500  0.0000E+00
    1453   40.890000  0.0000E+00
    1454   40.897500  0.0000E+00
    1455   40.905000  0.0000E+00
    1456   40.912500  0.0000E+00
    1457   40.920000  0.0000E+00
    1458   40.927500  0.0000E+00
    1459   40.935000  0.0000E+00
    1460   40.942500  0.0000E+00
    1461   40.950000  0.0000E+00
    1462   40.957500  0.0000E+00
    1463   40.965000  0.0000E+00
    1464   40.972500  0.0000E+00
    1465   40.980000  0.0000E+00
    1466   40.987500  0.0000E+00
    1467   40.995000  0.0000E+00
    1468   41.002500  0.0000E+00
    1469   41.010000  0.0000E+00
    1470   41.017500  0.0000E+00
    1471   41.025000  0.0000E+00
    1472   41.032500  0.0000E+00
    1473   41.040000  0.0000E+00
    1474   41.047500  0.0000E+00
    1475   41.055000  0.0000E+00
    1476   41.062500  0.0000E+00
    1477   41.070000  0.0000E+00
    1478   41.077500  0.0000E+00
    1479   41.085000  0.0000E+00
    1480   41.092500  0.0000E+00
    1481   41.100000  0.0000E+00
    1482   41.107500  0.0000E+00
    1483   41.115000  0.0000E+00
    1484   41.122500  0.0000E+00
    1485   41.130000  0.0000E+00
    1486   41.137500  0.0000E+00
    1487   41.145000  0.0000E+00
    1488   41.152500  0.0000E+00
    1489   41.160000  0.0000E+00
    1490   41.167500  0.0000E+00
    1491   41.175000  0.0000E+00
    1492   41.182500  0.0000E+00
    1493   41.190000  0.0000E+00
    1494   41.197500  0.0000E+00
    1495   41.205000  0.0000E+00
    1496   41.212500  0.0000E+00
    1497   41.220000  0.0000E+00
    1498   41.227500  0.0000E+00
    1499   41.235000  0.0000E+00
    1500   41.242500  0.0000E+00
    1501   41.250000  0.0000E+00
    1502   41.257500  0.0000E+00
    1503   41.265000  0.0000E+00
    1504   41.272500  0.0000E+00
    1505   41.280000  0.0000E+00
    1506   41.287500  0.0000E+00
    1507   41.295000  0.0000E+00
    1508   41.302500  0.0000E+00
    1509   41.310000  0.0000E+00
    1510   41.317500  0.0000E+00
    1511   41.325000  0.0000E+00
    1512   41.332500  0.0000E+00
    1513   41.340000  0.0000E+00
    1514   41.347500  0.0000E+00
    1515   41.355000  0.0000E+00
    1516   41.362500  0.0000E+00
    1517   41.370000  0.0000E+00
    1518   41.377500  0.0000E+00
    1519   41.385000  0.0000E+00
    1520   41.392500  0.0000E+00
    1521   41.400000  0.0000E+00
    1522   41.407500  0.0000E+00
    1523   41.415000  0.0000E+00
    1524   41.422500  0.0000E+00
    1525   41.430000  0.0000E+00
    1526   41.437500  0.0000E+00
    1527   41.445000  0.0000E+00
    1528   41.452500  0.0000E+00
    1529   41.460000  0.0000E+00
    1530   41.467500  0.0000E+00
    1531   41.475000  0.0000E+00
    1532   41.482500  0.0000E+00
    1533   41.490000  0.0000E+00
    1534   41.497500  0.0000E+00
    1535   41.505000  0.0000E+00
    1536   41.512500  0.0000E+00
    1537   41.520000  0.0000E+00
    1538   41.527500  0.0000E+00
    1539   41.535000  0.0000E+00
    1540   41.542500  0.0000E+00
    1541   41.550000  0.0000E+00
    1542   41.557500  0.0000E+00
    1543   41.565000  0.0000E+00
    1544   41.572500  0.0000E+00
    1545   41.580000  0.0000E+00
    1546   41.587500  0.0000E+00
    1547   41.595000  0.0000E+00
    1548   41.602500  0.0000E+00
    1549   41.610000  0.0000E+00
    1550   41.617500  0.0000E+00
    1551   41.625000  0.0000E+00
    1552   41.632500  0.0000E+00
    1553   41.640000  0.0000E+00
    1554   41.647500  0.0000E+00
    1555   41.655000  0.0000E+00
    1556   41.662500  0.0000E+00
    1557   41.670000  0.0000E+00
    1558   41.677500  0.0000E+00
    1559   41.685000  0.0000E+00
    1560   41.692500  0.0000E+00
    1561   41.700000  0.0000E+00
    1562   41.707500  0.0000E+00
    1563   41.715000  0.0000E+00
    1564   41.722500  0.0000E+00
    1565   41.730000  0.0000E+00
    1566   41.737500  0.0000E+00
    1567   41.745000  0.0000E+00
    1568   41.752500  0.0000E+00
    1569   41.760000  0.0000E+00
    1570   41.767500  0.0000E+00
    1571   41.775000  0.0000E+00
    1572   41.782500  0.0000E+00
    1573   41.790000  0.0000E+00
    1574   41.797500  0.0000E+00
    1575   41.805000  0.0000E+00
    1576   41.812500  0.0000E+00
    1577   41.820000  0.0000E+00
    1578   41.827500  0.0000E+00
    1579   41.835000  0.0000E+00
    1580   41.842500  0.0000E+00
    1581   41.850000  0.0000E+00
    1582   41.857500  0.0000E+00
    1583   41.865000  0.0000E+00
    1584   41.872500  0.0000E+00
    1585   41.880000  0.0000E+00
    1586   41.887500  0.0000E+00
    1587   41.895000  0.0000E+00
    1588   41.902500  0.0000E+00
    1589   41.910000  0.0000E+00
    1590   41.917500  0.0000E+00
    1591   41.925000  0.0000E+00
    1592   41.932500  0.0000E+00
    1593   41.940000  0.0000E+00
    1594   41.947500  0.0000E+00
    1595   41.955000  0.0000E+00
    1596   41.962500  0.0000E+00
    1597   41.970000  0.0000E+00
    1598   41.977500  0.0000E+00
    1599   41.985000  0.0000E+00
    1600   41.992500  0.0000E+00
    1601   42.000000  0.0000E+00
    1602   42.007500  0.0000E+00
    1603   42.015000  0.0000E+00
    1604   42.022500  0.0000E+00
    1605   42.030000  0.0000E+00
    1606   42.037500  0.0000E+00
    1607   42.045000  0.0000E+00
    1608   42.052500  0.0000E+00
    1609   42.060000  0.0000E+00
    1610   42.067500  0.0000E+00
    1611   42.075000  0.0000E+00
    1612   42.082500  0.0000E+00
    1613   42.090000  0.0000E+00
    1614   42.097500  0.0000E+00
    1615   42.105000  0.0000E+00
    1616   42.112500  0.0000E+00
    1617   42.120000  0.0000E+00
    1618   42.127500  0.0000E+00
    1619   42.135000  0.0000E+00
    1620   42.142500  0.0000E+00
    1621   42.150000  0.0000E+00
    1622   42.157500  0.0000E+00
    1623   42.165000  0.0000E+00
    1624   42.172500  0.0000E+00
    1625   42.180000  0.0000E+00
    1626   42.187500  0.0000E+00
    1627   42.195000  0.0000E+00
    1628   42.202500  0.0000E+00
    1629   42.210000  0.0000E+00
    1630   42.217500  0.0000E+00
    1631   42.225000  0.0000E+00
    1632   42.232500  0.0000E+00
    1633   42.240000  0.0000E+00
    1634   42.247500  0.0000E+00
    1635   42.255000  0.0000E+00
    1636   42.262500  0.0000E+00
    1637   42.270000  0.0000E+00
    1638   42.277500  0.0000E+00
    1639   42.285000  0.0000E+00
    1640   42.292500  0.0000E+00
    1641   42.300000  0.0000E+00
    1642   42.307500  0.0000E+00
    1643   42.315000  0.0000E+00
    1644   42.322500  0.0000E+00
    1645   42.330000  0.0000E+00
    1646   42.337500  0.0000E+00
    1647   42.345000  0.0000E+00
    1648   42.352500  0.0000E+00
    1649   42.360000  0.0000E+00
    1650   42.367500  0.0000E+00
    1651   42.375000  0.0000E+00
    1652   42.382500  0.0000E+00
    1653   42.390000  0.0000E+00
    1654   42.397500  0.0000E+00
    1655   42.405000  0.0000E+00
    1656   42.412500  0.0000E+00
    1657   42.420000  0.0000E+00
    1658   42.427500  0.0000E+00
    1659   42.435000  0.0000E+00
    1660   42.442500  0.0000E+00
    1661   42.450000  0.0000E+00
    1662   42.457500  0.0000E+00
    1663   42.465000  0.0000E+00
    1664   42.472500  0.0000E+00
    1665   42.480000  0.0000E+00
    1666   42.487500  0.0000E+00
    1667   42.495000  0.0000E+00
    1668   42.502500  0.0000E+00
    1669   42.510000  0.0000E+00
    1670   42.517500  0.0000E+00
    1671   42.525000  0.0000E+00
    1672   42.532500  0.0000E+00
    1673   42.540000  0.0000E+00
    1674   42.547500  0.0000E+00
    1675   42.555000  0.0000E+00
    1676   42.562500  0.0000E+00
    1677   42.570000  0.0000E+00
    1678   42.577500  0.0000E+00
    1679   42.585000  0.0000E+00
    1680   42.592500  0.0000E+00
    1681   42.600000  0.0000E+00
    1682   42.607500  0.0000E+00
    1683   42.615000  0.0000E+00
    1684   42.622500  0.0000E+00
    1685   42.630000  0.0000E+00
    1686   42.637500  0.0000E+00
    1687   42.645000  0.0000E+00
    1688   42.652500  0.0000E+00
    1689   42.660000  0.0000E+00
    1690   42.667500  0.0000E+00
    1691   42.675000  0.0000E+00
    1692   42.682500  0.0000E+00
    1693   42.690000  0.0000E+00
    1694   42.697500  0.0000E+00
    1695   42.705000  0.0000E+00
    1696   42.712500  0.0000E+00
    1697   42.720000  0.0000E+00
    1698   42.727500  0.0000E+00
    1699   42.735000  0.0000E+00
    1700   42.742500  0.0000E+00
    1701   42.750000  0.0000E+00
    1702   42.757500  0.0000E+00
    1703   42.765000  0.0000E+00
    1704   42.772500  0.0000E+00
    1705   42.780000  0.0000E+00
    1706   42.787500  0.0000E+00
    1707   42.795000  0.0000E+00
    1708   42.802500  0.0000E+00
    1709   42.810000  0.0000E+00
    1710   42.817500  0.0000E+00
    1711   42.825000  0.0000E+00
    1712   42.832500  0.0000E+00
    1713   42.840000  0.0000E+00
    1714   42.847500  0.0000E+00
    1715   42.855000  0.0000E+00
    1716   42.862500  0.0000E+00
    1717   42.870000  0.0000E+00
    1718   42.877500  0.0000E+00
    1719   42.885000  0.0000E+00
    1720   42.892500  0.0000E+00
    1721   42.900000  0.0000E+00
    1722   42.907500  0.0000E+00
    1723   42.915000  0.0000E+00
    1724   42.922500  0.0000E+00
    1725   42.930000  0.0000E+00
    1726   42.937500  0.0000E+00
    1727   42.945000  0.0000E+00
    1728   42.952500  0.0000E+00
    1729   42.960000  0.0000E+00
    1730   42.967500  0.0000E+00
    1731   42.975000  0.0000E+00
    1732   42.982500  0.0000E+00
    1733   42.990000  0.0000E+00
    1734   42.997500  0.0000E+00
    1735   43.005000  0.0000E+00
    1736   43.012500  0.0000E+00
    1737   43.020000  0.0000E+00
    1738   43.027500  0.0000E+00
    1739   43.035000  0.0000E+00
    1740   43.042500  0.0000E+00
    1741   43.050000  0.0000E+00
    1742   43.057500  0.0000E+00
    1743   43.065000  0.0000E+00
    1744   43.072500  0.0000E+00
    1745   43.080000  0.0000E+00
    1746   43.087500  0.0000E+00
    1747   43.095000  0.0000E+00
    1748   43.102500  0.0000E+00
    1749   43.110000  0.0000E+00
    1750   43.117500  0.0000E+00
    1751   43.125000  0.0000E+00
    1752   43.132500  0.0000E+00
    1753   43.140000  0.0000E+00
    1754   43.147500  0.0000E+00
    1755   43.155000  0.0000E+00
    1756   43.162500  0.0000E+00
    1757   43.170000  0.0000E+00
    1758   43.177500  0.0000E+00
    1759   43.185000  0.0000E+00
    1760   43.192500  0.0000E+00
    1761   43.200000  0.0000E+00
    1762   43.207500  0.0000E+00
    1763   43.215000  0.0000E+00
    1764   43.222500  0.0000E+00
    1765   43.230000  0.0000E+00
    1766   43.237500  0.0000E+00
    1767   43.245000  0.0000E+00
    1768   43.252500  0.0000E+00
    1769   43.260000  0.0000E+00
    1770   43.267500  0.0000E+00
    1771   43.275000  0.0000E+00
    1772   43.282500  0.0000E+00
    1773   43.290000  0.0000E+00
    1774   43.297500  0.0000E+00
    1775   43.305000  0.0000E+00
    1776   43.312500  0.0000E+00
    1777   43.320000  0.0000E+00
    1778   43.327500  0.0000E+00
    1779   43.335000  0.0000E+00
    1780   43.342500  0.0000E+00
    1781   43.350000  0.0000E+00
    1782   43.357500  0.0000E+00
    1783   43.365000  0.0000E+00
    1784   43.372500  0.0000E+00
    1785   43.380000  0.0000E+00
    1786   43.387500  0.0000E+00
    1787   43.395000  0.0000E+00
    1788   43.402500  0.0000E+00
    1789   43.410000  0.0000E+00
    1790   43.417500  0.0000E+00
    1791   43.425000  0.0000E+00
    1792   43.432500  0.0000E+00
    1793   43.440000  0.0000E+00
    1794   43.447500  0.0000E+00
    1795   43.455000  0.0000E+00
    1796   43.462500  0.0000E+00
    1797   43.470000  0.0000E+00
    1798   43.477500  0.0000E+00
    1799   43.485000  0.0000E+00
    1800   43.492500  0.0000E+00
    1801   43.500000  0.0000E+00
    1802   43.507500  0.0000E+00
    1803   43.515000  0.0000E+00
    1804   43.522500  0.0000E+00
    1805   43.530000  0.0000E+00
    1806   43.537500  0.0000E+00
    1807   43.545000  0.0000E+00
    1808   43.552500  0.0000E+00
    1809   43.560000  0.0000E+00
    1810   43.567500  0.0000E+00
    1811   43.575000  0.0000E+00
    1812   43.582500  0.0000E+00
    1813   43.590000  0.0000E+00
    1814   43.597500  0.0000E+00
    1815   43.605000  0.0000E+00
    1816   43.612500  0.0000E+00
    1817   43.620000  0.0000E+00
    1818   43.627500  0.0000E+00
    1819   43.635000  0.0000E+00
    1820   43.642500  0.0000E+00
    1821   43.650000  0.0000E+00
    1822   43.657500  0.0000E+00
    1823   43.665000  0.0000E+00
    1824   43.672500  0.0000E+00
    1825   43.680000  0.0000E+00
    1826   43.687500  0.0000E+00
    1827   43.695000  0.0000E+00
    1828   43.702500  0.0000E+00
    1829   43.710000  0.0000E+00
    1830   43.717500  0.0000E+00
    1831   43.725000  0.0000E+00
    1832   43.732500  0.0000E+00
    1833   43.740000  0.0000E+00
    1834   43.747500  0.0000E+00
    1835   43.755000  0.0000E+00
    1836   43.762500  0.0000E+00
    1837   43.770000  0.0000E+00
    1838   43.777500  0.0000E+00
    1839   43.785000  0.0000E+00
    1840   43.792500  0.0000E+00
    1841   43.800000  0.0000E+00
    1842   43.807500  0.0000E+00
    1843   43.815000  0.0000E+00
    1844   43.822500  0.0000E+00
    1845   43.830000  0.0000E+00
    1846   43.837500  0.0000E+00
    1847   43.845000  0.0000E+00
    1848   43.852500  0.0000E+00
    1849   43.860000  0.0000E+00
    1850   43.867500  0.0000E+00
    1851   43.875000  0.0000E+00
    1852   43.882500  0.0000E+00
    1853   43.890000  0.0000E+00
    1854   43.897500  0.0000E+00
    1855   43.905000  0.0000E+00
    1856   43.912500  0.0000E+00
    1857   43.920000  0.0000E+00
    1858   43.927500  0.0000E+00
    1859   43.935000  0.0000E+00
    1860   43.942500  0.0000E+00
    1861   43.950000  0.0000E+00
    1862   43.957500  0.0000E+00
    1863   43.965000  0.0000E+00
    1864   43.972500  0.0000E+00
    1865   43.980000  0.0000E+00
    1866   43.987500  0.0000E+00
    1867   43.995000  0.0000E+00
    1868   44.002500  0.0000E+00
    1869   44.010000  0.0000E+00
    1870   44.017500  0.0000E+00
    1871   44.025000  0.0000E+00
    1872   44.032500  0.0000E+00
    1873   44.040000  0.0000E+00
    1874   44.047500  0.0000E+00
    1875   44.055000  0.0000E+00
    1876   44.062500  0.0000E+00
    1877   44.070000  0.0000E+00
    1878   44.077500  0.0000E+00
    1879   44.085000  0.0000E+00
    1880   44.092500  0.0000E+00
    1881   44.100000  0.0000E+00
    1882   44.107500  0.0000E+00
    1883   44.115000  0.0000E+00
    1884   44.122500  0.0000E+00
    1885   44.130000  0.0000E+00
    1886   44.137500  0.0000E+00
    1887   44.145000  0.0000E+00
    1888   44.152500  0.0000E+00
    1889   44.160000  0.0000E+00
    1890   44.167500  0.0000E+00
    1891   44.175000  0.0000E+00
    1892   44.182500  0.0000E+00
    1893   44.190000  0.0000E+00
    1894   44.197500  0.0000E+00
    1895   44.205000  0.0000E+00
    1896   44.212500  0.0000E+00
    1897   44.220000  0.0000E+00
    1898   44.227500  0.0000E+00
    1899   44.235000  0.0000E+00
    1900   44.242500  0.0000E+00
    1901   44.250000  0.0000E+00
    1902   44.257500  0.0000E+00
    1903   44.265000  0.0000E+00
    1904   44.272500  0.0000E+00
    1905   44.280000  0.0000E+00
    1906   44.287500  0.0000E+00
    1907   44.295000  0.0000E+00
    1908   44.302500  0.0000E+00
    1909   44.310000  0.0000E+00
    1910   44.317500  0.0000E+00
    1911   44.325000  0.0000E+00
    1912   44.332500  0.0000E+00
    1913   44.340000  0.0000E+00
    1914   44.347500  0.0000E+00
    1915   44.355000  0.0000E+00
    1916   44.362500  0.0000E+00
    1917   44.370000  0.0000E+00
    1918   44.377500  0.0000E+00
    1919   44.385000  0.0000E+00
    1920   44.392500  0.0000E+00
    1921   44.400000  0.0000E+00
    1922   44.407500  0.0000E+00
    1923   44.415000  0.0000E+00
    1924   44.422500  0.0000E+00
    1925   44.430000  0.0000E+00
    1926   44.437500  0.0000E+00
    1927   44.445000  0.0000E+00
    1928   44.452500  0.0000E+00
    1929   44.460000  0.0000E+00
    1930   44.467500  0.0000E+00
    1931   44.475000  0.0000E+00
    1932   44.482500  0.0000E+00
    1933   44.490000  0.0000E+00
    1934   44.497500  0.0000E+00
    1935   44.505000  0.0000E+00
    1936   44.512500  0.0000E+00
    1937   44.520000  0.0000E+00
    1938   44.527500  0.0000E+00
    1939   44.535000  0.0000E+00
    1940   44.542500  0.0000E+00
    1941   44.550000  0.0000E+00
    1942   44.557500  0.0000E+00
    1943   44.565000  0.0000E+00
    1944   44.572500  0.0000E+00
    1945   44.580000  0.0000E+00
    1946   44.587500  0.0000E+00
    1947   44.595000  0.0000E+00
    1948   44.602500  0.0000E+00
    1949   44.610000  0.0000E+00
    1950   44.617500  0.0000E+00
    1951   44.625000  0.0000E+00
    1952   44.632500  0.0000E+00
    1953   44.640000  0.0000E+00
    1954   44.647500  0.0000E+00
    1955   44.655000  0.0000E+00
    1956   44.662500  0.0000E+00
    1957   44.670000  0.0000E+00
    1958   44.677500  0.0000E+00
    1959   44.685000  0.0000E+00
    1960   44.692500  0.0000E+00
    1961   44.700000  0.0000E+00
    1962   44.707500  0.0000E+00
    1963   44.715000  0.0000E+00
    1964   44.722500  0.0000E+00
    1965   44.730000  0.0000E+00
    1966   44.737500  0.0000E+00
    1967   44.745000  0.0000E+00
    1968   44.752500  0.0000E+00
    1969   44.760000  0.0000E+00
    1970   44.767500  0.0000E+00
    1971   44.775000  0.0000E+00
    1972   44.782500  0.0000E+00
    1973   44.790000  0.0000E+00
    1974   44.797500  0.0000E+00
    1975   44.805000  0.0000E+00
    1976   44.812500  0.0000E+00
    1977   44.820000  0.0000E+00
    1978   44.827500  0.0000E+00
    1979   44.835000  0.0000E+00
    1980   44.842500  0.0000E+00
    1981   44.850000  0.0000E+00
    1982   44.857500  0.0000E+00
    1983   44.865000  0.0000E+00
    1984   44.872500  0.0000E+00
    1985   44.880000  0.0000E+00
    1986   44.887500  0.0000E+00
    1987   44.895000  0.0000E+00
    1988   44.902500  0.0000E+00
    1989   44.910000  0.0000E+00
    1990   44.917500  0.0000E+00
    1991   44.925000  0.0000E+00
    1992   44.932500  0.0000E+00
    1993   44.940000  0.0000E+00
    1994   44.947500  0.0000E+00
    1995   44.955000  0.0000E+00
    1996   44.962500  0.0000E+00
    1997   44.970000  0.0000E+00
    1998   44.977500  0.0000E+00
    1999   44.985000  0.0000E+00
    2000   44.992500  0.0000E+00
    2001   45.000000  0.0000E+00
