       1    3.900000  9.1211E-01
       2    3.901090  8.9065E-01
       3    3.902180  8.8986E-01
       4    3.903270  8.8907E-01
       5    3.904360  8.8830E-01
       6    3.905450  8.8754E-01
       7    3.906540  8.8680E-01
       8    3.907630  8.8608E-01
       9    3.908720  8.8539E-01
      10    3.909810  8.8472E-01
      11    3.910900  8.8408E-01
      12    3.911990  8.8347E-01
      13    3.913080  8.8290E-01
      14    3.914170  8.8236E-01
      15    3.915260  8.8185E-01
      16    3.916350  8.8138E-01
      17    3.917440  8.8095E-01
      18    3.918530  8.8056E-01
      19    3.919620  8.8021E-01
      20    3.920710  8.7989E-01
      21    3.921800  8.7962E-01
      22    3.922890  8.7939E-01
      23    3.923980  8.7920E-01
      24    3.925070  8.7904E-01
      25    3.926160  8.7893E-01
      26    3.927250  8.7885E-01
      27    3.928340  8.7880E-01
      28    3.929430  8.7879E-01
      29    3.930520  8.7881E-01
      30    3.931610  8.7886E-01
      31    3.932700  8.7893E-01
      32    3.933790  8.7903E-01
      33    3.934880  8.7916E-01
      34    3.935970  8.7930E-01
      35    3.937060  8.7946E-01
      36    3.938150  8.7963E-01
      37    3.939240  8.7982E-01
      38    3.940330  8.8001E-01
      39    3.941420  8.8021E-01
      40    3.942510  8.8041E-01
      41    3.943600  8.8060E-01
      42    3.944690  8.8080E-01
      43    3.945780  8.8099E-01
      44    3.946870  8.8117E-01
      45    3.947960  8.8134E-01
      46    3.949050  8.8150E-01
      47    3.950140  8.8163E-01
      48    3.951230  8.8176E-01
      49    3.952320  8.8185E-01
      50    3.953410  8.8193E-01
      51    3.954500  8.8198E-01
      52    3.955590  8.8201E-01
      53    3.956680  8.8201E-01
      54    3.957770  8.8198E-01
      55    3.958860  8.8192E-01
      56    3.959950  8.8183E-01
      57    3.961040  8.8170E-01
      58    3.962130  8.8155E-01
      59    3.963220  8.8136E-01
      60    3.964310  8.8113E-01
      61    3.965400  8.8087E-01
      62    3.966490  8.8058E-01
      63    3.967580  8.8025E-01
      64    3.968670  8.7988E-01
      65    3.969760  8.7948E-01
      66    3.970850  8.7905E-01
      67    3.971940  8.7858E-01
      68    3.973030  8.7807E-01
      69    3.974120  8.7753E-01
      70    3.975210  8.7696E-01
      71    3.976300  8.7635E-01
      72    3.977390  8.7571E-01
      73    3.978480  8.7504E-01
      74    3.979570  8.7433E-01
      75    3.980660  8.7359E-01
      76    3.981750  8.7281E-01
      77    3.982840  8.7201E-01
      78    3.983930  8.7117E-01
      79    3.985020  8.7030E-01
      80    3.986110  8.6940E-01
      81    3.987200  8.6847E-01
      82    3.988290  8.6751E-01
      83    3.989380  8.6651E-01
      84    3.990470  8.6549E-01
      85    3.991560  8.6444E-01
      86    3.992650  8.6336E-01
      87    3.993740  8.6224E-01
      88    3.994830  8.6110E-01
      89    3.995920  8.5993E-01
      90    3.997010  8.5874E-01
      91    3.998100  8.5751E-01
      92    3.999190  8.5625E-01
      93    4.000280  8.5497E-01
      94    4.001370  8.5366E-01
      95    4.002460  8.5232E-01
      96    4.003550  8.5096E-01
      97    4.004640  8.4957E-01
      98    4.005730  8.4815E-01
      99    4.006820  8.4671E-01
     100    4.007910  8.4525E-01
     101    4.009000  8.4376E-01
     102    4.010090  8.4224E-01
     103    4.011180  8.4070E-01
     104    4.012270  8.3914E-01
     105    4.013360  8.3756E-01
     106    4.014450  8.3596E-01
     107    4.015540  8.3433E-01
     108    4.016630  8.3269E-01
     109    4.017720  8.3102E-01
     110    4.018810  8.2934E-01
     111    4.019900  8.2764E-01
     112    4.020990  8.2592E-01
     113    4.022080  8.2418E-01
     114    4.023170  8.2243E-01
     115    4.024260  8.2066E-01
     116    4.025350  8.1888E-01
     117    4.026440  8.1708E-01
     118    4.027530  8.1527E-01
     119    4.028620  8.1345E-01
     120    4.029710  8.1161E-01
     121    4.030800  8.0976E-01
     122    4.031890  8.0789E-01
     123    4.032980  8.0601E-01
     124    4.034070  8.0412E-01
     125    4.035160  8.0222E-01
     126    4.036250  8.0030E-01
     127    4.037340  7.9837E-01
     128    4.038430  7.9642E-01
     129    4.039520  7.9446E-01
     130    4.040610  7.9249E-01
     131    4.041700  7.9050E-01
     132    4.042790  7.8849E-01
     133    4.043880  7.8647E-01
     134    4.044970  7.8443E-01
     135    4.046060  7.8237E-01
     136    4.047150  7.8029E-01
     137    4.048240  7.7819E-01
     138    4.049330  7.7607E-01
     139    4.050420  7.7392E-01
     140    4.051510  7.7175E-01
     141    4.052600  7.6956E-01
     142    4.053690  7.6734E-01
     143    4.054780  7.6509E-01
     144    4.055870  7.6281E-01
     145    4.056960  7.6050E-01
     146    4.058050  7.5816E-01
     147    4.059140  7.5578E-01
     148    4.060230  7.5337E-01
     149    4.061320  7.5093E-01
     150    4.062410  7.4845E-01
     151    4.063500  7.4592E-01
     152    4.064590  7.4336E-01
     153    4.065680  7.4076E-01
     154    4.066770  7.3812E-01
     155    4.067860  7.3543E-01
     156    4.068950  7.3270E-01
     157    4.070040  7.2993E-01
     158    4.071130  7.2710E-01
     159    4.072220  7.2423E-01
     160    4.073310  7.2131E-01
     161    4.074400  7.1834E-01
     162    4.075490  7.1532E-01
     163    4.076580  7.1225E-01
     164    4.077670  7.0913E-01
     165    4.078760  7.0595E-01
     166    4.079850  7.0272E-01
     167    4.080940  6.9943E-01
     168    4.082030  6.9608E-01
     169    4.083120  6.9268E-01
     170    4.084210  6.8922E-01
     171    4.085300  6.8570E-01
     172    4.086390  6.8211E-01
     173    4.087480  6.7847E-01
     174    4.088570  6.7477E-01
     175    4.089660  6.7100E-01
     176    4.090750  6.6716E-01
     177    4.091840  6.6327E-01
     178    4.092930  6.5930E-01
     179    4.094020  6.5527E-01
     180    4.095110  6.5117E-01
     181    4.096200  6.4700E-01
     182    4.097290  6.4276E-01
     183    4.098380  6.3844E-01
     184    4.099470  6.3406E-01
     185    4.100560  6.2960E-01
     186    4.101650  6.2506E-01
     187    4.102740  6.2045E-01
     188    4.103830  6.1576E-01
     189    4.104920  6.1100E-01
     190    4.106010  6.0615E-01
     191    4.107100  6.0122E-01
     192    4.108190  5.9622E-01
     193    4.109280  5.9112E-01
     194    4.110370  5.8595E-01
     195    4.111460  5.8069E-01
     196    4.112550  5.7535E-01
     197    4.113640  5.6991E-01
     198    4.114730  5.6440E-01
     199    4.115820  5.5879E-01
     200    4.116910  5.5309E-01
     201    4.118000  5.4731E-01
     202    4.119090  5.4144E-01
     203    4.120180  5.3547E-01
     204    4.121270  5.2942E-01
     205    4.122360  5.2327E-01
     206    4.123450  5.1703E-01
     207    4.124540  5.1070E-01
     208    4.125630  5.0428E-01
     209    4.126720  4.9778E-01
     210    4.127810  4.9118E-01
     211    4.128900  4.8449E-01
     212    4.129990  4.7771E-01
     213    4.131080  4.7084E-01
     214    4.132170  4.6389E-01
     215    4.133260  4.5685E-01
     216    4.134350  4.4973E-01
     217    4.135440  4.4253E-01
     218    4.136530  4.3524E-01
     219    4.137620  4.2788E-01
     220    4.138710  4.2044E-01
     221    4.139800  4.1293E-01
     222    4.140890  4.0535E-01
     223    4.141980  3.9770E-01
     224    4.143070  3.8999E-01
     225    4.144160  3.8222E-01
     226    4.145250  3.7440E-01
     227    4.146340  3.6652E-01
     228    4.147430  3.5860E-01
     229    4.148520  3.5063E-01
     230    4.149610  3.4263E-01
     231    4.150700  3.3460E-01
     232    4.151790  3.2653E-01
     233    4.152880  3.1845E-01
     234    4.153970  3.1036E-01
     235    4.155060  3.0225E-01
     236    4.156150  2.9415E-01
     237    4.157240  2.8605E-01
     238    4.158330  2.7796E-01
     239    4.159420  2.6989E-01
     240    4.160510  2.6185E-01
     241    4.161600  2.5384E-01
     242    4.162690  2.4587E-01
     243    4.163780  2.3794E-01
     244    4.164870  2.3008E-01
     245    4.165960  2.2227E-01
     246    4.167050  2.1454E-01
     247    4.168140  2.0688E-01
     248    4.169230  1.9931E-01
     249    4.170320  1.9184E-01
     250    4.171410  1.8446E-01
     251    4.172500  1.7719E-01
     252    4.173590  1.7003E-01
     253    4.174680  1.6299E-01
     254    4.175770  1.5608E-01
     255    4.176860  1.4931E-01
     256    4.177950  1.4267E-01
     257    4.179040  1.3618E-01
     258    4.180130  1.2983E-01
     259    4.181220  1.2364E-01
     260    4.182310  1.1761E-01
     261    4.183400  1.1174E-01
     262    4.184490  1.0603E-01
     263    4.185580  1.0050E-01
     264    4.186670  9.5136E-02
     265    4.187760  8.9947E-02
     266    4.188850  8.4932E-02
     267    4.189940  8.0095E-02
     268    4.191030  7.5435E-02
     269    4.192120  7.0953E-02
     270    4.193210  6.6648E-02
     271    4.194300  6.2520E-02
     272    4.195390  5.8568E-02
     273    4.196480  5.4789E-02
     274    4.197570  5.1184E-02
     275    4.198660  4.7748E-02
     276    4.199750  4.4479E-02
     277    4.200840  4.1374E-02
     278    4.201930  3.8430E-02
     279    4.203020  3.5643E-02
     280    4.204110  3.3010E-02
     281    4.205200  3.0525E-02
     282    4.206290  2.8184E-02
     283    4.207380  2.5984E-02
     284    4.208470  2.3918E-02
     285    4.209560  2.1983E-02
     286    4.210650  2.0172E-02
     287    4.211740  1.8482E-02
     288    4.212830  1.6906E-02
     289    4.213920  1.5440E-02
     290    4.215010  1.4079E-02
     291    4.216100  1.2816E-02
     292    4.217190  1.1648E-02
     293    4.218280  1.0569E-02
     294    4.219370  9.5740E-03
     295    4.220460  8.6583E-03
     296    4.221550  7.8170E-03
     297    4.222640  7.0456E-03
     298    4.223730  6.3395E-03
     299    4.224820  5.6945E-03
     300    4.225910  5.1063E-03
     301    4.227000  4.5710E-03
     302    4.228090  4.0847E-03
     303    4.229180  3.6438E-03
     304    4.230270  3.2448E-03
     305    4.231360  2.8844E-03
     306    4.232450  2.5595E-03
     307    4.233540  2.2672E-03
     308    4.234630  2.0047E-03
     309    4.235720  1.7694E-03
     310    4.236810  1.5589E-03
     311    4.237900  1.3710E-03
     312    4.238990  1.2035E-03
     313    4.240080  1.0546E-03
     314    4.241170  9.2239E-04
     315    4.242260  8.0529E-04
     316    4.243350  7.0176E-04
     317    4.244440  6.1042E-04
     318    4.245530  5.2998E-04
     319    4.246620  4.5928E-04
     320    4.247710  3.9727E-04
     321    4.248800  3.4300E-04
     322    4.249890  2.9558E-04
     323    4.250980  2.5423E-04
     324    4.252070  2.1826E-04
     325    4.253160  1.8702E-04
     326    4.254250  1.5995E-04
     327    4.255340  1.3654E-04
     328    4.256430  1.1633E-04
     329    4.257520  9.8924E-05
     330    4.258610  8.3960E-05
     331    4.259700  7.1123E-05
     332    4.260790  6.0133E-05
     333    4.261880  5.0743E-05
     334    4.262970  4.2737E-05
     335    4.264060  3.5925E-05
     336    4.265150  3.0141E-05
     337    4.266240  2.5239E-05
     338    4.267330  2.1094E-05
     339    4.268420  1.7597E-05
     340    4.269510  1.4653E-05
     341    4.270600  1.2179E-05
     342    4.271690  1.0106E-05
     343    4.272780  8.3721E-06
     344    4.273870  6.9262E-06
     345    4.274960  5.7236E-06
     346    4.276050  4.7265E-06
     347    4.277140  3.9030E-06
     348    4.278230  3.2256E-06
     349    4.279320  2.6718E-06
     350    4.280410  2.2222E-06
     351    4.281500  1.8609E-06
     352    4.282590  1.5748E-06
     353    4.283680  1.3531E-06
     354    4.284770  1.1872E-06
     355    4.285860  1.0703E-06
     356    4.286950  9.9722E-07
     357    4.288040  9.6421E-07
     358    4.289130  9.6885E-07
     359    4.290220  1.0099E-06
     360    4.291310  1.0872E-06
     361    4.292400  1.2018E-06
     362    4.293490  1.3554E-06
     363    4.294580  1.5511E-06
     364    4.295670  1.7927E-06
     365    4.296760  2.0852E-06
     366    4.297850  2.4345E-06
     367    4.298940  2.8477E-06
     368    4.300030  3.3330E-06
     369    4.301120  3.8999E-06
     370    4.302210  4.5589E-06
     371    4.303300  5.3224E-06
     372    4.304390  6.2037E-06
     373    4.305480  7.2181E-06
     374    4.306570  8.3825E-06
     375    4.307660  9.7153E-06
     376    4.308750  1.1237E-05
     377    4.309840  1.2970E-05
     378    4.310930  1.4940E-05
     379    4.312020  1.7172E-05
     380    4.313110  1.9695E-05
     381    4.314200  2.2542E-05
     382    4.315290  2.5745E-05
     383    4.316380  2.9341E-05
     384    4.317470  3.3369E-05
     385    4.318560  3.7869E-05
     386    4.319650  4.2886E-05
     387    4.320740  4.8464E-05
     388    4.321830  5.4654E-05
     389    4.322920  6.1505E-05
     390    4.324010  6.9071E-05
     391    4.325100  7.7405E-05
     392    4.326190  8.6567E-05
     393    4.327280  9.6613E-05
     394    4.328370  1.0760E-04
     395    4.329460  1.1960E-04
     396    4.330550  1.3267E-04
     397    4.331640  1.4686E-04
     398    4.332730  1.6226E-04
     399    4.333820  1.7891E-04
     400    4.334910  1.9688E-04
     401    4.336000  2.1623E-04
     402    4.337090  2.3703E-04
     403    4.338180  2.5934E-04
     404    4.339270  2.8321E-04
     405    4.340360  3.0871E-04
     406    4.341450  3.3588E-04
     407    4.342540  3.6480E-04
     408    4.343630  3.9551E-04
     409    4.344720  4.2806E-04
     410    4.345810  4.6252E-04
     411    4.346900  4.9893E-04
     412    4.347990  5.3734E-04
     413    4.349080  5.7782E-04
     414    4.350170  6.2043E-04
     415    4.351260  6.6521E-04
     416    4.352350  7.1226E-04
     417    4.353440  7.6164E-04
     418    4.354530  8.1343E-04
     419    4.355620  8.6775E-04
     420    4.356710  9.2469E-04
     421    4.357800  9.8439E-04
     422    4.358890  1.0470E-03
     423    4.359980  1.1127E-03
     424    4.361070  1.1816E-03
     425    4.362160  1.2541E-03
     426    4.363250  1.3303E-03
     427    4.364340  1.4107E-03
     428    4.365430  1.4954E-03
     429    4.366520  1.5849E-03
     430    4.367610  1.6796E-03
     431    4.368700  1.7801E-03
     432    4.369790  1.8869E-03
     433    4.370880  2.0005E-03
     434    4.371970  2.1217E-03
     435    4.373060  2.2512E-03
     436    4.374150  2.3899E-03
     437    4.375240  2.5385E-03
     438    4.376330  2.6982E-03
     439    4.377420  2.8698E-03
     440    4.378510  3.0547E-03
     441    4.379600  3.2539E-03
     442    4.380690  3.4687E-03
     443    4.381780  3.7007E-03
     444    4.382870  3.9510E-03
     445    4.383960  4.2214E-03
     446    4.385050  4.5135E-03
     447    4.386140  4.8288E-03
     448    4.387230  5.1692E-03
     449    4.388320  5.5364E-03
     450    4.389410  5.9323E-03
     451    4.390500  6.3588E-03
     452    4.391590  6.8179E-03
     453    4.392680  7.3116E-03
     454    4.393770  7.8417E-03
     455    4.394860  8.4104E-03
     456    4.395950  9.0197E-03
     457    4.397040  9.6715E-03
     458    4.398130  1.0368E-02
     459    4.399220  1.1111E-02
     460    4.400310  1.1902E-02
     461    4.401400  1.2743E-02
     462    4.402490  1.3637E-02
     463    4.403580  1.4584E-02
     464    4.404670  1.5586E-02
     465    4.405760  1.6645E-02
     466    4.406850  1.7762E-02
     467    4.407940  1.8938E-02
     468    4.409030  2.0175E-02
     469    4.410120  2.1473E-02
     470    4.411210  2.2833E-02
     471    4.412300  2.4257E-02
     472    4.413390  2.5743E-02
     473    4.414480  2.7294E-02
     474    4.415570  2.8909E-02
     475    4.416660  3.0587E-02
     476    4.417750  3.2330E-02
     477    4.418840  3.4137E-02
     478    4.419930  3.6007E-02
     479    4.421020  3.7940E-02
     480    4.422110  3.9937E-02
     481    4.423200  4.1995E-02
     482    4.424290  4.4115E-02
     483    4.425380  4.6295E-02
     484    4.426470  4.8536E-02
     485    4.427560  5.0835E-02
     486    4.428650  5.3194E-02
     487    4.429740  5.5610E-02
     488    4.430830  5.8084E-02
     489    4.431920  6.0614E-02
     490    4.433010  6.3201E-02
     491    4.434100  6.5844E-02
     492    4.435190  6.8542E-02
     493    4.436280  7.1296E-02
     494    4.437370  7.4105E-02
     495    4.438460  7.6971E-02
     496    4.439550  7.9892E-02
     497    4.440640  8.2871E-02
     498    4.441730  8.5907E-02
     499    4.442820  8.9001E-02
     500    4.443910  9.2155E-02
     501    4.445000  9.5369E-02
     502    4.446090  9.8645E-02
     503    4.447180  1.0198E-01
     504    4.448270  1.0539E-01
     505    4.449360  1.0886E-01
     506    4.450450  1.1239E-01
     507    4.451540  1.1600E-01
     508    4.452630  1.1968E-01
     509    4.453720  1.2343E-01
     510    4.454810  1.2725E-01
     511    4.455900  1.3114E-01
     512    4.456990  1.3511E-01
     513    4.458080  1.3916E-01
     514    4.459170  1.4328E-01
     515    4.460260  1.4747E-01
     516    4.461350  1.5174E-01
     517    4.462440  1.5609E-01
     518    4.463530  1.6050E-01
     519    4.464620  1.6499E-01
     520    4.465710  1.6954E-01
     521    4.466800  1.7416E-01
     522    4.467890  1.7884E-01
     523    4.468980  1.8358E-01
     524    4.470070  1.8837E-01
     525    4.471160  1.9321E-01
     526    4.472250  1.9810E-01
     527    4.473340  2.0302E-01
     528    4.474430  2.0797E-01
     529    4.475520  2.1295E-01
     530    4.476610  2.1795E-01
     531    4.477700  2.2296E-01
     532    4.478790  2.2798E-01
     533    4.479880  2.3299E-01
     534    4.480970  2.3799E-01
     535    4.482060  2.4298E-01
     536    4.483150  2.4794E-01
     537    4.484240  2.5287E-01
     538    4.485330  2.5776E-01
     539    4.486420  2.6261E-01
     540    4.487510  2.6741E-01
     541    4.488600  2.7216E-01
     542    4.489690  2.7685E-01
     543    4.490780  2.8148E-01
     544    4.491870  2.8605E-01
     545    4.492960  2.9054E-01
     546    4.494050  2.9497E-01
     547    4.495140  2.9933E-01
     548    4.496230  3.0363E-01
     549    4.497320  3.0785E-01
     550    4.498410  3.1201E-01
     551    4.499500  3.1611E-01
     552    4.500590  3.2016E-01
     553    4.501680  3.2415E-01
     554    4.502770  3.2809E-01
     555    4.503860  3.3199E-01
     556    4.504950  3.3586E-01
     557    4.506040  3.3971E-01
     558    4.507130  3.4354E-01
     559    4.508220  3.4736E-01
     560    4.509310  3.5119E-01
     561    4.510400  3.5503E-01
     562    4.511490  3.5888E-01
     563    4.512580  3.6277E-01
     564    4.513670  3.6671E-01
     565    4.514760  3.7069E-01
     566    4.515850  3.7473E-01
     567    4.516940  3.7885E-01
     568    4.518030  3.8304E-01
     569    4.519120  3.8733E-01
     570    4.520210  3.9170E-01
     571    4.521300  3.9618E-01
     572    4.522390  4.0077E-01
     573    4.523480  4.0547E-01
     574    4.524570  4.1030E-01
     575    4.525660  4.1524E-01
     576    4.526750  4.2031E-01
     577    4.527840  4.2551E-01
     578    4.528930  4.3083E-01
     579    4.530020  4.3629E-01
     580    4.531110  4.4186E-01
     581    4.532200  4.4757E-01
     582    4.533290  4.5339E-01
     583    4.534380  4.5934E-01
     584    4.535470  4.6539E-01
     585    4.536560  4.7155E-01
     586    4.537650  4.7781E-01
     587    4.538740  4.8417E-01
     588    4.539830  4.9061E-01
     589    4.540920  4.9713E-01
     590    4.542010  5.0371E-01
     591    4.543100  5.1036E-01
     592    4.544190  5.1706E-01
     593    4.545280  5.2380E-01
     594    4.546370  5.3057E-01
     595    4.547460  5.3737E-01
     596    4.548550  5.4417E-01
     597    4.549640  5.5098E-01
     598    4.550730  5.5779E-01
     599    4.551820  5.6458E-01
     600    4.552910  5.7135E-01
     601    4.554000  5.7809E-01
     602    4.555090  5.8479E-01
     603    4.556180  5.9145E-01
     604    4.557270  5.9806E-01
     605    4.558360  6.0460E-01
     606    4.559450  6.1109E-01
     607    4.560540  6.1751E-01
     608    4.561630  6.2385E-01
     609    4.562720  6.3012E-01
     610    4.563810  6.3631E-01
     611    4.564900  6.4241E-01
     612    4.565990  6.4843E-01
     613    4.567080  6.5436E-01
     614    4.568170  6.6020E-01
     615    4.569260  6.6596E-01
     616    4.570350  6.7162E-01
     617    4.571440  6.7719E-01
     618    4.572530  6.8266E-01
     619    4.573620  6.8804E-01
     620    4.574710  6.9333E-01
     621    4.575800  6.9852E-01
     622    4.576890  7.0362E-01
     623    4.577980  7.0863E-01
     624    4.579070  7.1354E-01
     625    4.580160  7.1836E-01
     626    4.581250  7.2308E-01
     627    4.582340  7.2771E-01
     628    4.583430  7.3224E-01
     629    4.584520  7.3667E-01
     630    4.585610  7.4101E-01
     631    4.586700  7.4525E-01
     632    4.587790  7.4939E-01
     633    4.588880  7.5343E-01
     634    4.589970  7.5737E-01
     635    4.591060  7.6121E-01
     636    4.592150  7.6494E-01
     637    4.593240  7.6858E-01
     638    4.594330  7.7210E-01
     639    4.595420  7.7552E-01
     640    4.596510  7.7884E-01
     641    4.597600  7.8204E-01
     642    4.598690  7.8514E-01
     643    4.599780  7.8813E-01
     644    4.600870  7.9101E-01
     645    4.601960  7.9379E-01
     646    4.603050  7.9645E-01
     647    4.604140  7.9900E-01
     648    4.605230  8.0145E-01
     649    4.606320  8.0379E-01
     650    4.607410  8.0603E-01
     651    4.608500  8.0817E-01
     652    4.609590  8.1020E-01
     653    4.610680  8.1214E-01
     654    4.611770  8.1398E-01
     655    4.612860  8.1573E-01
     656    4.613950  8.1739E-01
     657    4.615040  8.1896E-01
     658    4.616130  8.2045E-01
     659    4.617220  8.2187E-01
     660    4.618310  8.2320E-01
     661    4.619400  8.2447E-01
     662    4.620490  8.2568E-01
     663    4.621580  8.2682E-01
     664    4.622670  8.2790E-01
     665    4.623760  8.2894E-01
     666    4.624850  8.2992E-01
     667    4.625940  8.3086E-01
     668    4.627030  8.3175E-01
     669    4.628120  8.3261E-01
     670    4.629210  8.3343E-01
     671    4.630300  8.3422E-01
     672    4.631390  8.3499E-01
     673    4.632480  8.3572E-01
     674    4.633570  8.3643E-01
     675    4.634660  8.3712E-01
     676    4.635750  8.3778E-01
     677    4.636840  8.3842E-01
     678    4.637930  8.3904E-01
     679    4.639020  8.3963E-01
     680    4.640110  8.4020E-01
     681    4.641200  8.4075E-01
     682    4.642290  8.4127E-01
     683    4.643380  8.4176E-01
     684    4.644470  8.4222E-01
     685    4.645560  8.4265E-01
     686    4.646650  8.4304E-01
     687    4.647740  8.4338E-01
     688    4.648830  8.4369E-01
     689    4.649920  8.4394E-01
     690    4.651010  8.4415E-01
     691    4.652100  8.4429E-01
     692    4.653190  8.4438E-01
     693    4.654280  8.4440E-01
     694    4.655370  8.4435E-01
     695    4.656460  8.4422E-01
     696    4.657550  8.4402E-01
     697    4.658640  8.4374E-01
     698    4.659730  8.4337E-01
     699    4.660820  8.4291E-01
     700    4.661910  8.4237E-01
     701    4.663000  8.4172E-01
     702    4.664090  8.4099E-01
     703    4.665180  8.4015E-01
     704    4.666270  8.3922E-01
     705    4.667360  8.3819E-01
     706    4.668450  8.3706E-01
     707    4.669540  8.3583E-01
     708    4.670630  8.3450E-01
     709    4.671720  8.3308E-01
     710    4.672810  8.3157E-01
     711    4.673900  8.2997E-01
     712    4.674990  8.2828E-01
     713    4.676080  8.2650E-01
     714    4.677170  8.2465E-01
     715    4.678260  8.2273E-01
     716    4.679350  8.2074E-01
     717    4.680440  8.1870E-01
     718    4.681530  8.1660E-01
     719    4.682620  8.1445E-01
     720    4.683710  8.1227E-01
     721    4.684800  8.1005E-01
     722    4.685890  8.0782E-01
     723    4.686980  8.0557E-01
     724    4.688070  8.0331E-01
     725    4.689160  8.0106E-01
     726    4.690250  7.9882E-01
     727    4.691340  7.9660E-01
     728    4.692430  7.9441E-01
     729    4.693520  7.9225E-01
     730    4.694610  7.9014E-01
     731    4.695700  7.8808E-01
     732    4.696790  7.8608E-01
     733    4.697880  7.8414E-01
     734    4.698970  7.8228E-01
     735    4.700060  7.8050E-01
     736    4.701150  7.7879E-01
     737    4.702240  7.7718E-01
     738    4.703330  7.7565E-01
     739    4.704420  7.7422E-01
     740    4.705510  7.7288E-01
     741    4.706600  7.7164E-01
     742    4.707690  7.7050E-01
     743    4.708780  7.6945E-01
     744    4.709870  7.6850E-01
     745    4.710960  7.6765E-01
     746    4.712050  7.6688E-01
     747    4.713140  7.6620E-01
     748    4.714230  7.6561E-01
     749    4.715320  7.6510E-01
     750    4.716410  7.6466E-01
     751    4.717500  7.6429E-01
     752    4.718590  7.6398E-01
     753    4.719680  7.6373E-01
     754    4.720770  7.6352E-01
     755    4.721860  7.6336E-01
     756    4.722950  7.6322E-01
     757    4.724040  7.6312E-01
     758    4.725130  7.6303E-01
     759    4.726220  7.6294E-01
     760    4.727310  7.6286E-01
     761    4.728400  7.6278E-01
     762    4.729490  7.6268E-01
     763    4.730580  7.6256E-01
     764    4.731670  7.6241E-01
     765    4.732760  7.6223E-01
     766    4.733850  7.6202E-01
     767    4.734940  7.6176E-01
     768    4.736030  7.6145E-01
     769    4.737120  7.6109E-01
     770    4.738210  7.6067E-01
     771    4.739300  7.6020E-01
     772    4.740390  7.5967E-01
     773    4.741480  7.5908E-01
     774    4.742570  7.5843E-01
     775    4.743660  7.5771E-01
     776    4.744750  7.5694E-01
     777    4.745840  7.5611E-01
     778    4.746930  7.5521E-01
     779    4.748020  7.5427E-01
     780    4.749110  7.5327E-01
     781    4.750200  7.5222E-01
     782    4.751290  7.5112E-01
     783    4.752380  7.4998E-01
     784    4.753470  7.4880E-01
     785    4.754560  7.4758E-01
     786    4.755650  7.4633E-01
     787    4.756740  7.4505E-01
     788    4.757830  7.4375E-01
     789    4.758920  7.4242E-01
     790    4.760010  7.4108E-01
     791    4.761100  7.3973E-01
     792    4.762190  7.3836E-01
     793    4.763280  7.3698E-01
     794    4.764370  7.3561E-01
     795    4.765460  7.3422E-01
     796    4.766550  7.3284E-01
     797    4.767640  7.3147E-01
     798    4.768730  7.3009E-01
     799    4.769820  7.2872E-01
     800    4.770910  7.2736E-01
     801    4.772000  7.2601E-01
     802    4.773090  7.2466E-01
     803    4.774180  7.2333E-01
     804    4.775270  7.2200E-01
     805    4.776360  7.2069E-01
     806    4.777450  7.1938E-01
     807    4.778540  7.1809E-01
     808    4.779630  7.1681E-01
     809    4.780720  7.1554E-01
     810    4.781810  7.1428E-01
     811    4.782900  7.1304E-01
     812    4.783990  7.1180E-01
     813    4.785080  7.1058E-01
     814    4.786170  7.0938E-01
     815    4.787260  7.0819E-01
     816    4.788350  7.0701E-01
     817    4.789440  7.0585E-01
     818    4.790530  7.0471E-01
     819    4.791620  7.0359E-01
     820    4.792710  7.0249E-01
     821    4.793800  7.0141E-01
     822    4.794890  7.0036E-01
     823    4.795980  6.9933E-01
     824    4.797070  6.9834E-01
     825    4.798160  6.9737E-01
     826    4.799250  6.9644E-01
     827    4.800340  6.9554E-01
     828    4.801430  6.9469E-01
     829    4.802520  6.9387E-01
     830    4.803610  6.9311E-01
     831    4.804700  6.9238E-01
     832    4.805790  6.9171E-01
     833    4.806880  6.9110E-01
     834    4.807970  6.9054E-01
     835    4.809060  6.9003E-01
     836    4.810150  6.8959E-01
     837    4.811240  6.8922E-01
     838    4.812330  6.8891E-01
     839    4.813420  6.8866E-01
     840    4.814510  6.8849E-01
     841    4.815600  6.8840E-01
     842    4.816690  6.8838E-01
     843    4.817780  6.8843E-01
     844    4.818870  6.8857E-01
     845    4.819960  6.8878E-01
     846    4.821050  6.8908E-01
     847    4.822140  6.8947E-01
     848    4.823230  6.8993E-01
     849    4.824320  6.9049E-01
     850    4.825410  6.9113E-01
     851    4.826500  6.9186E-01
     852    4.827590  6.9267E-01
     853    4.828680  6.9358E-01
     854    4.829770  6.9457E-01
     855    4.830860  6.9566E-01
     856    4.831950  6.9683E-01
     857    4.833040  6.9809E-01
     858    4.834130  6.9944E-01
     859    4.835220  7.0088E-01
     860    4.836310  7.0240E-01
     861    4.837400  7.0401E-01
     862    4.838490  7.0570E-01
     863    4.839580  7.0747E-01
     864    4.840670  7.0933E-01
     865    4.841760  7.1126E-01
     866    4.842850  7.1327E-01
     867    4.843940  7.1535E-01
     868    4.845030  7.1750E-01
     869    4.846120  7.1972E-01
     870    4.847210  7.2200E-01
     871    4.848300  7.2434E-01
     872    4.849390  7.2674E-01
     873    4.850480  7.2919E-01
     874    4.851570  7.3169E-01
     875    4.852660  7.3423E-01
     876    4.853750  7.3681E-01
     877    4.854840  7.3943E-01
     878    4.855930  7.4208E-01
     879    4.857020  7.4475E-01
     880    4.858110  7.4745E-01
     881    4.859200  7.5016E-01
     882    4.860290  7.5289E-01
     883    4.861380  7.5562E-01
     884    4.862470  7.5836E-01
     885    4.863560  7.6110E-01
     886    4.864650  7.6384E-01
     887    4.865740  7.6657E-01
     888    4.866830  7.6929E-01
     889    4.867920  7.7199E-01
     890    4.869010  7.7468E-01
     891    4.870100  7.7734E-01
     892    4.871190  7.7999E-01
     893    4.872280  7.8260E-01
     894    4.873370  7.8519E-01
     895    4.874460  7.8776E-01
     896    4.875550  7.9029E-01
     897    4.876640  7.9278E-01
     898    4.877730  7.9524E-01
     899    4.878820  7.9767E-01
     900    4.879910  8.0005E-01
     901    4.881000  8.0240E-01
     902    4.882090  8.0471E-01
     903    4.883180  8.0697E-01
     904    4.884270  8.0919E-01
     905    4.885360  8.1137E-01
     906    4.886450  8.1349E-01
     907    4.887540  8.1557E-01
     908    4.888630  8.1760E-01
     909    4.889720  8.1957E-01
     910    4.890810  8.2149E-01
     911    4.891900  8.2335E-01
     912    4.892990  8.2515E-01
     913    4.894080  8.2688E-01
     914    4.895170  8.2855E-01
     915    4.896260  8.3015E-01
     916    4.897350  8.3167E-01
     917    4.898440  8.3311E-01
     918    4.899530  8.3447E-01
     919    4.900620  8.3575E-01
     920    4.901710  8.3694E-01
     921    4.902800  8.3803E-01
     922    4.903890  8.3903E-01
     923    4.904980  8.3993E-01
     924    4.906070  8.4072E-01
     925    4.907160  8.4141E-01
     926    4.908250  8.4199E-01
     927    4.909340  8.4246E-01
     928    4.910430  8.4282E-01
     929    4.911520  8.4306E-01
     930    4.912610  8.4319E-01
     931    4.913700  8.4321E-01
     932    4.914790  8.4312E-01
     933    4.915880  8.4291E-01
     934    4.916970  8.4260E-01
     935    4.918060  8.4218E-01
     936    4.919150  8.4165E-01
     937    4.920240  8.4103E-01
     938    4.921330  8.4032E-01
     939    4.922420  8.3952E-01
     940    4.923510  8.3864E-01
     941    4.924600  8.3769E-01
     942    4.925690  8.3667E-01
     943    4.926780  8.3560E-01
     944    4.927870  8.3449E-01
     945    4.928960  8.3333E-01
     946    4.930050  8.3215E-01
     947    4.931140  8.3096E-01
     948    4.932230  8.2975E-01
     949    4.933320  8.2856E-01
     950    4.934410  8.2738E-01
     951    4.935500  8.2623E-01
     952    4.936590  8.2511E-01
     953    4.937680  8.2404E-01
     954    4.938770  8.2304E-01
     955    4.939860  8.2209E-01
     956    4.940950  8.2123E-01
     957    4.942040  8.2045E-01
     958    4.943130  8.1976E-01
     959    4.944220  8.1918E-01
     960    4.945310  8.1870E-01
     961    4.946400  8.1832E-01
     962    4.947490  8.1807E-01
     963    4.948580  8.1793E-01
     964    4.949670  8.1791E-01
     965    4.950760  8.1802E-01
     966    4.951850  8.1824E-01
     967    4.952940  8.1859E-01
     968    4.954030  8.1905E-01
     969    4.955120  8.1962E-01
     970    4.956210  8.2030E-01
     971    4.957300  8.2109E-01
     972    4.958390  8.2197E-01
     973    4.959480  8.2294E-01
     974    4.960570  8.2399E-01
     975    4.961660  8.2510E-01
     976    4.962750  8.2628E-01
     977    4.963840  8.2751E-01
     978    4.964930  8.2877E-01
     979    4.966020  8.3006E-01
     980    4.967110  8.3136E-01
     981    4.968200  8.3266E-01
     982    4.969290  8.3395E-01
     983    4.970380  8.3521E-01
     984    4.971470  8.3644E-01
     985    4.972560  8.3761E-01
     986    4.973650  8.3872E-01
     987    4.974740  8.3976E-01
     988    4.975830  8.4070E-01
     989    4.976920  8.4156E-01
     990    4.978010  8.4230E-01
     991    4.979100  8.4293E-01
     992    4.980190  8.4344E-01
     993    4.981280  8.4381E-01
     994    4.982370  8.4405E-01
     995    4.983460  8.4415E-01
     996    4.984550  8.4410E-01
     997    4.985640  8.4391E-01
     998    4.986730  8.4358E-01
     999    4.987820  8.4310E-01
    1000    4.988910  8.4247E-01
    1001    4.990000  8.4171E-01
    1002    4.991090  8.4081E-01
    1003    4.992180  8.3978E-01
    1004    4.993270  8.3864E-01
    1005    4.994360  8.3738E-01
    1006    4.995450  8.3603E-01
    1007    4.996540  8.3458E-01
    1008    4.997630  8.3306E-01
    1009    4.998720  8.3148E-01
    1010    4.999810  8.2985E-01
    1011    5.000900  8.2818E-01
    1012    5.001990  8.2650E-01
    1013    5.003080  8.2482E-01
    1014    5.004170  8.2315E-01
    1015    5.005260  8.2151E-01
    1016    5.006350  8.1992E-01
    1017    5.007440  8.1840E-01
    1018    5.008530  8.1695E-01
    1019    5.009620  8.1560E-01
    1020    5.010710  8.1436E-01
    1021    5.011800  8.1324E-01
    1022    5.012890  8.1226E-01
    1023    5.013980  8.1142E-01
    1024    5.015070  8.1074E-01
    1025    5.016160  8.1023E-01
    1026    5.017250  8.0989E-01
    1027    5.018340  8.0973E-01
    1028    5.019430  8.0976E-01
    1029    5.020520  8.0997E-01
    1030    5.021610  8.1036E-01
    1031    5.022700  8.1094E-01
    1032    5.023790  8.1170E-01
    1033    5.024880  8.1264E-01
    1034    5.025970  8.1375E-01
    1035    5.027060  8.1502E-01
    1036    5.028150  8.1645E-01
    1037    5.029240  8.1801E-01
    1038    5.030330  8.1971E-01
    1039    5.031420  8.2152E-01
    1040    5.032510  8.2343E-01
    1041    5.033600  8.2542E-01
    1042    5.034690  8.2748E-01
    1043    5.035780  8.2959E-01
    1044    5.036870  8.3173E-01
    1045    5.037960  8.3389E-01
    1046    5.039050  8.3603E-01
    1047    5.040140  8.3816E-01
    1048    5.041230  8.4024E-01
    1049    5.042320  8.4226E-01
    1050    5.043410  8.4420E-01
    1051    5.044500  8.4605E-01
    1052    5.045590  8.4778E-01
    1053    5.046680  8.4939E-01
    1054    5.047770  8.5087E-01
    1055    5.048860  8.5219E-01
    1056    5.049950  8.5335E-01
    1057    5.051040  8.5434E-01
    1058    5.052130  8.5515E-01
    1059    5.053220  8.5577E-01
    1060    5.054310  8.5620E-01
    1061    5.055400  8.5644E-01
    1062    5.056490  8.5648E-01
    1063    5.057580  8.5632E-01
    1064    5.058670  8.5597E-01
    1065    5.059760  8.5544E-01
    1066    5.060850  8.5471E-01
    1067    5.061940  8.5380E-01
    1068    5.063030  8.5272E-01
    1069    5.064120  8.5148E-01
    1070    5.065210  8.5008E-01
    1071    5.066300  8.4854E-01
    1072    5.067390  8.4686E-01
    1073    5.068480  8.4506E-01
    1074    5.069570  8.4315E-01
    1075    5.070660  8.4115E-01
    1076    5.071750  8.3906E-01
    1077    5.072840  8.3690E-01
    1078    5.073930  8.3468E-01
    1079    5.075020  8.3242E-01
    1080    5.076110  8.3012E-01
    1081    5.077200  8.2780E-01
    1082    5.078290  8.2547E-01
    1083    5.079380  8.2314E-01
    1084    5.080470  8.2082E-01
    1085    5.081560  8.1852E-01
    1086    5.082650  8.1624E-01
    1087    5.083740  8.1399E-01
    1088    5.084830  8.1178E-01
    1089    5.085920  8.0960E-01
    1090    5.087010  8.0747E-01
    1091    5.088100  8.0538E-01
    1092    5.089190  8.0334E-01
    1093    5.090280  8.0134E-01
    1094    5.091370  7.9938E-01
    1095    5.092460  7.9746E-01
    1096    5.093550  7.9557E-01
    1097    5.094640  7.9371E-01
    1098    5.095730  7.9187E-01
    1099    5.096820  7.9005E-01
    1100    5.097910  7.8824E-01
    1101    5.099000  7.8644E-01
    1102    5.100090  7.8462E-01
    1103    5.101180  7.8280E-01
    1104    5.102270  7.8096E-01
    1105    5.103360  7.7908E-01
    1106    5.104450  7.7718E-01
    1107    5.105540  7.7523E-01
    1108    5.106630  7.7323E-01
    1109    5.107720  7.7119E-01
    1110    5.108810  7.6908E-01
    1111    5.109900  7.6691E-01
    1112    5.110990  7.6468E-01
    1113    5.112080  7.6239E-01
    1114    5.113170  7.6003E-01
    1115    5.114260  7.5760E-01
    1116    5.115350  7.5512E-01
    1117    5.116440  7.5257E-01
    1118    5.117530  7.4998E-01
    1119    5.118620  7.4733E-01
    1120    5.119710  7.4465E-01
    1121    5.120800  7.4194E-01
    1122    5.121890  7.3920E-01
    1123    5.122980  7.3646E-01
    1124    5.124070  7.3372E-01
    1125    5.125160  7.3099E-01
    1126    5.126250  7.2829E-01
    1127    5.127340  7.2563E-01
    1128    5.128430  7.2303E-01
    1129    5.129520  7.2050E-01
    1130    5.130610  7.1805E-01
    1131    5.131700  7.1569E-01
    1132    5.132790  7.1345E-01
    1133    5.133880  7.1133E-01
    1134    5.134970  7.0935E-01
    1135    5.136060  7.0751E-01
    1136    5.137150  7.0583E-01
    1137    5.138240  7.0431E-01
    1138    5.139330  7.0297E-01
    1139    5.140420  7.0180E-01
    1140    5.141510  7.0081E-01
    1141    5.142600  7.0001E-01
    1142    5.143690  6.9939E-01
    1143    5.144780  6.9894E-01
    1144    5.145870  6.9868E-01
    1145    5.146960  6.9858E-01
    1146    5.148050  6.9864E-01
    1147    5.149140  6.9886E-01
    1148    5.150230  6.9922E-01
    1149    5.151320  6.9970E-01
    1150    5.152410  7.0029E-01
    1151    5.153500  7.0097E-01
    1152    5.154590  7.0173E-01
    1153    5.155680  7.0254E-01
    1154    5.156770  7.0339E-01
    1155    5.157860  7.0425E-01
    1156    5.158950  7.0510E-01
    1157    5.160040  7.0592E-01
    1158    5.161130  7.0668E-01
    1159    5.162220  7.0736E-01
    1160    5.163310  7.0794E-01
    1161    5.164400  7.0840E-01
    1162    5.165490  7.0872E-01
    1163    5.166580  7.0887E-01
    1164    5.167670  7.0883E-01
    1165    5.168760  7.0860E-01
    1166    5.169850  7.0815E-01
    1167    5.170940  7.0747E-01
    1168    5.172030  7.0655E-01
    1169    5.173120  7.0537E-01
    1170    5.174210  7.0394E-01
    1171    5.175300  7.0223E-01
    1172    5.176390  7.0026E-01
    1173    5.177480  6.9802E-01
    1174    5.178570  6.9551E-01
    1175    5.179660  6.9273E-01
    1176    5.180750  6.8969E-01
    1177    5.181840  6.8641E-01
    1178    5.182930  6.8288E-01
    1179    5.184020  6.7913E-01
    1180    5.185110  6.7517E-01
    1181    5.186200  6.7102E-01
    1182    5.187290  6.6669E-01
    1183    5.188380  6.6220E-01
    1184    5.189470  6.5759E-01
    1185    5.190560  6.5286E-01
    1186    5.191650  6.4804E-01
    1187    5.192740  6.4316E-01
    1188    5.193830  6.3825E-01
    1189    5.194920  6.3332E-01
    1190    5.196010  6.2840E-01
    1191    5.197100  6.2352E-01
    1192    5.198190  6.1871E-01
    1193    5.199280  6.1398E-01
    1194    5.200370  6.0936E-01
    1195    5.201460  6.0487E-01
    1196    5.202550  6.0054E-01
    1197    5.203640  5.9639E-01
    1198    5.204730  5.9242E-01
    1199    5.205820  5.8867E-01
    1200    5.206910  5.8514E-01
    1201    5.208000  5.8186E-01
    1202    5.209090  5.7882E-01
    1203    5.210180  5.7606E-01
    1204    5.211270  5.7356E-01
    1205    5.212360  5.7134E-01
    1206    5.213450  5.6941E-01
    1207    5.214540  5.6777E-01
    1208    5.215630  5.6642E-01
    1209    5.216720  5.6536E-01
    1210    5.217810  5.6459E-01
    1211    5.218900  5.6410E-01
    1212    5.219990  5.6390E-01
    1213    5.221080  5.6397E-01
    1214    5.222170  5.6431E-01
    1215    5.223260  5.6491E-01
    1216    5.224350  5.6575E-01
    1217    5.225440  5.6684E-01
    1218    5.226530  5.6814E-01
    1219    5.227620  5.6967E-01
    1220    5.228710  5.7139E-01
    1221    5.229800  5.7329E-01
    1222    5.230890  5.7536E-01
    1223    5.231980  5.7759E-01
    1224    5.233070  5.7995E-01
    1225    5.234160  5.8243E-01
    1226    5.235250  5.8502E-01
    1227    5.236340  5.8768E-01
    1228    5.237430  5.9042E-01
    1229    5.238520  5.9321E-01
    1230    5.239610  5.9603E-01
    1231    5.240700  5.9886E-01
    1232    5.241790  6.0170E-01
    1233    5.242880  6.0451E-01
    1234    5.243970  6.0729E-01
    1235    5.245060  6.1001E-01
    1236    5.246150  6.1267E-01
    1237    5.247240  6.1525E-01
    1238    5.248330  6.1774E-01
    1239    5.249420  6.2011E-01
    1240    5.250510  6.2236E-01
    1241    5.251600  6.2448E-01
    1242    5.252690  6.2646E-01
    1243    5.253780  6.2829E-01
    1244    5.254870  6.2996E-01
    1245    5.255960  6.3147E-01
    1246    5.257050  6.3281E-01
    1247    5.258140  6.3398E-01
    1248    5.259230  6.3497E-01
    1249    5.260320  6.3580E-01
    1250    5.261410  6.3646E-01
    1251    5.262500  6.3695E-01
    1252    5.263590  6.3727E-01
    1253    5.264680  6.3745E-01
    1254    5.265770  6.3748E-01
    1255    5.266860  6.3737E-01
    1256    5.267950  6.3713E-01
    1257    5.269040  6.3678E-01
    1258    5.270130  6.3633E-01
    1259    5.271220  6.3580E-01
    1260    5.272310  6.3519E-01
    1261    5.273400  6.3452E-01
    1262    5.274490  6.3382E-01
    1263    5.275580  6.3309E-01
    1264    5.276670  6.3236E-01
    1265    5.277760  6.3163E-01
    1266    5.278850  6.3093E-01
    1267    5.279940  6.3027E-01
    1268    5.281030  6.2966E-01
    1269    5.282120  6.2912E-01
    1270    5.283210  6.2866E-01
    1271    5.284300  6.2829E-01
    1272    5.285390  6.2802E-01
    1273    5.286480  6.2786E-01
    1274    5.287570  6.2782E-01
    1275    5.288660  6.2789E-01
    1276    5.289750  6.2809E-01
    1277    5.290840  6.2842E-01
    1278    5.291930  6.2886E-01
    1279    5.293020  6.2942E-01
    1280    5.294110  6.3009E-01
    1281    5.295200  6.3087E-01
    1282    5.296290  6.3174E-01
    1283    5.297380  6.3269E-01
    1284    5.298470  6.3371E-01
    1285    5.299560  6.3478E-01
    1286    5.300650  6.3588E-01
    1287    5.301740  6.3701E-01
    1288    5.302830  6.3813E-01
    1289    5.303920  6.3923E-01
    1290    5.305010  6.4028E-01
    1291    5.306100  6.4127E-01
    1292    5.307190  6.4217E-01
    1293    5.308280  6.4296E-01
    1294    5.309370  6.4362E-01
    1295    5.310460  6.4412E-01
    1296    5.311550  6.4446E-01
    1297    5.312640  6.4460E-01
    1298    5.313730  6.4454E-01
    1299    5.314820  6.4425E-01
    1300    5.315910  6.4372E-01
    1301    5.317000  6.4294E-01
    1302    5.318090  6.4191E-01
    1303    5.319180  6.4060E-01
    1304    5.320270  6.3903E-01
    1305    5.321360  6.3718E-01
    1306    5.322450  6.3506E-01
    1307    5.323540  6.3267E-01
    1308    5.324630  6.3001E-01
    1309    5.325720  6.2710E-01
    1310    5.326810  6.2396E-01
    1311    5.327900  6.2058E-01
    1312    5.328990  6.1700E-01
    1313    5.330080  6.1323E-01
    1314    5.331170  6.0929E-01
    1315    5.332260  6.0521E-01
    1316    5.333350  6.0102E-01
    1317    5.334440  5.9673E-01
    1318    5.335530  5.9239E-01
    1319    5.336620  5.8802E-01
    1320    5.337710  5.8365E-01
    1321    5.338800  5.7931E-01
    1322    5.339890  5.7504E-01
    1323    5.340980  5.7086E-01
    1324    5.342070  5.6680E-01
    1325    5.343160  5.6290E-01
    1326    5.344250  5.5918E-01
    1327    5.345340  5.5567E-01
    1328    5.346430  5.5238E-01
    1329    5.347520  5.4935E-01
    1330    5.348610  5.4660E-01
    1331    5.349700  5.4413E-01
    1332    5.350790  5.4197E-01
    1333    5.351880  5.4011E-01
    1334    5.352970  5.3859E-01
    1335    5.354060  5.3738E-01
    1336    5.355150  5.3651E-01
    1337    5.356240  5.3596E-01
    1338    5.357330  5.3573E-01
    1339    5.358420  5.3581E-01
    1340    5.359510  5.3618E-01
    1341    5.360600  5.3684E-01
    1342    5.361690  5.3777E-01
    1343    5.362780  5.3893E-01
    1344    5.363870  5.4032E-01
    1345    5.364960  5.4190E-01
    1346    5.366050  5.4364E-01
    1347    5.367140  5.4552E-01
    1348    5.368230  5.4751E-01
    1349    5.369320  5.4956E-01
    1350    5.370410  5.5166E-01
    1351    5.371500  5.5375E-01
    1352    5.372590  5.5582E-01
    1353    5.373680  5.5782E-01
    1354    5.374770  5.5972E-01
    1355    5.375860  5.6149E-01
    1356    5.376950  5.6310E-01
    1357    5.378040  5.6452E-01
    1358    5.379130  5.6571E-01
    1359    5.380220  5.6665E-01
    1360    5.381310  5.6731E-01
    1361    5.382400  5.6768E-01
    1362    5.383490  5.6773E-01
    1363    5.384580  5.6744E-01
    1364    5.385670  5.6680E-01
    1365    5.386760  5.6580E-01
    1366    5.387850  5.6444E-01
    1367    5.388940  5.6270E-01
    1368    5.390030  5.6058E-01
    1369    5.391120  5.5808E-01
    1370    5.392210  5.5521E-01
    1371    5.393300  5.5198E-01
    1372    5.394390  5.4839E-01
    1373    5.395480  5.4446E-01
    1374    5.396570  5.4021E-01
    1375    5.397660  5.3564E-01
    1376    5.398750  5.3078E-01
    1377    5.399840  5.2566E-01
    1378    5.400930  5.2029E-01
    1379    5.402020  5.1470E-01
    1380    5.403110  5.0892E-01
    1381    5.404200  5.0298E-01
    1382    5.405290  4.9689E-01
    1383    5.406380  4.9070E-01
    1384    5.407470  4.8443E-01
    1385    5.408560  4.7810E-01
    1386    5.409650  4.7174E-01
    1387    5.410740  4.6539E-01
    1388    5.411830  4.5906E-01
    1389    5.412920  4.5278E-01
    1390    5.414010  4.4658E-01
    1391    5.415100  4.4047E-01
    1392    5.416190  4.3448E-01
    1393    5.417280  4.2862E-01
    1394    5.418370  4.2290E-01
    1395    5.419460  4.1735E-01
    1396    5.420550  4.1196E-01
    1397    5.421640  4.0676E-01
    1398    5.422730  4.0175E-01
    1399    5.423820  3.9692E-01
    1400    5.424910  3.9230E-01
    1401    5.426000  3.8787E-01
    1402    5.427090  3.8363E-01
    1403    5.428180  3.7959E-01
    1404    5.429270  3.7573E-01
    1405    5.430360  3.7205E-01
    1406    5.431450  3.6856E-01
    1407    5.432540  3.6523E-01
    1408    5.433630  3.6206E-01
    1409    5.434720  3.5905E-01
    1410    5.435810  3.5618E-01
    1411    5.436900  3.5345E-01
    1412    5.437990  3.5085E-01
    1413    5.439080  3.4837E-01
    1414    5.440170  3.4600E-01
    1415    5.441260  3.4375E-01
    1416    5.442350  3.4160E-01
    1417    5.443440  3.3956E-01
    1418    5.444530  3.3761E-01
    1419    5.445620  3.3577E-01
    1420    5.446710  3.3402E-01
    1421    5.447800  3.3238E-01
    1422    5.448890  3.3084E-01
    1423    5.449980  3.2942E-01
    1424    5.451070  3.2811E-01
    1425    5.452160  3.2693E-01
    1426    5.453250  3.2588E-01
    1427    5.454340  3.2498E-01
    1428    5.455430  3.2423E-01
    1429    5.456520  3.2365E-01
    1430    5.457610  3.2325E-01
    1431    5.458700  3.2303E-01
    1432    5.459790  3.2301E-01
    1433    5.460880  3.2320E-01
    1434    5.461970  3.2362E-01
    1435    5.463060  3.2427E-01
    1436    5.464150  3.2515E-01
    1437    5.465240  3.2629E-01
    1438    5.466330  3.2767E-01
    1439    5.467420  3.2932E-01
    1440    5.468510  3.3122E-01
    1441    5.469600  3.3339E-01
    1442    5.470690  3.3582E-01
    1443    5.471780  3.3850E-01
    1444    5.472870  3.4143E-01
    1445    5.473960  3.4461E-01
    1446    5.475050  3.4801E-01
    1447    5.476140  3.5164E-01
    1448    5.477230  3.5547E-01
    1449    5.478320  3.5948E-01
    1450    5.479410  3.6366E-01
    1451    5.480500  3.6798E-01
    1452    5.481590  3.7243E-01
    1453    5.482680  3.7698E-01
    1454    5.483770  3.8159E-01
    1455    5.484860  3.8625E-01
    1456    5.485950  3.9093E-01
    1457    5.487040  3.9560E-01
    1458    5.488130  4.0022E-01
    1459    5.489220  4.0477E-01
    1460    5.490310  4.0922E-01
    1461    5.491400  4.1354E-01
    1462    5.492490  4.1771E-01
    1463    5.493580  4.2169E-01
    1464    5.494670  4.2545E-01
    1465    5.495760  4.2899E-01
    1466    5.496850  4.3226E-01
    1467    5.497940  4.3525E-01
    1468    5.499030  4.3794E-01
    1469    5.500120  4.4031E-01
    1470    5.501210  4.4234E-01
    1471    5.502300  4.4403E-01
    1472    5.503390  4.4535E-01
    1473    5.504480  4.4630E-01
    1474    5.505570  4.4688E-01
    1475    5.506660  4.4707E-01
    1476    5.507750  4.4688E-01
    1477    5.508840  4.4631E-01
    1478    5.509930  4.4534E-01
    1479    5.511020  4.4400E-01
    1480    5.512110  4.4228E-01
    1481    5.513200  4.4019E-01
    1482    5.514290  4.3775E-01
    1483    5.515380  4.3495E-01
    1484    5.516470  4.3181E-01
    1485    5.517560  4.2834E-01
    1486    5.518650  4.2456E-01
    1487    5.519740  4.2049E-01
    1488    5.520830  4.1612E-01
    1489    5.521920  4.1149E-01
    1490    5.523010  4.0660E-01
    1491    5.524100  4.0148E-01
    1492    5.525190  3.9613E-01
    1493    5.526280  3.9059E-01
    1494    5.527370  3.8485E-01
    1495    5.528460  3.7895E-01
    1496    5.529550  3.7290E-01
    1497    5.530640  3.6671E-01
    1498    5.531730  3.6040E-01
    1499    5.532820  3.5398E-01
    1500    5.533910  3.4749E-01
    1501    5.535000  3.4092E-01
    1502    5.536090  3.3430E-01
    1503    5.537180  3.2765E-01
    1504    5.538270  3.2097E-01
    1505    5.539360  3.1429E-01
    1506    5.540450  3.0763E-01
    1507    5.541540  3.0098E-01
    1508    5.542630  2.9439E-01
    1509    5.543720  2.8785E-01
    1510    5.544810  2.8138E-01
    1511    5.545900  2.7500E-01
    1512    5.546990  2.6872E-01
    1513    5.548080  2.6256E-01
    1514    5.549170  2.5654E-01
    1515    5.550260  2.5065E-01
    1516    5.551350  2.4493E-01
    1517    5.552440  2.3938E-01
    1518    5.553530  2.3401E-01
    1519    5.554620  2.2884E-01
    1520    5.555710  2.2388E-01
    1521    5.556800  2.1913E-01
    1522    5.557890  2.1461E-01
    1523    5.558980  2.1033E-01
    1524    5.560070  2.0628E-01
    1525    5.561160  2.0249E-01
    1526    5.562250  1.9895E-01
    1527    5.563340  1.9567E-01
    1528    5.564430  1.9265E-01
    1529    5.565520  1.8989E-01
    1530    5.566610  1.8740E-01
    1531    5.567700  1.8516E-01
    1532    5.568790  1.8318E-01
    1533    5.569880  1.8146E-01
    1534    5.570970  1.7997E-01
    1535    5.572060  1.7873E-01
    1536    5.573150  1.7772E-01
    1537    5.574240  1.7693E-01
    1538    5.575330  1.7634E-01
    1539    5.576420  1.7595E-01
    1540    5.577510  1.7575E-01
    1541    5.578600  1.7570E-01
    1542    5.579690  1.7581E-01
    1543    5.580780  1.7606E-01
    1544    5.581870  1.7642E-01
    1545    5.582960  1.7688E-01
    1546    5.584050  1.7742E-01
    1547    5.585140  1.7803E-01
    1548    5.586230  1.7868E-01
    1549    5.587320  1.7935E-01
    1550    5.588410  1.8003E-01
    1551    5.589500  1.8071E-01
    1552    5.590590  1.8136E-01
    1553    5.591680  1.8196E-01
    1554    5.592770  1.8250E-01
    1555    5.593860  1.8297E-01
    1556    5.594950  1.8336E-01
    1557    5.596040  1.8364E-01
    1558    5.597130  1.8381E-01
    1559    5.598220  1.8386E-01
    1560    5.599310  1.8377E-01
    1561    5.600400  1.8355E-01
    1562    5.601490  1.8319E-01
    1563    5.602580  1.8268E-01
    1564    5.603670  1.8201E-01
    1565    5.604760  1.8119E-01
    1566    5.605850  1.8022E-01
    1567    5.606940  1.7910E-01
    1568    5.608030  1.7783E-01
    1569    5.609120  1.7642E-01
    1570    5.610210  1.7486E-01
    1571    5.611300  1.7318E-01
    1572    5.612390  1.7137E-01
    1573    5.613480  1.6945E-01
    1574    5.614570  1.6742E-01
    1575    5.615660  1.6530E-01
    1576    5.616750  1.6309E-01
    1577    5.617840  1.6081E-01
    1578    5.618930  1.5848E-01
    1579    5.620020  1.5610E-01
    1580    5.621110  1.5368E-01
    1581    5.622200  1.5125E-01
    1582    5.623290  1.4880E-01
    1583    5.624380  1.4637E-01
    1584    5.625470  1.4395E-01
    1585    5.626560  1.4157E-01
    1586    5.627650  1.3923E-01
    1587    5.628740  1.3695E-01
    1588    5.629830  1.3473E-01
    1589    5.630920  1.3259E-01
    1590    5.632010  1.3053E-01
    1591    5.633100  1.2857E-01
    1592    5.634190  1.2671E-01
    1593    5.635280  1.2496E-01
    1594    5.636370  1.2333E-01
    1595    5.637460  1.2182E-01
    1596    5.638550  1.2042E-01
    1597    5.639640  1.1916E-01
    1598    5.640730  1.1802E-01
    1599    5.641820  1.1701E-01
    1600    5.642910  1.1613E-01
    1601    5.644000  1.1537E-01
    1602    5.645090  1.1474E-01
    1603    5.646180  1.1423E-01
    1604    5.647270  1.1384E-01
    1605    5.648360  1.1355E-01
    1606    5.649450  1.1337E-01
    1607    5.650540  1.1329E-01
    1608    5.651630  1.1330E-01
    1609    5.652720  1.1339E-01
    1610    5.653810  1.1356E-01
    1611    5.654900  1.1380E-01
    1612    5.655990  1.1409E-01
    1613    5.657080  1.1444E-01
    1614    5.658170  1.1482E-01
    1615    5.659260  1.1523E-01
    1616    5.660350  1.1567E-01
    1617    5.661440  1.1611E-01
    1618    5.662530  1.1656E-01
    1619    5.663620  1.1700E-01
    1620    5.664710  1.1743E-01
    1621    5.665800  1.1783E-01
    1622    5.666890  1.1820E-01
    1623    5.667980  1.1853E-01
    1624    5.669070  1.1881E-01
    1625    5.670160  1.1904E-01
    1626    5.671250  1.1921E-01
    1627    5.672340  1.1932E-01
    1628    5.673430  1.1935E-01
    1629    5.674520  1.1931E-01
    1630    5.675610  1.1918E-01
    1631    5.676700  1.1897E-01
    1632    5.677790  1.1868E-01
    1633    5.678880  1.1829E-01
    1634    5.679970  1.1781E-01
    1635    5.681060  1.1724E-01
    1636    5.682150  1.1657E-01
    1637    5.683240  1.1581E-01
    1638    5.684330  1.1494E-01
    1639    5.685420  1.1399E-01
    1640    5.686510  1.1293E-01
    1641    5.687600  1.1178E-01
    1642    5.688690  1.1054E-01
    1643    5.689780  1.0920E-01
    1644    5.690870  1.0778E-01
    1645    5.691960  1.0627E-01
    1646    5.693050  1.0467E-01
    1647    5.694140  1.0300E-01
    1648    5.695230  1.0125E-01
    1649    5.696320  9.9423E-02
    1650    5.697410  9.7530E-02
    1651    5.698500  9.5572E-02
    1652    5.699590  9.3556E-02
    1653    5.700680  9.1486E-02
    1654    5.701770  8.9367E-02
    1655    5.702860  8.7205E-02
    1656    5.703950  8.5006E-02
    1657    5.705040  8.2775E-02
    1658    5.706130  8.0520E-02
    1659    5.707220  7.8244E-02
    1660    5.708310  7.5956E-02
    1661    5.709400  7.3661E-02
    1662    5.710490  7.1366E-02
    1663    5.711580  6.9076E-02
    1664    5.712670  6.6798E-02
    1665    5.713760  6.4539E-02
    1666    5.714850  6.2303E-02
    1667    5.715940  6.0098E-02
    1668    5.717030  5.7929E-02
    1669    5.718120  5.5802E-02
    1670    5.719210  5.3722E-02
    1671    5.720300  5.1694E-02
    1672    5.721390  4.9724E-02
    1673    5.722480  4.7817E-02
    1674    5.723570  4.5977E-02
    1675    5.724660  4.4208E-02
    1676    5.725750  4.2516E-02
    1677    5.726840  4.0904E-02
    1678    5.727930  3.9375E-02
    1679    5.729020  3.7934E-02
    1680    5.730110  3.6583E-02
    1681    5.731200  3.5326E-02
    1682    5.732290  3.4166E-02
    1683    5.733380  3.3105E-02
    1684    5.734470  3.2147E-02
    1685    5.735560  3.1293E-02
    1686    5.736650  3.0546E-02
    1687    5.737740  2.9908E-02
    1688    5.738830  2.9381E-02
    1689    5.739920  2.8966E-02
    1690    5.741010  2.8666E-02
    1691    5.742100  2.8481E-02
    1692    5.743190  2.8414E-02
    1693    5.744280  2.8465E-02
    1694    5.745370  2.8635E-02
    1695    5.746460  2.8925E-02
    1696    5.747550  2.9335E-02
    1697    5.748640  2.9866E-02
    1698    5.749730  3.0518E-02
    1699    5.750820  3.1291E-02
    1700    5.751910  3.2183E-02
    1701    5.753000  3.3194E-02
    1702    5.754090  3.4322E-02
    1703    5.755180  3.5566E-02
    1704    5.756270  3.6923E-02
    1705    5.757360  3.8390E-02
    1706    5.758450  3.9965E-02
    1707    5.759540  4.1642E-02
    1708    5.760630  4.3418E-02
    1709    5.761720  4.5287E-02
    1710    5.762810  4.7244E-02
    1711    5.763900  4.9283E-02
    1712    5.764990  5.1396E-02
    1713    5.766080  5.3576E-02
    1714    5.767170  5.5815E-02
    1715    5.768260  5.8104E-02
    1716    5.769350  6.0434E-02
    1717    5.770440  6.2794E-02
    1718    5.771530  6.5176E-02
    1719    5.772620  6.7567E-02
    1720    5.773710  6.9958E-02
    1721    5.774800  7.2336E-02
    1722    5.775890  7.4690E-02
    1723    5.776980  7.7009E-02
    1724    5.778070  7.9280E-02
    1725    5.779160  8.1493E-02
    1726    5.780250  8.3634E-02
    1727    5.781340  8.5694E-02
    1728    5.782430  8.7661E-02
    1729    5.783520  8.9524E-02
    1730    5.784610  9.1273E-02
    1731    5.785700  9.2900E-02
    1732    5.786790  9.4394E-02
    1733    5.787880  9.5749E-02
    1734    5.788970  9.6956E-02
    1735    5.790060  9.8010E-02
    1736    5.791150  9.8905E-02
    1737    5.792240  9.9638E-02
    1738    5.793330  1.0020E-01
    1739    5.794420  1.0060E-01
    1740    5.795510  1.0083E-01
    1741    5.796600  1.0089E-01
    1742    5.797690  1.0078E-01
    1743    5.798780  1.0051E-01
    1744    5.799870  1.0007E-01
    1745    5.800960  9.9476E-02
    1746    5.802050  9.8729E-02
    1747    5.803140  9.7835E-02
    1748    5.804230  9.6803E-02
    1749    5.805320  9.5638E-02
    1750    5.806410  9.4351E-02
    1751    5.807500  9.2950E-02
    1752    5.808590  9.1444E-02
    1753    5.809680  8.9844E-02
    1754    5.810770  8.8160E-02
    1755    5.811860  8.6401E-02
    1756    5.812950  8.4579E-02
    1757    5.814040  8.2704E-02
    1758    5.815130  8.0786E-02
    1759    5.816220  7.8835E-02
    1760    5.817310  7.6860E-02
    1761    5.818400  7.4872E-02
    1762    5.819490  7.2878E-02
    1763    5.820580  7.0888E-02
    1764    5.821670  6.8909E-02
    1765    5.822760  6.6947E-02
    1766    5.823850  6.5010E-02
    1767    5.824940  6.3104E-02
    1768    5.826030  6.1232E-02
    1769    5.827120  5.9400E-02
    1770    5.828210  5.7611E-02
    1771    5.829300  5.5868E-02
    1772    5.830390  5.4173E-02
    1773    5.831480  5.2528E-02
    1774    5.832570  5.0933E-02
    1775    5.833660  4.9389E-02
    1776    5.834750  4.7895E-02
    1777    5.835840  4.6451E-02
    1778    5.836930  4.5056E-02
    1779    5.838020  4.3708E-02
    1780    5.839110  4.2405E-02
    1781    5.840200  4.1146E-02
    1782    5.841290  3.9927E-02
    1783    5.842380  3.8747E-02
    1784    5.843470  3.7602E-02
    1785    5.844560  3.6491E-02
    1786    5.845650  3.5410E-02
    1787    5.846740  3.4358E-02
    1788    5.847830  3.3331E-02
    1789    5.848920  3.2328E-02
    1790    5.850010  3.1347E-02
    1791    5.851100  3.0385E-02
    1792    5.852190  2.9441E-02
    1793    5.853280  2.8514E-02
    1794    5.854370  2.7603E-02
    1795    5.855460  2.6705E-02
    1796    5.856550  2.5822E-02
    1797    5.857640  2.4952E-02
    1798    5.858730  2.4096E-02
    1799    5.859820  2.3253E-02
    1800    5.860910  2.2423E-02
    1801    5.862000  2.1608E-02
    1802    5.863090  2.0807E-02
    1803    5.864180  2.0022E-02
    1804    5.865270  1.9254E-02
    1805    5.866360  1.8503E-02
    1806    5.867450  1.7770E-02
    1807    5.868540  1.7057E-02
    1808    5.869630  1.6365E-02
    1809    5.870720  1.5695E-02
    1810    5.871810  1.5048E-02
    1811    5.872900  1.4425E-02
    1812    5.873990  1.3827E-02
    1813    5.875080  1.3256E-02
    1814    5.876170  1.2710E-02
    1815    5.877260  1.2193E-02
    1816    5.878350  1.1703E-02
    1817    5.879440  1.1241E-02
    1818    5.880530  1.0808E-02
    1819    5.881620  1.0403E-02
    1820    5.882710  1.0027E-02
    1821    5.883800  9.6792E-03
    1822    5.884890  9.3589E-03
    1823    5.885980  9.0657E-03
    1824    5.887070  8.7990E-03
    1825    5.888160  8.5580E-03
    1826    5.889250  8.3416E-03
    1827    5.890340  8.1487E-03
    1828    5.891430  7.9783E-03
    1829    5.892520  7.8291E-03
    1830    5.893610  7.6996E-03
    1831    5.894700  7.5887E-03
    1832    5.895790  7.4948E-03
    1833    5.896880  7.4164E-03
    1834    5.897970  7.3523E-03
    1835    5.899060  7.3008E-03
    1836    5.900150  7.2607E-03
    1837    5.901240  7.2305E-03
    1838    5.902330  7.2089E-03
    1839    5.903420  7.1947E-03
    1840    5.904510  7.1866E-03
    1841    5.905600  7.1835E-03
    1842    5.906690  7.1844E-03
    1843    5.907780  7.1885E-03
    1844    5.908870  7.1948E-03
    1845    5.909960  7.2026E-03
    1846    5.911050  7.2114E-03
    1847    5.912140  7.2205E-03
    1848    5.913230  7.2297E-03
    1849    5.914320  7.2386E-03
    1850    5.915410  7.2471E-03
    1851    5.916500  7.2549E-03
    1852    5.917590  7.2621E-03
    1853    5.918680  7.2689E-03
    1854    5.919770  7.2752E-03
    1855    5.920860  7.2814E-03
    1856    5.921950  7.2877E-03
    1857    5.923040  7.2944E-03
    1858    5.924130  7.3018E-03
    1859    5.925220  7.3105E-03
    1860    5.926310  7.3207E-03
    1861    5.927400  7.3329E-03
    1862    5.928490  7.3476E-03
    1863    5.929580  7.3650E-03
    1864    5.930670  7.3858E-03
    1865    5.931760  7.4101E-03
    1866    5.932850  7.4385E-03
    1867    5.933940  7.4713E-03
    1868    5.935030  7.5087E-03
    1869    5.936120  7.5511E-03
    1870    5.937210  7.5987E-03
    1871    5.938300  7.6517E-03
    1872    5.939390  7.7103E-03
    1873    5.940480  7.7748E-03
    1874    5.941570  7.8452E-03
    1875    5.942660  7.9216E-03
    1876    5.943750  8.0042E-03
    1877    5.944840  8.0931E-03
    1878    5.945930  8.1883E-03
    1879    5.947020  8.2900E-03
    1880    5.948110  8.3982E-03
    1881    5.949200  8.5131E-03
    1882    5.950290  8.6348E-03
    1883    5.951380  8.7635E-03
    1884    5.952470  8.8994E-03
    1885    5.953560  9.0427E-03
    1886    5.954650  9.1936E-03
    1887    5.955740  9.3526E-03
    1888    5.956830  9.5199E-03
    1889    5.957920  9.6960E-03
    1890    5.959010  9.8812E-03
    1891    5.960100  1.0076E-02
    1892    5.961190  1.0281E-02
    1893    5.962280  1.0497E-02
    1894    5.963370  1.0724E-02
    1895    5.964460  1.0963E-02
    1896    5.965550  1.1214E-02
    1897    5.966640  1.1479E-02
    1898    5.967730  1.1757E-02
    1899    5.968820  1.2049E-02
    1900    5.969910  1.2356E-02
    1901    5.971000  1.2678E-02
    1902    5.972090  1.3016E-02
    1903    5.973180  1.3369E-02
    1904    5.974270  1.3739E-02
    1905    5.975360  1.4125E-02
    1906    5.976450  1.4528E-02
    1907    5.977540  1.4947E-02
    1908    5.978630  1.5383E-02
    1909    5.979720  1.5834E-02
    1910    5.980810  1.6301E-02
    1911    5.981900  1.6783E-02
    1912    5.982990  1.7279E-02
    1913    5.984080  1.7789E-02
    1914    5.985170  1.8311E-02
    1915    5.986260  1.8844E-02
    1916    5.987350  1.9387E-02
    1917    5.988440  1.9938E-02
    1918    5.989530  2.0497E-02
    1919    5.990620  2.1060E-02
    1920    5.991710  2.1626E-02
    1921    5.992800  2.2194E-02
    1922    5.993890  2.2760E-02
    1923    5.994980  2.3324E-02
    1924    5.996070  2.3881E-02
    1925    5.997160  2.4431E-02
    1926    5.998250  2.4971E-02
    1927    5.999340  2.5498E-02
    1928    6.000430  2.6010E-02
    1929    6.001520  2.6505E-02
    1930    6.002610  2.6979E-02
    1931    6.003700  2.7431E-02
    1932    6.004790  2.7858E-02
    1933    6.005880  2.8258E-02
    1934    6.006970  2.8629E-02
    1935    6.008060  2.8968E-02
    1936    6.009150  2.9274E-02
    1937    6.010240  2.9544E-02
    1938    6.011330  2.9778E-02
    1939    6.012420  2.9973E-02
    1940    6.013510  3.0128E-02
    1941    6.014600  3.0243E-02
    1942    6.015690  3.0316E-02
    1943    6.016780  3.0346E-02
    1944    6.017870  3.0333E-02
    1945    6.018960  3.0278E-02
    1946    6.020050  3.0179E-02
    1947    6.021140  3.0038E-02
    1948    6.022230  2.9854E-02
    1949    6.023320  2.9629E-02
    1950    6.024410  2.9364E-02
    1951    6.025500  2.9059E-02
    1952    6.026590  2.8717E-02
    1953    6.027680  2.8340E-02
    1954    6.028770  2.7929E-02
    1955    6.029860  2.7487E-02
    1956    6.030950  2.7016E-02
    1957    6.032040  2.6519E-02
    1958    6.033130  2.5998E-02
    1959    6.034220  2.5457E-02
    1960    6.035310  2.4899E-02
    1961    6.036400  2.4327E-02
    1962    6.037490  2.3745E-02
    1963    6.038580  2.3155E-02
    1964    6.039670  2.2561E-02
    1965    6.040760  2.1967E-02
    1966    6.041850  2.1376E-02
    1967    6.042940  2.0791E-02
    1968    6.044030  2.0217E-02
    1969    6.045120  1.9655E-02
    1970    6.046210  1.9110E-02
    1971    6.047300  1.8585E-02
    1972    6.048390  1.8081E-02
    1973    6.049480  1.7603E-02
    1974    6.050570  1.7153E-02
    1975    6.051660  1.6732E-02
    1976    6.052750  1.6343E-02
    1977    6.053840  1.5988E-02
    1978    6.054930  1.5669E-02
    1979    6.056020  1.5387E-02
    1980    6.057110  1.5142E-02
    1981    6.058200  1.4937E-02
    1982    6.059290  1.4771E-02
    1983    6.060380  1.4644E-02
    1984    6.061470  1.4558E-02
    1985    6.062560  1.4511E-02
    1986    6.063650  1.4503E-02
    1987    6.064740  1.4534E-02
    1988    6.065830  1.4602E-02
    1989    6.066920  1.4707E-02
    1990    6.068010  1.4847E-02
    1991    6.069100  1.5021E-02
    1992    6.070190  1.5227E-02
    1993    6.071280  1.5463E-02
    1994    6.072370  1.5729E-02
    1995    6.073460  1.6021E-02
    1996    6.074550  1.6338E-02
    1997    6.075640  1.6678E-02
    1998    6.076730  1.7039E-02
    1999    6.077820  1.7418E-02
    2000    6.078910  1.7815E-02
    2001    6.080000  1.8227E-02
    2002    6.081090  1.8651E-02
    2003    6.082180  1.9088E-02
    2004    6.083270  1.9534E-02
    2005    6.084360  1.9988E-02
    2006    6.085450  2.0450E-02
    2007    6.086540  2.0916E-02
    2008    6.087630  2.1387E-02
    2009    6.088720  2.1862E-02
    2010    6.089810  2.2338E-02
    2011    6.090900  2.2817E-02
    2012    6.091990  2.3296E-02
    2013    6.093080  2.3775E-02
    2014    6.094170  2.4254E-02
    2015    6.095260  2.4732E-02
    2016    6.096350  2.5209E-02
    2017    6.097440  2.5684E-02
    2018    6.098530  2.6158E-02
    2019    6.099620  2.6630E-02
    2020    6.100710  2.7099E-02
    2021    6.101800  2.7566E-02
    2022    6.102890  2.8030E-02
    2023    6.103980  2.8491E-02
    2024    6.105070  2.8947E-02
    2025    6.106160  2.9399E-02
    2026    6.107250  2.9846E-02
    2027    6.108340  3.0287E-02
    2028    6.109430  3.0721E-02
    2029    6.110520  3.1147E-02
    2030    6.111610  3.1564E-02
    2031    6.112700  3.1970E-02
    2032    6.113790  3.2365E-02
    2033    6.114880  3.2747E-02
    2034    6.115970  3.3114E-02
    2035    6.117060  3.3464E-02
    2036    6.118150  3.3797E-02
    2037    6.119240  3.4110E-02
    2038    6.120330  3.4401E-02
    2039    6.121420  3.4670E-02
    2040    6.122510  3.4914E-02
    2041    6.123600  3.5132E-02
    2042    6.124690  3.5323E-02
    2043    6.125780  3.5485E-02
    2044    6.126870  3.5617E-02
    2045    6.127960  3.5718E-02
    2046    6.129050  3.5788E-02
    2047    6.130140  3.5827E-02
    2048    6.131230  3.5833E-02
    2049    6.132320  3.5808E-02
    2050    6.133410  3.5752E-02
    2051    6.134500  3.5666E-02
    2052    6.135590  3.5551E-02
    2053    6.136680  3.5408E-02
    2054    6.137770  3.5240E-02
    2055    6.138860  3.5049E-02
    2056    6.139950  3.4837E-02
    2057    6.141040  3.4608E-02
    2058    6.142130  3.4364E-02
    2059    6.143220  3.4110E-02
    2060    6.144310  3.3850E-02
    2061    6.145400  3.3588E-02
    2062    6.146490  3.3329E-02
    2063    6.147580  3.3077E-02
    2064    6.148670  3.2838E-02
    2065    6.149760  3.2617E-02
    2066    6.150850  3.2421E-02
    2067    6.151940  3.2253E-02
    2068    6.153030  3.2121E-02
    2069    6.154120  3.2030E-02
    2070    6.155210  3.1987E-02
    2071    6.156300  3.1997E-02
    2072    6.157390  3.2066E-02
    2073    6.158480  3.2200E-02
    2074    6.159570  3.2405E-02
    2075    6.160660  3.2688E-02
    2076    6.161750  3.3053E-02
    2077    6.162840  3.3506E-02
    2078    6.163930  3.4053E-02
    2079    6.165020  3.4698E-02
    2080    6.166110  3.5446E-02
    2081    6.167200  3.6302E-02
    2082    6.168290  3.7271E-02
    2083    6.169380  3.8356E-02
    2084    6.170470  3.9560E-02
    2085    6.171560  4.0888E-02
    2086    6.172650  4.2342E-02
    2087    6.173740  4.3925E-02
    2088    6.174830  4.5639E-02
    2089    6.175920  4.7486E-02
    2090    6.177010  4.9467E-02
    2091    6.178100  5.1584E-02
    2092    6.179190  5.3838E-02
    2093    6.180280  5.6228E-02
    2094    6.181370  5.8754E-02
    2095    6.182460  6.1417E-02
    2096    6.183550  6.4215E-02
    2097    6.184640  6.7148E-02
    2098    6.185730  7.0214E-02
    2099    6.186820  7.3412E-02
    2100    6.187910  7.6739E-02
    2101    6.189000  8.0193E-02
    2102    6.190090  8.3772E-02
    2103    6.191180  8.7472E-02
    2104    6.192270  9.1292E-02
    2105    6.193360  9.5227E-02
    2106    6.194450  9.9275E-02
    2107    6.195540  1.0343E-01
    2108    6.196630  1.0769E-01
    2109    6.197720  1.1206E-01
    2110    6.198810  1.1652E-01
    2111    6.199900  1.2107E-01
    2112    6.200990  1.2571E-01
    2113    6.202080  1.3044E-01
    2114    6.203170  1.3525E-01
    2115    6.204260  1.4014E-01
    2116    6.205350  1.4509E-01
    2117    6.206440  1.5012E-01
    2118    6.207530  1.5521E-01
    2119    6.208620  1.6036E-01
    2120    6.209710  1.6556E-01
    2121    6.210800  1.7081E-01
    2122    6.211890  1.7610E-01
    2123    6.212980  1.8143E-01
    2124    6.214070  1.8680E-01
    2125    6.215160  1.9219E-01
    2126    6.216250  1.9761E-01
    2127    6.217340  2.0305E-01
    2128    6.218430  2.0849E-01
    2129    6.219520  2.1395E-01
    2130    6.220610  2.1940E-01
    2131    6.221700  2.2485E-01
    2132    6.222790  2.3028E-01
    2133    6.223880  2.3570E-01
    2134    6.224970  2.4109E-01
    2135    6.226060  2.4645E-01
    2136    6.227150  2.5176E-01
    2137    6.228240  2.5704E-01
    2138    6.229330  2.6226E-01
    2139    6.230420  2.6742E-01
    2140    6.231510  2.7251E-01
    2141    6.232600  2.7753E-01
    2142    6.233690  2.8247E-01
    2143    6.234780  2.8732E-01
    2144    6.235870  2.9208E-01
    2145    6.236960  2.9674E-01
    2146    6.238050  3.0129E-01
    2147    6.239140  3.0574E-01
    2148    6.240230  3.1007E-01
    2149    6.241320  3.1428E-01
    2150    6.242410  3.1837E-01
    2151    6.243500  3.2234E-01
    2152    6.244590  3.2617E-01
    2153    6.245680  3.2988E-01
    2154    6.246770  3.3346E-01
    2155    6.247860  3.3691E-01
    2156    6.248950  3.4022E-01
    2157    6.250040  3.4341E-01
    2158    6.251130  3.4648E-01
    2159    6.252220  3.4942E-01
    2160    6.253310  3.5224E-01
    2161    6.254400  3.5494E-01
    2162    6.255490  3.5753E-01
    2163    6.256580  3.6002E-01
    2164    6.257670  3.6241E-01
    2165    6.258760  3.6470E-01
    2166    6.259850  3.6690E-01
    2167    6.260940  3.6902E-01
    2168    6.262030  3.7107E-01
    2169    6.263120  3.7305E-01
    2170    6.264210  3.7497E-01
    2171    6.265300  3.7682E-01
    2172    6.266390  3.7863E-01
    2173    6.267480  3.8039E-01
    2174    6.268570  3.8211E-01
    2175    6.269660  3.8379E-01
    2176    6.270750  3.8543E-01
    2177    6.271840  3.8704E-01
    2178    6.272930  3.8861E-01
    2179    6.274020  3.9015E-01
    2180    6.275110  3.9165E-01
    2181    6.276200  3.9311E-01
    2182    6.277290  3.9452E-01
    2183    6.278380  3.9588E-01
    2184    6.279470  3.9718E-01
    2185    6.280560  3.9841E-01
    2186    6.281650  3.9957E-01
    2187    6.282740  4.0064E-01
    2188    6.283830  4.0161E-01
    2189    6.284920  4.0246E-01
    2190    6.286010  4.0319E-01
    2191    6.287100  4.0378E-01
    2192    6.288190  4.0421E-01
    2193    6.289280  4.0446E-01
    2194    6.290370  4.0453E-01
    2195    6.291460  4.0439E-01
    2196    6.292550  4.0403E-01
    2197    6.293640  4.0344E-01
    2198    6.294730  4.0259E-01
    2199    6.295820  4.0147E-01
    2200    6.296910  4.0007E-01
    2201    6.298000  3.9838E-01
    2202    6.299090  3.9638E-01
    2203    6.300180  3.9407E-01
    2204    6.301270  3.9143E-01
    2205    6.302360  3.8845E-01
    2206    6.303450  3.8513E-01
    2207    6.304540  3.8147E-01
    2208    6.305630  3.7746E-01
    2209    6.306720  3.7311E-01
    2210    6.307810  3.6840E-01
    2211    6.308900  3.6336E-01
    2212    6.309990  3.5797E-01
    2213    6.311080  3.5226E-01
    2214    6.312170  3.4622E-01
    2215    6.313260  3.3988E-01
    2216    6.314350  3.3324E-01
    2217    6.315440  3.2632E-01
    2218    6.316530  3.1913E-01
    2219    6.317620  3.1170E-01
    2220    6.318710  3.0404E-01
    2221    6.319800  2.9617E-01
    2222    6.320890  2.8811E-01
    2223    6.321980  2.7990E-01
    2224    6.323070  2.7154E-01
    2225    6.324160  2.6306E-01
    2226    6.325250  2.5450E-01
    2227    6.326340  2.4586E-01
    2228    6.327430  2.3719E-01
    2229    6.328520  2.2849E-01
    2230    6.329610  2.1980E-01
    2231    6.330700  2.1114E-01
    2232    6.331790  2.0253E-01
    2233    6.332880  1.9399E-01
    2234    6.333970  1.8555E-01
    2235    6.335060  1.7723E-01
    2236    6.336150  1.6904E-01
    2237    6.337240  1.6100E-01
    2238    6.338330  1.5313E-01
    2239    6.339420  1.4544E-01
    2240    6.340510  1.3795E-01
    2241    6.341600  1.3067E-01
    2242    6.342690  1.2361E-01
    2243    6.343780  1.1678E-01
    2244    6.344870  1.1019E-01
    2245    6.345960  1.0384E-01
    2246    6.347050  9.7741E-02
    2247    6.348140  9.1894E-02
    2248    6.349230  8.6301E-02
    2249    6.350320  8.0964E-02
    2250    6.351410  7.5881E-02
    2251    6.352500  7.1052E-02
    2252    6.353590  6.6472E-02
    2253    6.354680  6.2139E-02
    2254    6.355770  5.8048E-02
    2255    6.356860  5.4193E-02
    2256    6.357950  5.0568E-02
    2257    6.359040  4.7165E-02
    2258    6.360130  4.3979E-02
    2259    6.361220  4.1000E-02
    2260    6.362310  3.8220E-02
    2261    6.363400  3.5630E-02
    2262    6.364490  3.3222E-02
    2263    6.365580  3.0986E-02
    2264    6.366670  2.8914E-02
    2265    6.367760  2.6996E-02
    2266    6.368850  2.5223E-02
    2267    6.369940  2.3586E-02
    2268    6.371030  2.2076E-02
    2269    6.372120  2.0684E-02
    2270    6.373210  1.9403E-02
    2271    6.374300  1.8225E-02
    2272    6.375390  1.7140E-02
    2273    6.376480  1.6143E-02
    2274    6.377570  1.5226E-02
    2275    6.378660  1.4382E-02
    2276    6.379750  1.3605E-02
    2277    6.380840  1.2890E-02
    2278    6.381930  1.2230E-02
    2279    6.383020  1.1621E-02
    2280    6.384110  1.1058E-02
    2281    6.385200  1.0537E-02
    2282    6.386290  1.0054E-02
    2283    6.387380  9.6051E-03
    2284    6.388470  9.1878E-03
    2285    6.389560  8.7991E-03
    2286    6.390650  8.4365E-03
    2287    6.391740  8.0978E-03
    2288    6.392830  7.7811E-03
    2289    6.393920  7.4850E-03
    2290    6.395010  7.2081E-03
    2291    6.396100  6.9492E-03
    2292    6.397190  6.7075E-03
    2293    6.398280  6.4824E-03
    2294    6.399370  6.2732E-03
    2295    6.400460  6.0797E-03
    2296    6.401550  5.9016E-03
    2297    6.402640  5.7389E-03
    2298    6.403730  5.5915E-03
    2299    6.404820  5.4595E-03
    2300    6.405910  5.3430E-03
    2301    6.407000  5.2423E-03
    2302    6.408090  5.1576E-03
    2303    6.409180  5.0891E-03
    2304    6.410270  5.0370E-03
    2305    6.411360  5.0017E-03
    2306    6.412450  4.9834E-03
    2307    6.413540  4.9822E-03
    2308    6.414630  4.9982E-03
    2309    6.415720  5.0317E-03
    2310    6.416810  5.0825E-03
    2311    6.417900  5.1508E-03
    2312    6.418990  5.2363E-03
    2313    6.420080  5.3390E-03
    2314    6.421170  5.4584E-03
    2315    6.422260  5.5943E-03
    2316    6.423350  5.7461E-03
    2317    6.424440  5.9134E-03
    2318    6.425530  6.0953E-03
    2319    6.426620  6.2913E-03
    2320    6.427710  6.5003E-03
    2321    6.428800  6.7214E-03
    2322    6.429890  6.9535E-03
    2323    6.430980  7.1956E-03
    2324    6.432070  7.4463E-03
    2325    6.433160  7.7042E-03
    2326    6.434250  7.9681E-03
    2327    6.435340  8.2363E-03
    2328    6.436430  8.5074E-03
    2329    6.437520  8.7798E-03
    2330    6.438610  9.0518E-03
    2331    6.439700  9.3217E-03
    2332    6.440790  9.5880E-03
    2333    6.441880  9.8488E-03
    2334    6.442970  1.0103E-02
    2335    6.444060  1.0348E-02
    2336    6.445150  1.0582E-02
    2337    6.446240  1.0805E-02
    2338    6.447330  1.1014E-02
    2339    6.448420  1.1209E-02
    2340    6.449510  1.1387E-02
    2341    6.450600  1.1548E-02
    2342    6.451690  1.1690E-02
    2343    6.452780  1.1812E-02
    2344    6.453870  1.1914E-02
    2345    6.454960  1.1995E-02
    2346    6.456050  1.2054E-02
    2347    6.457140  1.2090E-02
    2348    6.458230  1.2104E-02
    2349    6.459320  1.2095E-02
    2350    6.460410  1.2064E-02
    2351    6.461500  1.2010E-02
    2352    6.462590  1.1934E-02
    2353    6.463680  1.1836E-02
    2354    6.464770  1.1718E-02
    2355    6.465860  1.1580E-02
    2356    6.466950  1.1422E-02
    2357    6.468040  1.1247E-02
    2358    6.469130  1.1055E-02
    2359    6.470220  1.0848E-02
    2360    6.471310  1.0628E-02
    2361    6.472400  1.0395E-02
    2362    6.473490  1.0151E-02
    2363    6.474580  9.8990E-03
    2364    6.475670  9.6396E-03
    2365    6.476760  9.3749E-03
    2366    6.477850  9.1068E-03
    2367    6.478940  8.8370E-03
    2368    6.480030  8.5674E-03
    2369    6.481120  8.2997E-03
    2370    6.482210  8.0358E-03
    2371    6.483300  7.7772E-03
    2372    6.484390  7.5256E-03
    2373    6.485480  7.2827E-03
    2374    6.486570  7.0498E-03
    2375    6.487660  6.8284E-03
    2376    6.488750  6.6197E-03
    2377    6.489840  6.4249E-03
    2378    6.490930  6.2450E-03
    2379    6.492020  6.0810E-03
    2380    6.493110  5.9337E-03
    2381    6.494200  5.8036E-03
    2382    6.495290  5.6913E-03
    2383    6.496380  5.5972E-03
    2384    6.497470  5.5215E-03
    2385    6.498560  5.4642E-03
    2386    6.499650  5.4254E-03
    2387    6.500740  5.4047E-03
    2388    6.501830  5.4020E-03
    2389    6.502920  5.4166E-03
    2390    6.504010  5.4481E-03
    2391    6.505100  5.4956E-03
    2392    6.506190  5.5584E-03
    2393    6.507280  5.6354E-03
    2394    6.508370  5.7257E-03
    2395    6.509460  5.8281E-03
    2396    6.510550  5.9413E-03
    2397    6.511640  6.0641E-03
    2398    6.512730  6.1950E-03
    2399    6.513820  6.3327E-03
    2400    6.514910  6.4756E-03
    2401    6.516000  6.6222E-03
    2402    6.517090  6.7711E-03
    2403    6.518180  6.9207E-03
    2404    6.519270  7.0695E-03
    2405    6.520360  7.2159E-03
    2406    6.521450  7.3585E-03
    2407    6.522540  7.4959E-03
    2408    6.523630  7.6266E-03
    2409    6.524720  7.7494E-03
    2410    6.525810  7.8630E-03
    2411    6.526900  7.9663E-03
    2412    6.527990  8.0583E-03
    2413    6.529080  8.1379E-03
    2414    6.530170  8.2044E-03
    2415    6.531260  8.2570E-03
    2416    6.532350  8.2952E-03
    2417    6.533440  8.3185E-03
    2418    6.534530  8.3266E-03
    2419    6.535620  8.3193E-03
    2420    6.536710  8.2966E-03
    2421    6.537800  8.2585E-03
    2422    6.538890  8.2054E-03
    2423    6.539980  8.1375E-03
    2424    6.541070  8.0554E-03
    2425    6.542160  7.9596E-03
    2426    6.543250  7.8510E-03
    2427    6.544340  7.7302E-03
    2428    6.545430  7.5983E-03
    2429    6.546520  7.4562E-03
    2430    6.547610  7.3051E-03
    2431    6.548700  7.1461E-03
    2432    6.549790  6.9804E-03
    2433    6.550880  6.8093E-03
    2434    6.551970  6.6341E-03
    2435    6.553060  6.4561E-03
    2436    6.554150  6.2765E-03
    2437    6.555240  6.0968E-03
    2438    6.556330  5.9182E-03
    2439    6.557420  5.7419E-03
    2440    6.558510  5.5692E-03
    2441    6.559600  5.4013E-03
    2442    6.560690  5.2393E-03
    2443    6.561780  5.0842E-03
    2444    6.562870  4.9370E-03
    2445    6.563960  4.7985E-03
    2446    6.565050  4.6697E-03
    2447    6.566140  4.5512E-03
    2448    6.567230  4.4436E-03
    2449    6.568320  4.3475E-03
    2450    6.569410  4.2632E-03
    2451    6.570500  4.1909E-03
    2452    6.571590  4.1311E-03
    2453    6.572680  4.0836E-03
    2454    6.573770  4.0485E-03
    2455    6.574860  4.0256E-03
    2456    6.575950  4.0148E-03
    2457    6.577040  4.0157E-03
    2458    6.578130  4.0279E-03
    2459    6.579220  4.0510E-03
    2460    6.580310  4.0842E-03
    2461    6.581400  4.1271E-03
    2462    6.582490  4.1788E-03
    2463    6.583580  4.2386E-03
    2464    6.584670  4.3057E-03
    2465    6.585760  4.3791E-03
    2466    6.586850  4.4580E-03
    2467    6.587940  4.5415E-03
    2468    6.589030  4.6285E-03
    2469    6.590120  4.7182E-03
    2470    6.591210  4.8095E-03
    2471    6.592300  4.9015E-03
    2472    6.593390  4.9933E-03
    2473    6.594480  5.0840E-03
    2474    6.595570  5.1727E-03
    2475    6.596660  5.2586E-03
    2476    6.597750  5.3409E-03
    2477    6.598840  5.4189E-03
    2478    6.599930  5.4920E-03
    2479    6.601020  5.5596E-03
    2480    6.602110  5.6211E-03
    2481    6.603200  5.6762E-03
    2482    6.604290  5.7245E-03
    2483    6.605380  5.7657E-03
    2484    6.606470  5.7998E-03
    2485    6.607560  5.8266E-03
    2486    6.608650  5.8460E-03
    2487    6.609740  5.8583E-03
    2488    6.610830  5.8636E-03
    2489    6.611920  5.8622E-03
    2490    6.613010  5.8543E-03
    2491    6.614100  5.8404E-03
    2492    6.615190  5.8210E-03
    2493    6.616280  5.7967E-03
    2494    6.617370  5.7679E-03
    2495    6.618460  5.7355E-03
    2496    6.619550  5.7001E-03
    2497    6.620640  5.6624E-03
    2498    6.621730  5.6232E-03
    2499    6.622820  5.5833E-03
    2500    6.623910  5.5435E-03
    2501    6.625000  5.5047E-03
    2502    6.626090  5.4677E-03
    2503    6.627180  5.4333E-03
    2504    6.628270  5.4024E-03
    2505    6.629360  5.3758E-03
    2506    6.630450  5.3543E-03
    2507    6.631540  5.3387E-03
    2508    6.632630  5.3298E-03
    2509    6.633720  5.3283E-03
    2510    6.634810  5.3351E-03
    2511    6.635900  5.3507E-03
    2512    6.636990  5.3759E-03
    2513    6.638080  5.4114E-03
    2514    6.639170  5.4578E-03
    2515    6.640260  5.5158E-03
    2516    6.641350  5.5858E-03
    2517    6.642440  5.6685E-03
    2518    6.643530  5.7645E-03
    2519    6.644620  5.8743E-03
    2520    6.645710  5.9983E-03
    2521    6.646800  6.1372E-03
    2522    6.647890  6.2913E-03
    2523    6.648980  6.4612E-03
    2524    6.650070  6.6474E-03
    2525    6.651160  6.8502E-03
    2526    6.652250  7.0701E-03
    2527    6.653340  7.3076E-03
    2528    6.654430  7.5630E-03
    2529    6.655520  7.8368E-03
    2530    6.656610  8.1294E-03
    2531    6.657700  8.4411E-03
    2532    6.658790  8.7724E-03
    2533    6.659880  9.1235E-03
    2534    6.660970  9.4950E-03
    2535    6.662060  9.8870E-03
    2536    6.663150  1.0300E-02
    2537    6.664240  1.0734E-02
    2538    6.665330  1.1190E-02
    2539    6.666420  1.1668E-02
    2540    6.667510  1.2169E-02
    2541    6.668600  1.2692E-02
    2542    6.669690  1.3239E-02
    2543    6.670780  1.3810E-02
    2544    6.671870  1.4405E-02
    2545    6.672960  1.5025E-02
    2546    6.674050  1.5670E-02
    2547    6.675140  1.6342E-02
    2548    6.676230  1.7042E-02
    2549    6.677320  1.7770E-02
    2550    6.678410  1.8527E-02
    2551    6.679500  1.9315E-02
    2552    6.680590  2.0136E-02
    2553    6.681680  2.0990E-02
    2554    6.682770  2.1881E-02
    2555    6.683860  2.2808E-02
    2556    6.684950  2.3776E-02
    2557    6.686040  2.4787E-02
    2558    6.687130  2.5842E-02
    2559    6.688220  2.6945E-02
    2560    6.689310  2.8098E-02
    2561    6.690400  2.9306E-02
    2562    6.691490  3.0571E-02
    2563    6.692580  3.1896E-02
    2564    6.693670  3.3286E-02
    2565    6.694760  3.4744E-02
    2566    6.695850  3.6273E-02
    2567    6.696940  3.7878E-02
    2568    6.698030  3.9561E-02
    2569    6.699120  4.1327E-02
    2570    6.700210  4.3179E-02
    2571    6.701300  4.5120E-02
    2572    6.702390  4.7152E-02
    2573    6.703480  4.9280E-02
    2574    6.704570  5.1504E-02
    2575    6.705660  5.3827E-02
    2576    6.706750  5.6250E-02
    2577    6.707840  5.8773E-02
    2578    6.708930  6.1397E-02
    2579    6.710020  6.4121E-02
    2580    6.711110  6.6944E-02
    2581    6.712200  6.9862E-02
    2582    6.713290  7.2875E-02
    2583    6.714380  7.5976E-02
    2584    6.715470  7.9163E-02
    2585    6.716560  8.2428E-02
    2586    6.717650  8.5767E-02
    2587    6.718740  8.9170E-02
    2588    6.719830  9.2630E-02
    2589    6.720920  9.6138E-02
    2590    6.722010  9.9683E-02
    2591    6.723100  1.0325E-01
    2592    6.724190  1.0684E-01
    2593    6.725280  1.1043E-01
    2594    6.726370  1.1401E-01
    2595    6.727460  1.1757E-01
    2596    6.728550  1.2108E-01
    2597    6.729640  1.2455E-01
    2598    6.730730  1.2795E-01
    2599    6.731820  1.3127E-01
    2600    6.732910  1.3450E-01
    2601    6.734000  1.3761E-01
    2602    6.735090  1.4060E-01
    2603    6.736180  1.4345E-01
    2604    6.737270  1.4615E-01
    2605    6.738360  1.4869E-01
    2606    6.739450  1.5104E-01
    2607    6.740540  1.5321E-01
    2608    6.741630  1.5518E-01
    2609    6.742720  1.5695E-01
    2610    6.743810  1.5849E-01
    2611    6.744900  1.5981E-01
    2612    6.745990  1.6090E-01
    2613    6.747080  1.6175E-01
    2614    6.748170  1.6236E-01
    2615    6.749260  1.6273E-01
    2616    6.750350  1.6286E-01
    2617    6.751440  1.6275E-01
    2618    6.752530  1.6239E-01
    2619    6.753620  1.6181E-01
    2620    6.754710  1.6099E-01
    2621    6.755800  1.5994E-01
    2622    6.756890  1.5868E-01
    2623    6.757980  1.5721E-01
    2624    6.759070  1.5554E-01
    2625    6.760160  1.5368E-01
    2626    6.761250  1.5165E-01
    2627    6.762340  1.4945E-01
    2628    6.763430  1.4711E-01
    2629    6.764520  1.4463E-01
    2630    6.765610  1.4203E-01
    2631    6.766700  1.3933E-01
    2632    6.767790  1.3654E-01
    2633    6.768880  1.3368E-01
    2634    6.769970  1.3076E-01
    2635    6.771060  1.2780E-01
    2636    6.772150  1.2482E-01
    2637    6.773240  1.2183E-01
    2638    6.774330  1.1885E-01
    2639    6.775420  1.1588E-01
    2640    6.776510  1.1295E-01
    2641    6.777600  1.1007E-01
    2642    6.778690  1.0725E-01
    2643    6.779780  1.0450E-01
    2644    6.780870  1.0182E-01
    2645    6.781960  9.9243E-02
    2646    6.783050  9.6761E-02
    2647    6.784140  9.4384E-02
    2648    6.785230  9.2118E-02
    2649    6.786320  8.9968E-02
    2650    6.787410  8.7938E-02
    2651    6.788500  8.6031E-02
    2652    6.789590  8.4246E-02
    2653    6.790680  8.2585E-02
    2654    6.791770  8.1047E-02
    2655    6.792860  7.9630E-02
    2656    6.793950  7.8332E-02
    2657    6.795040  7.7149E-02
    2658    6.796130  7.6076E-02
    2659    6.797220  7.5110E-02
    2660    6.798310  7.4244E-02
    2661    6.799400  7.3472E-02
    2662    6.800490  7.2787E-02
    2663    6.801580  7.2184E-02
    2664    6.802670  7.1655E-02
    2665    6.803760  7.1192E-02
    2666    6.804850  7.0789E-02
    2667    6.805940  7.0438E-02
    2668    6.807030  7.0132E-02
    2669    6.808120  6.9863E-02
    2670    6.809210  6.9625E-02
    2671    6.810300  6.9411E-02
    2672    6.811390  6.9215E-02
    2673    6.812480  6.9031E-02
    2674    6.813570  6.8853E-02
    2675    6.814660  6.8676E-02
    2676    6.815750  6.8496E-02
    2677    6.816840  6.8308E-02
    2678    6.817930  6.8109E-02
    2679    6.819020  6.7896E-02
    2680    6.820110  6.7666E-02
    2681    6.821200  6.7417E-02
    2682    6.822290  6.7148E-02
    2683    6.823380  6.6858E-02
    2684    6.824470  6.6546E-02
    2685    6.825560  6.6213E-02
    2686    6.826650  6.5859E-02
    2687    6.827740  6.5485E-02
    2688    6.828830  6.5093E-02
    2689    6.829920  6.4686E-02
    2690    6.831010  6.4265E-02
    2691    6.832100  6.3834E-02
    2692    6.833190  6.3396E-02
    2693    6.834280  6.2955E-02
    2694    6.835370  6.2516E-02
    2695    6.836460  6.2082E-02
    2696    6.837550  6.1658E-02
    2697    6.838640  6.1251E-02
    2698    6.839730  6.0865E-02
    2699    6.840820  6.0506E-02
    2700    6.841910  6.0180E-02
    2701    6.843000  5.9894E-02
    2702    6.844090  5.9653E-02
    2703    6.845180  5.9464E-02
    2704    6.846270  5.9333E-02
    2705    6.847360  5.9268E-02
    2706    6.848450  5.9274E-02
    2707    6.849540  5.9359E-02
    2708    6.850630  5.9528E-02
    2709    6.851720  5.9789E-02
    2710    6.852810  6.0148E-02
    2711    6.853900  6.0610E-02
    2712    6.854990  6.1183E-02
    2713    6.856080  6.1871E-02
    2714    6.857170  6.2681E-02
    2715    6.858260  6.3617E-02
    2716    6.859350  6.4684E-02
    2717    6.860440  6.5887E-02
    2718    6.861530  6.7230E-02
    2719    6.862620  6.8718E-02
    2720    6.863710  7.0352E-02
    2721    6.864800  7.2137E-02
    2722    6.865890  7.4075E-02
    2723    6.866980  7.6168E-02
    2724    6.868070  7.8419E-02
    2725    6.869160  8.0828E-02
    2726    6.870250  8.3397E-02
    2727    6.871340  8.6126E-02
    2728    6.872430  8.9016E-02
    2729    6.873520  9.2066E-02
    2730    6.874610  9.5276E-02
    2731    6.875700  9.8646E-02
    2732    6.876790  1.0217E-01
    2733    6.877880  1.0586E-01
    2734    6.878970  1.0970E-01
    2735    6.880060  1.1369E-01
    2736    6.881150  1.1784E-01
    2737    6.882240  1.2213E-01
    2738    6.883330  1.2657E-01
    2739    6.884420  1.3115E-01
    2740    6.885510  1.3587E-01
    2741    6.886600  1.4073E-01
    2742    6.887690  1.4571E-01
    2743    6.888780  1.5082E-01
    2744    6.889870  1.5605E-01
    2745    6.890960  1.6140E-01
    2746    6.892050  1.6685E-01
    2747    6.893140  1.7240E-01
    2748    6.894230  1.7804E-01
    2749    6.895320  1.8376E-01
    2750    6.896410  1.8956E-01
    2751    6.897500  1.9542E-01
    2752    6.898590  2.0134E-01
    2753    6.899680  2.0729E-01
    2754    6.900770  2.1327E-01
    2755    6.901860  2.1926E-01
    2756    6.902950  2.2526E-01
    2757    6.904040  2.3123E-01
    2758    6.905130  2.3717E-01
    2759    6.906220  2.4306E-01
    2760    6.907310  2.4888E-01
    2761    6.908400  2.5460E-01
    2762    6.909490  2.6022E-01
    2763    6.910580  2.6571E-01
    2764    6.911670  2.7105E-01
    2765    6.912760  2.7622E-01
    2766    6.913850  2.8119E-01
    2767    6.914940  2.8596E-01
    2768    6.916030  2.9049E-01
    2769    6.917120  2.9476E-01
    2770    6.918210  2.9876E-01
    2771    6.919300  3.0246E-01
    2772    6.920390  3.0585E-01
    2773    6.921480  3.0891E-01
    2774    6.922570  3.1162E-01
    2775    6.923660  3.1397E-01
    2776    6.924750  3.1595E-01
    2777    6.925840  3.1753E-01
    2778    6.926930  3.1872E-01
    2779    6.928020  3.1951E-01
    2780    6.929110  3.1989E-01
    2781    6.930200  3.1985E-01
    2782    6.931290  3.1940E-01
    2783    6.932380  3.1854E-01
    2784    6.933470  3.1726E-01
    2785    6.934560  3.1558E-01
    2786    6.935650  3.1350E-01
    2787    6.936740  3.1104E-01
    2788    6.937830  3.0820E-01
    2789    6.938920  3.0500E-01
    2790    6.940010  3.0146E-01
    2791    6.941100  2.9758E-01
    2792    6.942190  2.9340E-01
    2793    6.943280  2.8893E-01
    2794    6.944370  2.8420E-01
    2795    6.945460  2.7922E-01
    2796    6.946550  2.7403E-01
    2797    6.947640  2.6864E-01
    2798    6.948730  2.6308E-01
    2799    6.949820  2.5737E-01
    2800    6.950910  2.5154E-01
    2801    6.952000  2.4561E-01
    2802    6.953090  2.3961E-01
    2803    6.954180  2.3356E-01
    2804    6.955270  2.2748E-01
    2805    6.956360  2.2139E-01
    2806    6.957450  2.1531E-01
    2807    6.958540  2.0927E-01
    2808    6.959630  2.0327E-01
    2809    6.960720  1.9734E-01
    2810    6.961810  1.9149E-01
    2811    6.962900  1.8572E-01
    2812    6.963990  1.8006E-01
    2813    6.965080  1.7451E-01
    2814    6.966170  1.6908E-01
    2815    6.967260  1.6377E-01
    2816    6.968350  1.5860E-01
    2817    6.969440  1.5355E-01
    2818    6.970530  1.4865E-01
    2819    6.971620  1.4387E-01
    2820    6.972710  1.3924E-01
    2821    6.973800  1.3473E-01
    2822    6.974890  1.3036E-01
    2823    6.975980  1.2611E-01
    2824    6.977070  1.2199E-01
    2825    6.978160  1.1799E-01
    2826    6.979250  1.1410E-01
    2827    6.980340  1.1033E-01
    2828    6.981430  1.0665E-01
    2829    6.982520  1.0308E-01
    2830    6.983610  9.9593E-02
    2831    6.984700  9.6197E-02
    2832    6.985790  9.2884E-02
    2833    6.986880  8.9647E-02
    2834    6.987970  8.6483E-02
    2835    6.989060  8.3387E-02
    2836    6.990150  8.0356E-02
    2837    6.991240  7.7386E-02
    2838    6.992330  7.4475E-02
    2839    6.993420  7.1619E-02
    2840    6.994510  6.8818E-02
    2841    6.995600  6.6069E-02
    2842    6.996690  6.3371E-02
    2843    6.997780  6.0724E-02
    2844    6.998870  5.8128E-02
    2845    6.999960  5.5583E-02
