       1    3.900000  6.8175E-01
       2    3.901090  6.6281E-01
       3    3.902180  6.6188E-01
       4    3.903270  6.6094E-01
       5    3.904360  6.6000E-01
       6    3.905450  6.5906E-01
       7    3.906540  6.5812E-01
       8    3.907630  6.5718E-01
       9    3.908720  6.5625E-01
      10    3.909810  6.5533E-01
      11    3.910900  6.5443E-01
      12    3.911990  6.5354E-01
      13    3.913080  6.5267E-01
      14    3.914170  6.5181E-01
      15    3.915260  6.5098E-01
      16    3.916350  6.5018E-01
      17    3.917440  6.4940E-01
      18    3.918530  6.4864E-01
      19    3.919620  6.4792E-01
      20    3.920710  6.4722E-01
      21    3.921800  6.4656E-01
      22    3.922890  6.4592E-01
      23    3.923980  6.4532E-01
      24    3.925070  6.4475E-01
      25    3.926160  6.4420E-01
      26    3.927250  6.4368E-01
      27    3.928340  6.4319E-01
      28    3.929430  6.4273E-01
      29    3.930520  6.4229E-01
      30    3.931610  6.4187E-01
      31    3.932700  6.4148E-01
      32    3.933790  6.4109E-01
      33    3.934880  6.4073E-01
      34    3.935970  6.4037E-01
      35    3.937060  6.4002E-01
      36    3.938150  6.3968E-01
      37    3.939240  6.3934E-01
      38    3.940330  6.3900E-01
      39    3.941420  6.3865E-01
      40    3.942510  6.3829E-01
      41    3.943600  6.3792E-01
      42    3.944690  6.3753E-01
      43    3.945780  6.3713E-01
      44    3.946870  6.3670E-01
      45    3.947960  6.3624E-01
      46    3.949050  6.3576E-01
      47    3.950140  6.3524E-01
      48    3.951230  6.3469E-01
      49    3.952320  6.3410E-01
      50    3.953410  6.3346E-01
      51    3.954500  6.3279E-01
      52    3.955590  6.3207E-01
      53    3.956680  6.3130E-01
      54    3.957770  6.3048E-01
      55    3.958860  6.2961E-01
      56    3.959950  6.2868E-01
      57    3.961040  6.2770E-01
      58    3.962130  6.2667E-01
      59    3.963220  6.2558E-01
      60    3.964310  6.2444E-01
      61    3.965400  6.2323E-01
      62    3.966490  6.2197E-01
      63    3.967580  6.2065E-01
      64    3.968670  6.1927E-01
      65    3.969760  6.1783E-01
      66    3.970850  6.1634E-01
      67    3.971940  6.1479E-01
      68    3.973030  6.1317E-01
      69    3.974120  6.1151E-01
      70    3.975210  6.0978E-01
      71    3.976300  6.0800E-01
      72    3.977390  6.0616E-01
      73    3.978480  6.0426E-01
      74    3.979570  6.0232E-01
      75    3.980660  6.0031E-01
      76    3.981750  5.9826E-01
      77    3.982840  5.9615E-01
      78    3.983930  5.9398E-01
      79    3.985020  5.9177E-01
      80    3.986110  5.8951E-01
      81    3.987200  5.8719E-01
      82    3.988290  5.8483E-01
      83    3.989380  5.8242E-01
      84    3.990470  5.7995E-01
      85    3.991560  5.7745E-01
      86    3.992650  5.7489E-01
      87    3.993740  5.7229E-01
      88    3.994830  5.6965E-01
      89    3.995920  5.6696E-01
      90    3.997010  5.6422E-01
      91    3.998100  5.6144E-01
      92    3.999190  5.5862E-01
      93    4.000280  5.5576E-01
      94    4.001370  5.5286E-01
      95    4.002460  5.4992E-01
      96    4.003550  5.4694E-01
      97    4.004640  5.4392E-01
      98    4.005730  5.4086E-01
      99    4.006820  5.3777E-01
     100    4.007910  5.3464E-01
     101    4.009000  5.3148E-01
     102    4.010090  5.2828E-01
     103    4.011180  5.2506E-01
     104    4.012270  5.2180E-01
     105    4.013360  5.1850E-01
     106    4.014450  5.1518E-01
     107    4.015540  5.1183E-01
     108    4.016630  5.0846E-01
     109    4.017720  5.0506E-01
     110    4.018810  5.0163E-01
     111    4.019900  4.9817E-01
     112    4.020990  4.9470E-01
     113    4.022080  4.9120E-01
     114    4.023170  4.8768E-01
     115    4.024260  4.8414E-01
     116    4.025350  4.8058E-01
     117    4.026440  4.7700E-01
     118    4.027530  4.7340E-01
     119    4.028620  4.6978E-01
     120    4.029710  4.6615E-01
     121    4.030800  4.6250E-01
     122    4.031890  4.5883E-01
     123    4.032980  4.5515E-01
     124    4.034070  4.5146E-01
     125    4.035160  4.4775E-01
     126    4.036250  4.4402E-01
     127    4.037340  4.4028E-01
     128    4.038430  4.3652E-01
     129    4.039520  4.3276E-01
     130    4.040610  4.2897E-01
     131    4.041700  4.2517E-01
     132    4.042790  4.2136E-01
     133    4.043880  4.1753E-01
     134    4.044970  4.1369E-01
     135    4.046060  4.0983E-01
     136    4.047150  4.0596E-01
     137    4.048240  4.0207E-01
     138    4.049330  3.9816E-01
     139    4.050420  3.9424E-01
     140    4.051510  3.9030E-01
     141    4.052600  3.8634E-01
     142    4.053690  3.8236E-01
     143    4.054780  3.7836E-01
     144    4.055870  3.7435E-01
     145    4.056960  3.7031E-01
     146    4.058050  3.6626E-01
     147    4.059140  3.6219E-01
     148    4.060230  3.5810E-01
     149    4.061320  3.5398E-01
     150    4.062410  3.4985E-01
     151    4.063500  3.4570E-01
     152    4.064590  3.4152E-01
     153    4.065680  3.3733E-01
     154    4.066770  3.3312E-01
     155    4.067860  3.2889E-01
     156    4.068950  3.2464E-01
     157    4.070040  3.2037E-01
     158    4.071130  3.1608E-01
     159    4.072220  3.1178E-01
     160    4.073310  3.0745E-01
     161    4.074400  3.0312E-01
     162    4.075490  2.9876E-01
     163    4.076580  2.9440E-01
     164    4.077670  2.9001E-01
     165    4.078760  2.8562E-01
     166    4.079850  2.8121E-01
     167    4.080940  2.7680E-01
     168    4.082030  2.7237E-01
     169    4.083120  2.6793E-01
     170    4.084210  2.6349E-01
     171    4.085300  2.5904E-01
     172    4.086390  2.5459E-01
     173    4.087480  2.5013E-01
     174    4.088570  2.4568E-01
     175    4.089660  2.4122E-01
     176    4.090750  2.3676E-01
     177    4.091840  2.3230E-01
     178    4.092930  2.2785E-01
     179    4.094020  2.2340E-01
     180    4.095110  2.1896E-01
     181    4.096200  2.1453E-01
     182    4.097290  2.1010E-01
     183    4.098380  2.0569E-01
     184    4.099470  2.0129E-01
     185    4.100560  1.9691E-01
     186    4.101650  1.9254E-01
     187    4.102740  1.8819E-01
     188    4.103830  1.8386E-01
     189    4.104920  1.7954E-01
     190    4.106010  1.7526E-01
     191    4.107100  1.7099E-01
     192    4.108190  1.6676E-01
     193    4.109280  1.6255E-01
     194    4.110370  1.5837E-01
     195    4.111460  1.5422E-01
     196    4.112550  1.5010E-01
     197    4.113640  1.4602E-01
     198    4.114730  1.4198E-01
     199    4.115820  1.3797E-01
     200    4.116910  1.3400E-01
     201    4.118000  1.3008E-01
     202    4.119090  1.2620E-01
     203    4.120180  1.2236E-01
     204    4.121270  1.1857E-01
     205    4.122360  1.1483E-01
     206    4.123450  1.1114E-01
     207    4.124540  1.0750E-01
     208    4.125630  1.0392E-01
     209    4.126720  1.0038E-01
     210    4.127810  9.6908E-02
     211    4.128900  9.3490E-02
     212    4.129990  9.0131E-02
     213    4.131080  8.6833E-02
     214    4.132170  8.3596E-02
     215    4.133260  8.0422E-02
     216    4.134350  7.7311E-02
     217    4.135440  7.4266E-02
     218    4.136530  7.1287E-02
     219    4.137620  6.8375E-02
     220    4.138710  6.5531E-02
     221    4.139800  6.2755E-02
     222    4.140890  6.0048E-02
     223    4.141980  5.7411E-02
     224    4.143070  5.4844E-02
     225    4.144160  5.2348E-02
     226    4.145250  4.9923E-02
     227    4.146340  4.7568E-02
     228    4.147430  4.5285E-02
     229    4.148520  4.3073E-02
     230    4.149610  4.0931E-02
     231    4.150700  3.8861E-02
     232    4.151790  3.6861E-02
     233    4.152880  3.4930E-02
     234    4.153970  3.3069E-02
     235    4.155060  3.1277E-02
     236    4.156150  2.9553E-02
     237    4.157240  2.7897E-02
     238    4.158330  2.6306E-02
     239    4.159420  2.4781E-02
     240    4.160510  2.3321E-02
     241    4.161600  2.1923E-02
     242    4.162690  2.0588E-02
     243    4.163780  1.9313E-02
     244    4.164870  1.8098E-02
     245    4.165960  1.6940E-02
     246    4.167050  1.5839E-02
     247    4.168140  1.4794E-02
     248    4.169230  1.3801E-02
     249    4.170320  1.2861E-02
     250    4.171410  1.1970E-02
     251    4.172500  1.1129E-02
     252    4.173590  1.0334E-02
     253    4.174680  9.5853E-03
     254    4.175770  8.8797E-03
     255    4.176860  8.2162E-03
     256    4.177950  7.5930E-03
     257    4.179040  7.0084E-03
     258    4.180130  6.4608E-03
     259    4.181220  5.9485E-03
     260    4.182310  5.4700E-03
     261    4.183400  5.0235E-03
     262    4.184490  4.6075E-03
     263    4.185580  4.2205E-03
     264    4.186670  3.8609E-03
     265    4.187760  3.5273E-03
     266    4.188850  3.2183E-03
     267    4.189940  2.9324E-03
     268    4.191030  2.6683E-03
     269    4.192120  2.4247E-03
     270    4.193210  2.2003E-03
     271    4.194300  1.9939E-03
     272    4.195390  1.8044E-03
     273    4.196480  1.6306E-03
     274    4.197570  1.4714E-03
     275    4.198660  1.3259E-03
     276    4.199750  1.1931E-03
     277    4.200840  1.0721E-03
     278    4.201930  9.6192E-04
     279    4.203020  8.6182E-04
     280    4.204110  7.7101E-04
     281    4.205200  6.8875E-04
     282    4.206290  6.1435E-04
     283    4.207380  5.4717E-04
     284    4.208470  4.8660E-04
     285    4.209560  4.3209E-04
     286    4.210650  3.8310E-04
     287    4.211740  3.3914E-04
     288    4.212830  2.9977E-04
     289    4.213920  2.6456E-04
     290    4.215010  2.3312E-04
     291    4.216100  2.0510E-04
     292    4.217190  1.8016E-04
     293    4.218280  1.5801E-04
     294    4.219370  1.3836E-04
     295    4.220460  1.2096E-04
     296    4.221550  1.0558E-04
     297    4.222640  9.2006E-05
     298    4.223730  8.0048E-05
     299    4.224820  6.9531E-05
     300    4.225910  6.0298E-05
     301    4.227000  5.2205E-05
     302    4.228090  4.5124E-05
     303    4.229180  3.8939E-05
     304    4.230270  3.3546E-05
     305    4.231360  2.8851E-05
     306    4.232450  2.4772E-05
     307    4.233540  2.1234E-05
     308    4.234630  1.8171E-05
     309    4.235720  1.5523E-05
     310    4.236810  1.3239E-05
     311    4.237900  1.1271E-05
     312    4.238990  9.5794E-06
     313    4.240080  8.1277E-06
     314    4.241170  6.8841E-06
     315    4.242260  5.8206E-06
     316    4.243350  4.9129E-06
     317    4.244440  4.1395E-06
     318    4.245530  3.4818E-06
     319    4.246620  2.9234E-06
     320    4.247710  2.4502E-06
     321    4.248800  2.0500E-06
     322    4.249890  1.7122E-06
     323    4.250980  1.4274E-06
     324    4.252070  1.1879E-06
     325    4.253160  9.8682E-07
     326    4.254250  8.1829E-07
     327    4.255340  6.7733E-07
     328    4.256430  5.5963E-07
     329    4.257520  4.6155E-07
     330    4.258610  3.7997E-07
     331    4.259700  3.1224E-07
     332    4.260790  2.5611E-07
     333    4.261880  2.0969E-07
     334    4.262970  1.7136E-07
     335    4.264060  1.3979E-07
     336    4.265150  1.1382E-07
     337    4.266240  9.2501E-08
     338    4.267330  7.5037E-08
     339    4.268420  6.0758E-08
     340    4.269510  4.9104E-08
     341    4.270600  3.9611E-08
     342    4.271690  3.1893E-08
     343    4.272780  2.5631E-08
     344    4.273870  2.0560E-08
     345    4.274960  1.6461E-08
     346    4.276050  1.3154E-08
     347    4.277140  1.0492E-08
     348    4.278230  8.3523E-09
     349    4.279320  6.6365E-09
     350    4.280410  5.2631E-09
     351    4.281500  4.1659E-09
     352    4.282590  3.2912E-09
     353    4.283680  2.5951E-09
     354    4.284770  2.0423E-09
     355    4.285860  1.6042E-09
     356    4.286950  1.2576E-09
     357    4.288040  9.8404E-10
     358    4.289130  7.6849E-10
     359    4.290220  5.9900E-10
     360    4.291310  4.6600E-10
     361    4.292400  3.6186E-10
     362    4.293490  2.8048E-10
     363    4.294580  2.1704E-10
     364    4.295670  1.6769E-10
     365    4.296760  1.2941E-10
     366    4.297850  9.9802E-11
     367    4.298940  7.6996E-11
     368    4.300030  5.9520E-11
     369    4.301120  4.6230E-11
     370    4.302210  3.6243E-11
     371    4.303300  2.8885E-11
     372    4.304390  2.3650E-11
     373    4.305480  2.0172E-11
     374    4.306570  1.8197E-11
     375    4.307660  1.7581E-11
     376    4.308750  1.8258E-11
     377    4.309840  2.0246E-11
     378    4.310930  2.3653E-11
     379    4.312020  2.8682E-11
     380    4.313110  3.5620E-11
     381    4.314200  4.4864E-11
     382    4.315290  5.6955E-11
     383    4.316380  7.2586E-11
     384    4.317470  9.2637E-11
     385    4.318560  1.1822E-10
     386    4.319650  1.5074E-10
     387    4.320740  1.9195E-10
     388    4.321830  2.4401E-10
     389    4.322920  3.0963E-10
     390    4.324010  3.9215E-10
     391    4.325100  4.9568E-10
     392    4.326190  6.2530E-10
     393    4.327280  7.8725E-10
     394    4.328370  9.8913E-10
     395    4.329460  1.2403E-09
     396    4.330550  1.5521E-09
     397    4.331640  1.9383E-09
     398    4.332730  2.4158E-09
     399    4.333820  3.0048E-09
     400    4.334910  3.7300E-09
     401    4.336000  4.6209E-09
     402    4.337090  5.7132E-09
     403    4.338180  7.0494E-09
     404    4.339270  8.6810E-09
     405    4.340360  1.0669E-08
     406    4.341450  1.3086E-08
     407    4.342540  1.6019E-08
     408    4.343630  1.9570E-08
     409    4.344720  2.3862E-08
     410    4.345810  2.9038E-08
     411    4.346900  3.5268E-08
     412    4.347990  4.2750E-08
     413    4.349080  5.1720E-08
     414    4.350170  6.2450E-08
     415    4.351260  7.5261E-08
     416    4.352350  9.0526E-08
     417    4.353440  1.0868E-07
     418    4.354530  1.3022E-07
     419    4.355620  1.5574E-07
     420    4.356710  1.8591E-07
     421    4.357800  2.2150E-07
     422    4.358890  2.6342E-07
     423    4.359980  3.1268E-07
     424    4.361070  3.7048E-07
     425    4.362160  4.3815E-07
     426    4.363250  5.1725E-07
     427    4.364340  6.0951E-07
     428    4.365430  7.1694E-07
     429    4.366520  8.4181E-07
     430    4.367610  9.8668E-07
     431    4.368700  1.1545E-06
     432    4.369790  1.3484E-06
     433    4.370880  1.5723E-06
     434    4.371970  1.8302E-06
     435    4.373060  2.1268E-06
     436    4.374150  2.4674E-06
     437    4.375240  2.8578E-06
     438    4.376330  3.3047E-06
     439    4.377420  3.8153E-06
     440    4.378510  4.3980E-06
     441    4.379600  5.0617E-06
     442    4.380690  5.8168E-06
     443    4.381780  6.6745E-06
     444    4.382870  7.6474E-06
     445    4.383960  8.7495E-06
     446    4.385050  9.9962E-06
     447    4.386140  1.1405E-05
     448    4.387230  1.2994E-05
     449    4.388320  1.4786E-05
     450    4.389410  1.6803E-05
     451    4.390500  1.9071E-05
     452    4.391590  2.1619E-05
     453    4.392680  2.4478E-05
     454    4.393770  2.7683E-05
     455    4.394860  3.1272E-05
     456    4.395950  3.5289E-05
     457    4.397040  3.9780E-05
     458    4.398130  4.4797E-05
     459    4.399220  5.0398E-05
     460    4.400310  5.6645E-05
     461    4.401400  6.3609E-05
     462    4.402490  7.1366E-05
     463    4.403580  8.0001E-05
     464    4.404670  8.9607E-05
     465    4.405760  1.0029E-04
     466    4.406850  1.1216E-04
     467    4.407940  1.2534E-04
     468    4.409030  1.3998E-04
     469    4.410120  1.5621E-04
     470    4.411210  1.7421E-04
     471    4.412300  1.9416E-04
     472    4.413390  2.1626E-04
     473    4.414480  2.4072E-04
     474    4.415570  2.6779E-04
     475    4.416660  2.9772E-04
     476    4.417750  3.3080E-04
     477    4.418840  3.6734E-04
     478    4.419930  4.0767E-04
     479    4.421020  4.5215E-04
     480    4.422110  5.0117E-04
     481    4.423200  5.5517E-04
     482    4.424290  6.1460E-04
     483    4.425380  6.7995E-04
     484    4.426470  7.5175E-04
     485    4.427560  8.3057E-04
     486    4.428650  9.1700E-04
     487    4.429740  1.0117E-03
     488    4.430830  1.1153E-03
     489    4.431920  1.2286E-03
     490    4.433010  1.3524E-03
     491    4.434100  1.4873E-03
     492    4.435190  1.6344E-03
     493    4.436280  1.7943E-03
     494    4.437370  1.9681E-03
     495    4.438460  2.1568E-03
     496    4.439550  2.3612E-03
     497    4.440640  2.5824E-03
     498    4.441730  2.8214E-03
     499    4.442820  3.0792E-03
     500    4.443910  3.3570E-03
     501    4.445000  3.6558E-03
     502    4.446090  3.9765E-03
     503    4.447180  4.3204E-03
     504    4.448270  4.6885E-03
     505    4.449360  5.0817E-03
     506    4.450450  5.5011E-03
     507    4.451540  5.9475E-03
     508    4.452630  6.4220E-03
     509    4.453720  6.9253E-03
     510    4.454810  7.4582E-03
     511    4.455900  8.0214E-03
     512    4.456990  8.6155E-03
     513    4.458080  9.2409E-03
     514    4.459170  9.8981E-03
     515    4.460260  1.0587E-02
     516    4.461350  1.1309E-02
     517    4.462440  1.2062E-02
     518    4.463530  1.2848E-02
     519    4.464620  1.3665E-02
     520    4.465710  1.4514E-02
     521    4.466800  1.5393E-02
     522    4.467890  1.6302E-02
     523    4.468980  1.7241E-02
     524    4.470070  1.8207E-02
     525    4.471160  1.9201E-02
     526    4.472250  2.0220E-02
     527    4.473340  2.1263E-02
     528    4.474430  2.2329E-02
     529    4.475520  2.3416E-02
     530    4.476610  2.4522E-02
     531    4.477700  2.5646E-02
     532    4.478790  2.6786E-02
     533    4.479880  2.7939E-02
     534    4.480970  2.9104E-02
     535    4.482060  3.0280E-02
     536    4.483150  3.1464E-02
     537    4.484240  3.2654E-02
     538    4.485330  3.3850E-02
     539    4.486420  3.5049E-02
     540    4.487510  3.6250E-02
     541    4.488600  3.7452E-02
     542    4.489690  3.8655E-02
     543    4.490780  3.9856E-02
     544    4.491870  4.1056E-02
     545    4.492960  4.2255E-02
     546    4.494050  4.3452E-02
     547    4.495140  4.4648E-02
     548    4.496230  4.5843E-02
     549    4.497320  4.7039E-02
     550    4.498410  4.8235E-02
     551    4.499500  4.9435E-02
     552    4.500590  5.0639E-02
     553    4.501680  5.1850E-02
     554    4.502770  5.3071E-02
     555    4.503860  5.4303E-02
     556    4.504950  5.5550E-02
     557    4.506040  5.6816E-02
     558    4.507130  5.8102E-02
     559    4.508220  5.9414E-02
     560    4.509310  6.0755E-02
     561    4.510400  6.2128E-02
     562    4.511490  6.3539E-02
     563    4.512580  6.4990E-02
     564    4.513670  6.6486E-02
     565    4.514760  6.8032E-02
     566    4.515850  6.9630E-02
     567    4.516940  7.1286E-02
     568    4.518030  7.3003E-02
     569    4.519120  7.4785E-02
     570    4.520210  7.6635E-02
     571    4.521300  7.8557E-02
     572    4.522390  8.0555E-02
     573    4.523480  8.2630E-02
     574    4.524570  8.4786E-02
     575    4.525660  8.7025E-02
     576    4.526750  8.9349E-02
     577    4.527840  9.1760E-02
     578    4.528930  9.4260E-02
     579    4.530020  9.6848E-02
     580    4.531110  9.9527E-02
     581    4.532200  1.0230E-01
     582    4.533290  1.0516E-01
     583    4.534380  1.0811E-01
     584    4.535470  1.1115E-01
     585    4.536560  1.1428E-01
     586    4.537650  1.1750E-01
     587    4.538740  1.2081E-01
     588    4.539830  1.2420E-01
     589    4.540920  1.2768E-01
     590    4.542010  1.3124E-01
     591    4.543100  1.3489E-01
     592    4.544190  1.3861E-01
     593    4.545280  1.4241E-01
     594    4.546370  1.4628E-01
     595    4.547460  1.5023E-01
     596    4.548550  1.5425E-01
     597    4.549640  1.5834E-01
     598    4.550730  1.6250E-01
     599    4.551820  1.6672E-01
     600    4.552910  1.7100E-01
     601    4.554000  1.7535E-01
     602    4.555090  1.7975E-01
     603    4.556180  1.8422E-01
     604    4.557270  1.8874E-01
     605    4.558360  1.9331E-01
     606    4.559450  1.9794E-01
     607    4.560540  2.0261E-01
     608    4.561630  2.0734E-01
     609    4.562720  2.1212E-01
     610    4.563810  2.1694E-01
     611    4.564900  2.2180E-01
     612    4.565990  2.2671E-01
     613    4.567080  2.3165E-01
     614    4.568170  2.3663E-01
     615    4.569260  2.4165E-01
     616    4.570350  2.4670E-01
     617    4.571440  2.5178E-01
     618    4.572530  2.5689E-01
     619    4.573620  2.6202E-01
     620    4.574710  2.6717E-01
     621    4.575800  2.7233E-01
     622    4.576890  2.7751E-01
     623    4.577980  2.8269E-01
     624    4.579070  2.8788E-01
     625    4.580160  2.9306E-01
     626    4.581250  2.9823E-01
     627    4.582340  3.0339E-01
     628    4.583430  3.0853E-01
     629    4.584520  3.1365E-01
     630    4.585610  3.1873E-01
     631    4.586700  3.2378E-01
     632    4.587790  3.2878E-01
     633    4.588880  3.3374E-01
     634    4.589970  3.3863E-01
     635    4.591060  3.4347E-01
     636    4.592150  3.4823E-01
     637    4.593240  3.5292E-01
     638    4.594330  3.5753E-01
     639    4.595420  3.6205E-01
     640    4.596510  3.6648E-01
     641    4.597600  3.7081E-01
     642    4.598690  3.7503E-01
     643    4.599780  3.7915E-01
     644    4.600870  3.8316E-01
     645    4.601960  3.8705E-01
     646    4.603050  3.9082E-01
     647    4.604140  3.9447E-01
     648    4.605230  3.9799E-01
     649    4.606320  4.0139E-01
     650    4.607410  4.0466E-01
     651    4.608500  4.0780E-01
     652    4.609590  4.1080E-01
     653    4.610680  4.1368E-01
     654    4.611770  4.1642E-01
     655    4.612860  4.1904E-01
     656    4.613950  4.2152E-01
     657    4.615040  4.2388E-01
     658    4.616130  4.2611E-01
     659    4.617220  4.2822E-01
     660    4.618310  4.3020E-01
     661    4.619400  4.3207E-01
     662    4.620490  4.3381E-01
     663    4.621580  4.3545E-01
     664    4.622670  4.3697E-01
     665    4.623760  4.3838E-01
     666    4.624850  4.3969E-01
     667    4.625940  4.4090E-01
     668    4.627030  4.4200E-01
     669    4.628120  4.4302E-01
     670    4.629210  4.4394E-01
     671    4.630300  4.4477E-01
     672    4.631390  4.4552E-01
     673    4.632480  4.4618E-01
     674    4.633570  4.4676E-01
     675    4.634660  4.4727E-01
     676    4.635750  4.4770E-01
     677    4.636840  4.4806E-01
     678    4.637930  4.4836E-01
     679    4.639020  4.4858E-01
     680    4.640110  4.4874E-01
     681    4.641200  4.4884E-01
     682    4.642290  4.4888E-01
     683    4.643380  4.4886E-01
     684    4.644470  4.4879E-01
     685    4.645560  4.4866E-01
     686    4.646650  4.4848E-01
     687    4.647740  4.4825E-01
     688    4.648830  4.4797E-01
     689    4.649920  4.4765E-01
     690    4.651010  4.4728E-01
     691    4.652100  4.4688E-01
     692    4.653190  4.4643E-01
     693    4.654280  4.4594E-01
     694    4.655370  4.4542E-01
     695    4.656460  4.4486E-01
     696    4.657550  4.4427E-01
     697    4.658640  4.4365E-01
     698    4.659730  4.4300E-01
     699    4.660820  4.4233E-01
     700    4.661910  4.4163E-01
     701    4.663000  4.4091E-01
     702    4.664090  4.4017E-01
     703    4.665180  4.3942E-01
     704    4.666270  4.3864E-01
     705    4.667360  4.3785E-01
     706    4.668450  4.3705E-01
     707    4.669540  4.3624E-01
     708    4.670630  4.3542E-01
     709    4.671720  4.3459E-01
     710    4.672810  4.3375E-01
     711    4.673900  4.3291E-01
     712    4.674990  4.3206E-01
     713    4.676080  4.3121E-01
     714    4.677170  4.3036E-01
     715    4.678260  4.2950E-01
     716    4.679350  4.2864E-01
     717    4.680440  4.2778E-01
     718    4.681530  4.2692E-01
     719    4.682620  4.2606E-01
     720    4.683710  4.2521E-01
     721    4.684800  4.2435E-01
     722    4.685890  4.2349E-01
     723    4.686980  4.2264E-01
     724    4.688070  4.2179E-01
     725    4.689160  4.2094E-01
     726    4.690250  4.2010E-01
     727    4.691340  4.1926E-01
     728    4.692430  4.1843E-01
     729    4.693520  4.1761E-01
     730    4.694610  4.1679E-01
     731    4.695700  4.1599E-01
     732    4.696790  4.1519E-01
     733    4.697880  4.1441E-01
     734    4.698970  4.1364E-01
     735    4.700060  4.1289E-01
     736    4.701150  4.1215E-01
     737    4.702240  4.1144E-01
     738    4.703330  4.1074E-01
     739    4.704420  4.1007E-01
     740    4.705510  4.0942E-01
     741    4.706600  4.0879E-01
     742    4.707690  4.0819E-01
     743    4.708780  4.0762E-01
     744    4.709870  4.0707E-01
     745    4.710960  4.0655E-01
     746    4.712050  4.0606E-01
     747    4.713140  4.0559E-01
     748    4.714230  4.0516E-01
     749    4.715320  4.0474E-01
     750    4.716410  4.0436E-01
     751    4.717500  4.0399E-01
     752    4.718590  4.0364E-01
     753    4.719680  4.0331E-01
     754    4.720770  4.0300E-01
     755    4.721860  4.0269E-01
     756    4.722950  4.0239E-01
     757    4.724040  4.0210E-01
     758    4.725130  4.0180E-01
     759    4.726220  4.0150E-01
     760    4.727310  4.0118E-01
     761    4.728400  4.0084E-01
     762    4.729490  4.0049E-01
     763    4.730580  4.0010E-01
     764    4.731670  3.9968E-01
     765    4.732760  3.9922E-01
     766    4.733850  3.9872E-01
     767    4.734940  3.9816E-01
     768    4.736030  3.9755E-01
     769    4.737120  3.9688E-01
     770    4.738210  3.9614E-01
     771    4.739300  3.9534E-01
     772    4.740390  3.9446E-01
     773    4.741480  3.9350E-01
     774    4.742570  3.9247E-01
     775    4.743660  3.9135E-01
     776    4.744750  3.9015E-01
     777    4.745840  3.8886E-01
     778    4.746930  3.8749E-01
     779    4.748020  3.8603E-01
     780    4.749110  3.8448E-01
     781    4.750200  3.8285E-01
     782    4.751290  3.8114E-01
     783    4.752380  3.7934E-01
     784    4.753470  3.7747E-01
     785    4.754560  3.7552E-01
     786    4.755650  3.7350E-01
     787    4.756740  3.7142E-01
     788    4.757830  3.6927E-01
     789    4.758920  3.6706E-01
     790    4.760010  3.6480E-01
     791    4.761100  3.6249E-01
     792    4.762190  3.6015E-01
     793    4.763280  3.5776E-01
     794    4.764370  3.5535E-01
     795    4.765460  3.5292E-01
     796    4.766550  3.5047E-01
     797    4.767640  3.4801E-01
     798    4.768730  3.4555E-01
     799    4.769820  3.4309E-01
     800    4.770910  3.4064E-01
     801    4.772000  3.3820E-01
     802    4.773090  3.3579E-01
     803    4.774180  3.3339E-01
     804    4.775270  3.3103E-01
     805    4.776360  3.2871E-01
     806    4.777450  3.2642E-01
     807    4.778540  3.2417E-01
     808    4.779630  3.2197E-01
     809    4.780720  3.1982E-01
     810    4.781810  3.1773E-01
     811    4.782900  3.1568E-01
     812    4.783990  3.1369E-01
     813    4.785080  3.1176E-01
     814    4.786170  3.0989E-01
     815    4.787260  3.0808E-01
     816    4.788350  3.0632E-01
     817    4.789440  3.0463E-01
     818    4.790530  3.0299E-01
     819    4.791620  3.0141E-01
     820    4.792710  2.9989E-01
     821    4.793800  2.9842E-01
     822    4.794890  2.9700E-01
     823    4.795980  2.9564E-01
     824    4.797070  2.9432E-01
     825    4.798160  2.9306E-01
     826    4.799250  2.9184E-01
     827    4.800340  2.9066E-01
     828    4.801430  2.8953E-01
     829    4.802520  2.8844E-01
     830    4.803610  2.8739E-01
     831    4.804700  2.8637E-01
     832    4.805790  2.8539E-01
     833    4.806880  2.8445E-01
     834    4.807970  2.8354E-01
     835    4.809060  2.8266E-01
     836    4.810150  2.8182E-01
     837    4.811240  2.8101E-01
     838    4.812330  2.8023E-01
     839    4.813420  2.7949E-01
     840    4.814510  2.7878E-01
     841    4.815600  2.7811E-01
     842    4.816690  2.7748E-01
     843    4.817780  2.7689E-01
     844    4.818870  2.7634E-01
     845    4.819960  2.7584E-01
     846    4.821050  2.7539E-01
     847    4.822140  2.7499E-01
     848    4.823230  2.7464E-01
     849    4.824320  2.7436E-01
     850    4.825410  2.7414E-01
     851    4.826500  2.7398E-01
     852    4.827590  2.7390E-01
     853    4.828680  2.7388E-01
     854    4.829770  2.7395E-01
     855    4.830860  2.7409E-01
     856    4.831950  2.7432E-01
     857    4.833040  2.7463E-01
     858    4.834130  2.7503E-01
     859    4.835220  2.7552E-01
     860    4.836310  2.7609E-01
     861    4.837400  2.7675E-01
     862    4.838490  2.7751E-01
     863    4.839580  2.7835E-01
     864    4.840670  2.7927E-01
     865    4.841760  2.8028E-01
     866    4.842850  2.8136E-01
     867    4.843940  2.8252E-01
     868    4.845030  2.8375E-01
     869    4.846120  2.8504E-01
     870    4.847210  2.8639E-01
     871    4.848300  2.8779E-01
     872    4.849390  2.8924E-01
     873    4.850480  2.9071E-01
     874    4.851570  2.9221E-01
     875    4.852660  2.9372E-01
     876    4.853750  2.9524E-01
     877    4.854840  2.9676E-01
     878    4.855930  2.9826E-01
     879    4.857020  2.9974E-01
     880    4.858110  3.0119E-01
     881    4.859200  3.0260E-01
     882    4.860290  3.0396E-01
     883    4.861380  3.0526E-01
     884    4.862470  3.0649E-01
     885    4.863560  3.0766E-01
     886    4.864650  3.0875E-01
     887    4.865740  3.0975E-01
     888    4.866830  3.1067E-01
     889    4.867920  3.1150E-01
     890    4.869010  3.1224E-01
     891    4.870100  3.1290E-01
     892    4.871190  3.1346E-01
     893    4.872280  3.1394E-01
     894    4.873370  3.1433E-01
     895    4.874460  3.1464E-01
     896    4.875550  3.1488E-01
     897    4.876640  3.1506E-01
     898    4.877730  3.1517E-01
     899    4.878820  3.1522E-01
     900    4.879910  3.1523E-01
     901    4.881000  3.1521E-01
     902    4.882090  3.1515E-01
     903    4.883180  3.1508E-01
     904    4.884270  3.1499E-01
     905    4.885360  3.1490E-01
     906    4.886450  3.1482E-01
     907    4.887540  3.1475E-01
     908    4.888630  3.1471E-01
     909    4.889720  3.1469E-01
     910    4.890810  3.1470E-01
     911    4.891900  3.1475E-01
     912    4.892990  3.1484E-01
     913    4.894080  3.1497E-01
     914    4.895170  3.1515E-01
     915    4.896260  3.1536E-01
     916    4.897350  3.1561E-01
     917    4.898440  3.1590E-01
     918    4.899530  3.1622E-01
     919    4.900620  3.1656E-01
     920    4.901710  3.1692E-01
     921    4.902800  3.1729E-01
     922    4.903890  3.1766E-01
     923    4.904980  3.1801E-01
     924    4.906070  3.1834E-01
     925    4.907160  3.1863E-01
     926    4.908250  3.1888E-01
     927    4.909340  3.1906E-01
     928    4.910430  3.1917E-01
     929    4.911520  3.1920E-01
     930    4.912610  3.1912E-01
     931    4.913700  3.1894E-01
     932    4.914790  3.1863E-01
     933    4.915880  3.1819E-01
     934    4.916970  3.1761E-01
     935    4.918060  3.1688E-01
     936    4.919150  3.1600E-01
     937    4.920240  3.1495E-01
     938    4.921330  3.1374E-01
     939    4.922420  3.1236E-01
     940    4.923510  3.1082E-01
     941    4.924600  3.0911E-01
     942    4.925690  3.0724E-01
     943    4.926780  3.0521E-01
     944    4.927870  3.0304E-01
     945    4.928960  3.0072E-01
     946    4.930050  2.9826E-01
     947    4.931140  2.9569E-01
     948    4.932230  2.9301E-01
     949    4.933320  2.9023E-01
     950    4.934410  2.8737E-01
     951    4.935500  2.8446E-01
     952    4.936590  2.8149E-01
     953    4.937680  2.7850E-01
     954    4.938770  2.7549E-01
     955    4.939860  2.7249E-01
     956    4.940950  2.6951E-01
     957    4.942040  2.6657E-01
     958    4.943130  2.6369E-01
     959    4.944220  2.6089E-01
     960    4.945310  2.5817E-01
     961    4.946400  2.5556E-01
     962    4.947490  2.5306E-01
     963    4.948580  2.5070E-01
     964    4.949670  2.4847E-01
     965    4.950760  2.4639E-01
     966    4.951850  2.4447E-01
     967    4.952940  2.4271E-01
     968    4.954030  2.4112E-01
     969    4.955120  2.3969E-01
     970    4.956210  2.3843E-01
     971    4.957300  2.3735E-01
     972    4.958390  2.3642E-01
     973    4.959480  2.3565E-01
     974    4.960570  2.3504E-01
     975    4.961660  2.3457E-01
     976    4.962750  2.3424E-01
     977    4.963840  2.3403E-01
     978    4.964930  2.3393E-01
     979    4.966020  2.3393E-01
     980    4.967110  2.3402E-01
     981    4.968200  2.3418E-01
     982    4.969290  2.3439E-01
     983    4.970380  2.3464E-01
     984    4.971470  2.3492E-01
     985    4.972560  2.3520E-01
     986    4.973650  2.3547E-01
     987    4.974740  2.3572E-01
     988    4.975830  2.3592E-01
     989    4.976920  2.3607E-01
     990    4.978010  2.3616E-01
     991    4.979100  2.3615E-01
     992    4.980190  2.3606E-01
     993    4.981280  2.3586E-01
     994    4.982370  2.3555E-01
     995    4.983460  2.3511E-01
     996    4.984550  2.3455E-01
     997    4.985640  2.3385E-01
     998    4.986730  2.3302E-01
     999    4.987820  2.3206E-01
    1000    4.988910  2.3095E-01
    1001    4.990000  2.2971E-01
    1002    4.991090  2.2835E-01
    1003    4.992180  2.2685E-01
    1004    4.993270  2.2525E-01
    1005    4.994360  2.2353E-01
    1006    4.995450  2.2172E-01
    1007    4.996540  2.1982E-01
    1008    4.997630  2.1785E-01
    1009    4.998720  2.1583E-01
    1010    4.999810  2.1377E-01
    1011    5.000900  2.1168E-01
    1012    5.001990  2.0958E-01
    1013    5.003080  2.0749E-01
    1014    5.004170  2.0544E-01
    1015    5.005260  2.0343E-01
    1016    5.006350  2.0148E-01
    1017    5.007440  1.9962E-01
    1018    5.008530  1.9787E-01
    1019    5.009620  1.9622E-01
    1020    5.010710  1.9472E-01
    1021    5.011800  1.9336E-01
    1022    5.012890  1.9217E-01
    1023    5.013980  1.9115E-01
    1024    5.015070  1.9033E-01
    1025    5.016160  1.8970E-01
    1026    5.017250  1.8927E-01
    1027    5.018340  1.8906E-01
    1028    5.019430  1.8906E-01
    1029    5.020520  1.8928E-01
    1030    5.021610  1.8972E-01
    1031    5.022700  1.9037E-01
    1032    5.023790  1.9123E-01
    1033    5.024880  1.9231E-01
    1034    5.025970  1.9357E-01
    1035    5.027060  1.9503E-01
    1036    5.028150  1.9666E-01
    1037    5.029240  1.9845E-01
    1038    5.030330  2.0039E-01
    1039    5.031420  2.0246E-01
    1040    5.032510  2.0464E-01
    1041    5.033600  2.0691E-01
    1042    5.034690  2.0926E-01
    1043    5.035780  2.1165E-01
    1044    5.036870  2.1407E-01
    1045    5.037960  2.1649E-01
    1046    5.039050  2.1890E-01
    1047    5.040140  2.2126E-01
    1048    5.041230  2.2356E-01
    1049    5.042320  2.2578E-01
    1050    5.043410  2.2788E-01
    1051    5.044500  2.2986E-01
    1052    5.045590  2.3169E-01
    1053    5.046680  2.3335E-01
    1054    5.047770  2.3483E-01
    1055    5.048860  2.3611E-01
    1056    5.049950  2.3716E-01
    1057    5.051040  2.3799E-01
    1058    5.052130  2.3858E-01
    1059    5.053220  2.3892E-01
    1060    5.054310  2.3900E-01
    1061    5.055400  2.3882E-01
    1062    5.056490  2.3837E-01
    1063    5.057580  2.3765E-01
    1064    5.058670  2.3666E-01
    1065    5.059760  2.3540E-01
    1066    5.060850  2.3388E-01
    1067    5.061940  2.3211E-01
    1068    5.063030  2.3009E-01
    1069    5.064120  2.2782E-01
    1070    5.065210  2.2533E-01
    1071    5.066300  2.2261E-01
    1072    5.067390  2.1969E-01
    1073    5.068480  2.1658E-01
    1074    5.069570  2.1330E-01
    1075    5.070660  2.0985E-01
    1076    5.071750  2.0626E-01
    1077    5.072840  2.0255E-01
    1078    5.073930  1.9872E-01
    1079    5.075020  1.9480E-01
    1080    5.076110  1.9081E-01
    1081    5.077200  1.8676E-01
    1082    5.078290  1.8267E-01
    1083    5.079380  1.7855E-01
    1084    5.080470  1.7442E-01
    1085    5.081560  1.7031E-01
    1086    5.082650  1.6621E-01
    1087    5.083740  1.6214E-01
    1088    5.084830  1.5813E-01
    1089    5.085920  1.5417E-01
    1090    5.087010  1.5028E-01
    1091    5.088100  1.4647E-01
    1092    5.089190  1.4274E-01
    1093    5.090280  1.3911E-01
    1094    5.091370  1.3558E-01
    1095    5.092460  1.3215E-01
    1096    5.093550  1.2883E-01
    1097    5.094640  1.2562E-01
    1098    5.095730  1.2252E-01
    1099    5.096820  1.1954E-01
    1100    5.097910  1.1666E-01
    1101    5.099000  1.1390E-01
    1102    5.100090  1.1124E-01
    1103    5.101180  1.0869E-01
    1104    5.102270  1.0625E-01
    1105    5.103360  1.0390E-01
    1106    5.104450  1.0164E-01
    1107    5.105540  9.9482E-02
    1108    5.106630  9.7405E-02
    1109    5.107720  9.5408E-02
    1110    5.108810  9.3487E-02
    1111    5.109900  9.1637E-02
    1112    5.110990  8.9853E-02
    1113    5.112080  8.8130E-02
    1114    5.113170  8.6463E-02
    1115    5.114260  8.4849E-02
    1116    5.115350  8.3284E-02
    1117    5.116440  8.1763E-02
    1118    5.117530  8.0285E-02
    1119    5.118620  7.8847E-02
    1120    5.119710  7.7445E-02
    1121    5.120800  7.6080E-02
    1122    5.121890  7.4749E-02
    1123    5.122980  7.3451E-02
    1124    5.124070  7.2187E-02
    1125    5.125160  7.0956E-02
    1126    5.126250  6.9760E-02
    1127    5.127340  6.8598E-02
    1128    5.128430  6.7472E-02
    1129    5.129520  6.6384E-02
    1130    5.130610  6.5335E-02
    1131    5.131700  6.4326E-02
    1132    5.132790  6.3361E-02
    1133    5.133880  6.2441E-02
    1134    5.134970  6.1568E-02
    1135    5.136060  6.0744E-02
    1136    5.137150  5.9970E-02
    1137    5.138240  5.9249E-02
    1138    5.139330  5.8582E-02
    1139    5.140420  5.7970E-02
    1140    5.141510  5.7414E-02
    1141    5.142600  5.6915E-02
    1142    5.143690  5.6472E-02
    1143    5.144780  5.6085E-02
    1144    5.145870  5.5753E-02
    1145    5.146960  5.5476E-02
    1146    5.148050  5.5251E-02
    1147    5.149140  5.5076E-02
    1148    5.150230  5.4948E-02
    1149    5.151320  5.4865E-02
    1150    5.152410  5.4822E-02
    1151    5.153500  5.4816E-02
    1152    5.154590  5.4843E-02
    1153    5.155680  5.4896E-02
    1154    5.156770  5.4972E-02
    1155    5.157860  5.5066E-02
    1156    5.158950  5.5170E-02
    1157    5.160040  5.5280E-02
    1158    5.161130  5.5390E-02
    1159    5.162220  5.5493E-02
    1160    5.163310  5.5585E-02
    1161    5.164400  5.5658E-02
    1162    5.165490  5.5707E-02
    1163    5.166580  5.5728E-02
    1164    5.167670  5.5713E-02
    1165    5.168760  5.5659E-02
    1166    5.169850  5.5561E-02
    1167    5.170940  5.5414E-02
    1168    5.172030  5.5215E-02
    1169    5.173120  5.4959E-02
    1170    5.174210  5.4645E-02
    1171    5.175300  5.4269E-02
    1172    5.176390  5.3830E-02
    1173    5.177480  5.3326E-02
    1174    5.178570  5.2758E-02
    1175    5.179660  5.2124E-02
    1176    5.180750  5.1425E-02
    1177    5.181840  5.0662E-02
    1178    5.182930  4.9836E-02
    1179    5.184020  4.8950E-02
    1180    5.185110  4.8005E-02
    1181    5.186200  4.7006E-02
    1182    5.187290  4.5954E-02
    1183    5.188380  4.4855E-02
    1184    5.189470  4.3711E-02
    1185    5.190560  4.2529E-02
    1186    5.191650  4.1311E-02
    1187    5.192740  4.0063E-02
    1188    5.193830  3.8790E-02
    1189    5.194920  3.7498E-02
    1190    5.196010  3.6191E-02
    1191    5.197100  3.4875E-02
    1192    5.198190  3.3555E-02
    1193    5.199280  3.2236E-02
    1194    5.200370  3.0924E-02
    1195    5.201460  2.9623E-02
    1196    5.202550  2.8338E-02
    1197    5.203640  2.7075E-02
    1198    5.204730  2.5837E-02
    1199    5.205820  2.4628E-02
    1200    5.206910  2.3452E-02
    1201    5.208000  2.2314E-02
    1202    5.209090  2.1216E-02
    1203    5.210180  2.0161E-02
    1204    5.211270  1.9152E-02
    1205    5.212360  1.8191E-02
    1206    5.213450  1.7280E-02
    1207    5.214540  1.6420E-02
    1208    5.215630  1.5614E-02
    1209    5.216720  1.4862E-02
    1210    5.217810  1.4164E-02
    1211    5.218900  1.3522E-02
    1212    5.219990  1.2934E-02
    1213    5.221080  1.2402E-02
    1214    5.222170  1.1923E-02
    1215    5.223260  1.1498E-02
    1216    5.224350  1.1126E-02
    1217    5.225440  1.0805E-02
    1218    5.226530  1.0533E-02
    1219    5.227620  1.0310E-02
    1220    5.228710  1.0132E-02
    1221    5.229800  9.9989E-03
    1222    5.230890  9.9075E-03
    1223    5.231980  9.8555E-03
    1224    5.233070  9.8407E-03
    1225    5.234160  9.8603E-03
    1226    5.235250  9.9118E-03
    1227    5.236340  9.9923E-03
    1228    5.237430  1.0099E-02
    1229    5.238520  1.0229E-02
    1230    5.239610  1.0380E-02
    1231    5.240700  1.0549E-02
    1232    5.241790  1.0732E-02
    1233    5.242880  1.0928E-02
    1234    5.243970  1.1132E-02
    1235    5.245060  1.1343E-02
    1236    5.246150  1.1558E-02
    1237    5.247240  1.1773E-02
    1238    5.248330  1.1988E-02
    1239    5.249420  1.2198E-02
    1240    5.250510  1.2403E-02
    1241    5.251600  1.2600E-02
    1242    5.252690  1.2786E-02
    1243    5.253780  1.2961E-02
    1244    5.254870  1.3122E-02
    1245    5.255960  1.3269E-02
    1246    5.257050  1.3400E-02
    1247    5.258140  1.3513E-02
    1248    5.259230  1.3609E-02
    1249    5.260320  1.3687E-02
    1250    5.261410  1.3746E-02
    1251    5.262500  1.3787E-02
    1252    5.263590  1.3809E-02
    1253    5.264680  1.3813E-02
    1254    5.265770  1.3799E-02
    1255    5.266860  1.3767E-02
    1256    5.267950  1.3720E-02
    1257    5.269040  1.3657E-02
    1258    5.270130  1.3581E-02
    1259    5.271220  1.3491E-02
    1260    5.272310  1.3391E-02
    1261    5.273400  1.3281E-02
    1262    5.274490  1.3162E-02
    1263    5.275580  1.3038E-02
    1264    5.276670  1.2909E-02
    1265    5.277760  1.2776E-02
    1266    5.278850  1.2643E-02
    1267    5.279940  1.2510E-02
    1268    5.281030  1.2379E-02
    1269    5.282120  1.2252E-02
    1270    5.283210  1.2130E-02
    1271    5.284300  1.2015E-02
    1272    5.285390  1.1907E-02
    1273    5.286480  1.1808E-02
    1274    5.287570  1.1719E-02
    1275    5.288660  1.1641E-02
    1276    5.289750  1.1573E-02
    1277    5.290840  1.1517E-02
    1278    5.291930  1.1473E-02
    1279    5.293020  1.1441E-02
    1280    5.294110  1.1420E-02
    1281    5.295200  1.1411E-02
    1282    5.296290  1.1412E-02
    1283    5.297380  1.1424E-02
    1284    5.298470  1.1445E-02
    1285    5.299560  1.1475E-02
    1286    5.300650  1.1511E-02
    1287    5.301740  1.1554E-02
    1288    5.302830  1.1602E-02
    1289    5.303920  1.1653E-02
    1290    5.305010  1.1706E-02
    1291    5.306100  1.1759E-02
    1292    5.307190  1.1811E-02
    1293    5.308280  1.1860E-02
    1294    5.309370  1.1905E-02
    1295    5.310460  1.1944E-02
    1296    5.311550  1.1976E-02
    1297    5.312640  1.1999E-02
    1298    5.313730  1.2013E-02
    1299    5.314820  1.2014E-02
    1300    5.315910  1.2004E-02
    1301    5.317000  1.1980E-02
    1302    5.318090  1.1942E-02
    1303    5.319180  1.1890E-02
    1304    5.320270  1.1821E-02
    1305    5.321360  1.1737E-02
    1306    5.322450  1.1636E-02
    1307    5.323540  1.1519E-02
    1308    5.324630  1.1386E-02
    1309    5.325720  1.1237E-02
    1310    5.326810  1.1072E-02
    1311    5.327900  1.0892E-02
    1312    5.328990  1.0697E-02
    1313    5.330080  1.0488E-02
    1314    5.331170  1.0266E-02
    1315    5.332260  1.0031E-02
    1316    5.333350  9.7859E-03
    1317    5.334440  9.5305E-03
    1318    5.335530  9.2663E-03
    1319    5.336620  8.9945E-03
    1320    5.337710  8.7163E-03
    1321    5.338800  8.4332E-03
    1322    5.339890  8.1464E-03
    1323    5.340980  7.8571E-03
    1324    5.342070  7.5668E-03
    1325    5.343160  7.2767E-03
    1326    5.344250  6.9880E-03
    1327    5.345340  6.7019E-03
    1328    5.346430  6.4195E-03
    1329    5.347520  6.1420E-03
    1330    5.348610  5.8703E-03
    1331    5.349700  5.6053E-03
    1332    5.350790  5.3479E-03
    1333    5.351880  5.0989E-03
    1334    5.352970  4.8588E-03
    1335    5.354060  4.6284E-03
    1336    5.355150  4.4080E-03
    1337    5.356240  4.1980E-03
    1338    5.357330  3.9987E-03
    1339    5.358420  3.8104E-03
    1340    5.359510  3.6332E-03
    1341    5.360600  3.4670E-03
    1342    5.361690  3.3118E-03
    1343    5.362780  3.1675E-03
    1344    5.363870  3.0340E-03
    1345    5.364960  2.9108E-03
    1346    5.366050  2.7978E-03
    1347    5.367140  2.6945E-03
    1348    5.368230  2.6004E-03
    1349    5.369320  2.5152E-03
    1350    5.370410  2.4383E-03
    1351    5.371500  2.3692E-03
    1352    5.372590  2.3073E-03
    1353    5.373680  2.2520E-03
    1354    5.374770  2.2028E-03
    1355    5.375860  2.1590E-03
    1356    5.376950  2.1200E-03
    1357    5.378040  2.0853E-03
    1358    5.379130  2.0543E-03
    1359    5.380220  2.0264E-03
    1360    5.381310  2.0011E-03
    1361    5.382400  1.9778E-03
    1362    5.383490  1.9561E-03
    1363    5.384580  1.9354E-03
    1364    5.385670  1.9154E-03
    1365    5.386760  1.8956E-03
    1366    5.387850  1.8757E-03
    1367    5.388940  1.8552E-03
    1368    5.390030  1.8341E-03
    1369    5.391120  1.8119E-03
    1370    5.392210  1.7884E-03
    1371    5.393300  1.7635E-03
    1372    5.394390  1.7371E-03
    1373    5.395480  1.7090E-03
    1374    5.396570  1.6791E-03
    1375    5.397660  1.6474E-03
    1376    5.398750  1.6139E-03
    1377    5.399840  1.5787E-03
    1378    5.400930  1.5417E-03
    1379    5.402020  1.5030E-03
    1380    5.403110  1.4628E-03
    1381    5.404200  1.4211E-03
    1382    5.405290  1.3781E-03
    1383    5.406380  1.3339E-03
    1384    5.407470  1.2887E-03
    1385    5.408560  1.2426E-03
    1386    5.409650  1.1959E-03
    1387    5.410740  1.1486E-03
    1388    5.411830  1.1011E-03
    1389    5.412920  1.0534E-03
    1390    5.414010  1.0057E-03
    1391    5.415100  9.5824E-04
    1392    5.416190  9.1116E-04
    1393    5.417280  8.6463E-04
    1394    5.418370  8.1879E-04
    1395    5.419460  7.7378E-04
    1396    5.420550  7.2974E-04
    1397    5.421640  6.8679E-04
    1398    5.422730  6.4503E-04
    1399    5.423820  6.0457E-04
    1400    5.424910  5.6547E-04
    1401    5.426000  5.2782E-04
    1402    5.427090  4.9167E-04
    1403    5.428180  4.5707E-04
    1404    5.429270  4.2405E-04
    1405    5.430360  3.9264E-04
    1406    5.431450  3.6284E-04
    1407    5.432540  3.3466E-04
    1408    5.433630  3.0809E-04
    1409    5.434720  2.8311E-04
    1410    5.435810  2.5971E-04
    1411    5.436900  2.3785E-04
    1412    5.437990  2.1749E-04
    1413    5.439080  1.9859E-04
    1414    5.440170  1.8111E-04
    1415    5.441260  1.6500E-04
    1416    5.442350  1.5020E-04
    1417    5.443440  1.3666E-04
    1418    5.444530  1.2432E-04
    1419    5.445620  1.1312E-04
    1420    5.446710  1.0302E-04
    1421    5.447800  9.3938E-05
    1422    5.448890  8.5832E-05
    1423    5.449980  7.8643E-05
    1424    5.451070  7.2315E-05
    1425    5.452160  6.6795E-05
    1426    5.453250  6.2031E-05
    1427    5.454340  5.7975E-05
    1428    5.455430  5.4577E-05
    1429    5.456520  5.1792E-05
    1430    5.457610  4.9578E-05
    1431    5.458700  4.7891E-05
    1432    5.459790  4.6694E-05
    1433    5.460880  4.5948E-05
    1434    5.461970  4.5618E-05
    1435    5.463060  4.5671E-05
    1436    5.464150  4.6073E-05
    1437    5.465240  4.6796E-05
    1438    5.466330  4.7810E-05
    1439    5.467420  4.9086E-05
    1440    5.468510  5.0599E-05
    1441    5.469600  5.2324E-05
    1442    5.470690  5.4235E-05
    1443    5.471780  5.6308E-05
    1444    5.472870  5.8522E-05
    1445    5.473960  6.0853E-05
    1446    5.475050  6.3280E-05
    1447    5.476140  6.5781E-05
    1448    5.477230  6.8336E-05
    1449    5.478320  7.0925E-05
    1450    5.479410  7.3527E-05
    1451    5.480500  7.6123E-05
    1452    5.481590  7.8694E-05
    1453    5.482680  8.1223E-05
    1454    5.483770  8.3690E-05
    1455    5.484860  8.6079E-05
    1456    5.485950  8.8374E-05
    1457    5.487040  9.0558E-05
    1458    5.488130  9.2616E-05
    1459    5.489220  9.4535E-05
    1460    5.490310  9.6300E-05
    1461    5.491400  9.7901E-05
    1462    5.492490  9.9326E-05
    1463    5.493580  1.0057E-04
    1464    5.494670  1.0161E-04
    1465    5.495760  1.0245E-04
    1466    5.496850  1.0309E-04
    1467    5.497940  1.0351E-04
    1468    5.499030  1.0372E-04
    1469    5.500120  1.0372E-04
    1470    5.501210  1.0349E-04
    1471    5.502300  1.0305E-04
    1472    5.503390  1.0240E-04
    1473    5.504480  1.0154E-04
    1474    5.505570  1.0048E-04
    1475    5.506660  9.9218E-05
    1476    5.507750  9.7769E-05
    1477    5.508840  9.6139E-05
    1478    5.509930  9.4339E-05
    1479    5.511020  9.2379E-05
    1480    5.512110  9.0271E-05
    1481    5.513200  8.8027E-05
    1482    5.514290  8.5660E-05
    1483    5.515380  8.3183E-05
    1484    5.516470  8.0609E-05
    1485    5.517560  7.7952E-05
    1486    5.518650  7.5226E-05
    1487    5.519740  7.2444E-05
    1488    5.520830  6.9619E-05
    1489    5.521920  6.6766E-05
    1490    5.523010  6.3897E-05
    1491    5.524100  6.1024E-05
    1492    5.525190  5.8159E-05
    1493    5.526280  5.5314E-05
    1494    5.527370  5.2498E-05
    1495    5.528460  4.9723E-05
    1496    5.529550  4.6997E-05
    1497    5.530640  4.4329E-05
    1498    5.531730  4.1725E-05
    1499    5.532820  3.9193E-05
    1500    5.533910  3.6739E-05
    1501    5.535000  3.4367E-05
    1502    5.536090  3.2082E-05
    1503    5.537180  2.9887E-05
    1504    5.538270  2.7784E-05
    1505    5.539360  2.5777E-05
    1506    5.540450  2.3864E-05
    1507    5.541540  2.2049E-05
    1508    5.542630  2.0329E-05
    1509    5.543720  1.8705E-05
    1510    5.544810  1.7175E-05
    1511    5.545900  1.5738E-05
    1512    5.546990  1.4391E-05
    1513    5.548080  1.3132E-05
    1514    5.549170  1.1959E-05
    1515    5.550260  1.0868E-05
    1516    5.551350  9.8565E-06
    1517    5.552440  8.9206E-06
    1518    5.553530  8.0570E-06
    1519    5.554620  7.2620E-06
    1520    5.555710  6.5319E-06
    1521    5.556800  5.8632E-06
    1522    5.557890  5.2520E-06
    1523    5.558980  4.6949E-06
    1524    5.560070  4.1883E-06
    1525    5.561160  3.7286E-06
    1526    5.562250  3.3125E-06
    1527    5.563340  2.9369E-06
    1528    5.564430  2.5984E-06
    1529    5.565520  2.2942E-06
    1530    5.566610  2.0215E-06
    1531    5.567700  1.7775E-06
    1532    5.568790  1.5597E-06
    1533    5.569880  1.3658E-06
    1534    5.570970  1.1936E-06
    1535    5.572060  1.0409E-06
    1536    5.573150  9.0585E-07
    1537    5.574240  7.8671E-07
    1538    5.575330  6.8183E-07
    1539    5.576420  5.8971E-07
    1540    5.577510  5.0898E-07
    1541    5.578600  4.3840E-07
    1542    5.579690  3.7682E-07
    1543    5.580780  3.2323E-07
    1544    5.581870  2.7668E-07
    1545    5.582960  2.3634E-07
    1546    5.584050  2.0147E-07
    1547    5.585140  1.7139E-07
    1548    5.586230  1.4550E-07
    1549    5.587320  1.2326E-07
    1550    5.588410  1.0420E-07
    1551    5.589500  8.7912E-08
    1552    5.590590  7.4013E-08
    1553    5.591680  6.2182E-08
    1554    5.592770  5.2133E-08
    1555    5.593860  4.3618E-08
    1556    5.594950  3.6417E-08
    1557    5.596040  3.0342E-08
    1558    5.597130  2.5228E-08
    1559    5.598220  2.0932E-08
    1560    5.599310  1.7331E-08
    1561    5.600400  1.4320E-08
    1562    5.601490  1.1807E-08
    1563    5.602580  9.7148E-09
    1564    5.603670  7.9767E-09
    1565    5.604760  6.5358E-09
    1566    5.605850  5.3440E-09
    1567    5.606940  4.3604E-09
    1568    5.608030  3.5503E-09
    1569    5.609120  2.8847E-09
    1570    5.610210  2.3389E-09
    1571    5.611300  1.8925E-09
    1572    5.612390  1.5280E-09
    1573    5.613480  1.2311E-09
    1574    5.614570  9.8984E-10
    1575    5.615660  7.9418E-10
    1576    5.616750  6.3584E-10
    1577    5.617840  5.0801E-10
    1578    5.618930  4.0501E-10
    1579    5.620020  3.2222E-10
    1580    5.621110  2.5581E-10
    1581    5.622200  2.0266E-10
    1582    5.623290  1.6021E-10
    1583    5.624380  1.2638E-10
    1584    5.625470  9.9490E-11
    1585    5.626560  7.8153E-11
    1586    5.627650  6.1261E-11
    1587    5.628740  4.7919E-11
    1588    5.629830  3.7403E-11
    1589    5.630920  2.9133E-11
    1590    5.632010  2.2643E-11
    1591    5.633100  1.7561E-11
    1592    5.634190  1.3591E-11
    1593    5.635280  1.0496E-11
    1594    5.636370  8.0887E-12
    1595    5.637460  6.2202E-12
    1596    5.638550  4.7731E-12
    1597    5.639640  3.6548E-12
    1598    5.640730  2.7926E-12
    1599    5.641820  2.1292E-12
    1600    5.642910  1.6199E-12
    1601    5.644000  1.2298E-12
    1602    5.645090  9.3168E-13
    1603    5.646180  7.0430E-13
    1604    5.647270  5.3127E-13
    1605    5.648360  3.9989E-13
    1606    5.649450  3.0035E-13
    1607    5.650540  2.2511E-13
    1608    5.651630  1.6835E-13
    1609    5.652720  1.2564E-13
    1610    5.653810  9.3558E-14
    1611    5.654900  6.9519E-14
    1612    5.655990  5.1534E-14
    1613    5.657080  3.8118E-14
    1614    5.658170  2.8072E-14
    1615    5.659260  2.0508E-14
    1616    5.660350  1.4844E-14
    1617    5.661440  1.0671E-14
    1618    5.662530  7.6440E-15
    1619    5.663620  5.5080E-15
    1620    5.664710  4.0114E-15
    1621    5.665800  2.9227E-15
    1622    5.666890  2.1248E-15
    1623    5.667980  1.5297E-15
    1624    5.669070  1.0759E-15
    1625    5.670160  7.5897E-16
    1626    5.671250  5.3575E-16
    1627    5.672340  2.9301E-16
    1628    5.673430  1.1822E-16
    1629    5.674520  5.5893E-17
    1630    5.675610  1.7063E-17
    1631    5.676700  0.0000E+00
    1632    5.677790  0.0000E+00
    1633    5.678880  0.0000E+00
    1634    5.679970  0.0000E+00
    1635    5.681060  0.0000E+00
    1636    5.682150  0.0000E+00
    1637    5.683240  0.0000E+00
    1638    5.684330  0.0000E+00
    1639    5.685420  0.0000E+00
    1640    5.686510  0.0000E+00
    1641    5.687600  0.0000E+00
    1642    5.688690  0.0000E+00
    1643    5.689780  0.0000E+00
    1644    5.690870  0.0000E+00
    1645    5.691960  0.0000E+00
    1646    5.693050  0.0000E+00
    1647    5.694140  0.0000E+00
    1648    5.695230  0.0000E+00
    1649    5.696320  0.0000E+00
    1650    5.697410  0.0000E+00
    1651    5.698500  0.0000E+00
    1652    5.699590  0.0000E+00
    1653    5.700680  0.0000E+00
    1654    5.701770  0.0000E+00
    1655    5.702860  0.0000E+00
    1656    5.703950  0.0000E+00
    1657    5.705040  0.0000E+00
    1658    5.706130  0.0000E+00
    1659    5.707220  0.0000E+00
    1660    5.708310  0.0000E+00
    1661    5.709400  0.0000E+00
    1662    5.710490  0.0000E+00
    1663    5.711580  0.0000E+00
    1664    5.712670  0.0000E+00
    1665    5.713760  0.0000E+00
    1666    5.714850  0.0000E+00
    1667    5.715940  0.0000E+00
    1668    5.717030  0.0000E+00
    1669    5.718120  0.0000E+00
    1670    5.719210  0.0000E+00
    1671    5.720300  0.0000E+00
    1672    5.721390  0.0000E+00
    1673    5.722480  0.0000E+00
    1674    5.723570  0.0000E+00
    1675    5.724660  0.0000E+00
    1676    5.725750  0.0000E+00
    1677    5.726840  0.0000E+00
    1678    5.727930  0.0000E+00
    1679    5.729020  0.0000E+00
    1680    5.730110  0.0000E+00
    1681    5.731200  0.0000E+00
    1682    5.732290  0.0000E+00
    1683    5.733380  0.0000E+00
    1684    5.734470  0.0000E+00
    1685    5.735560  0.0000E+00
    1686    5.736650  0.0000E+00
    1687    5.737740  0.0000E+00
    1688    5.738830  0.0000E+00
    1689    5.739920  0.0000E+00
    1690    5.741010  0.0000E+00
    1691    5.742100  0.0000E+00
    1692    5.743190  0.0000E+00
    1693    5.744280  0.0000E+00
    1694    5.745370  0.0000E+00
    1695    5.746460  0.0000E+00
    1696    5.747550  0.0000E+00
    1697    5.748640  0.0000E+00
    1698    5.749730  0.0000E+00
    1699    5.750820  0.0000E+00
    1700    5.751910  0.0000E+00
    1701    5.753000  0.0000E+00
    1702    5.754090  0.0000E+00
    1703    5.755180  0.0000E+00
    1704    5.756270  0.0000E+00
    1705    5.757360  0.0000E+00
    1706    5.758450  0.0000E+00
    1707    5.759540  0.0000E+00
    1708    5.760630  0.0000E+00
    1709    5.761720  0.0000E+00
    1710    5.762810  0.0000E+00
    1711    5.763900  0.0000E+00
    1712    5.764990  0.0000E+00
    1713    5.766080  0.0000E+00
    1714    5.767170  0.0000E+00
    1715    5.768260  0.0000E+00
    1716    5.769350  0.0000E+00
    1717    5.770440  0.0000E+00
    1718    5.771530  0.0000E+00
    1719    5.772620  0.0000E+00
    1720    5.773710  0.0000E+00
    1721    5.774800  0.0000E+00
    1722    5.775890  0.0000E+00
    1723    5.776980  0.0000E+00
    1724    5.778070  0.0000E+00
    1725    5.779160  0.0000E+00
    1726    5.780250  0.0000E+00
    1727    5.781340  0.0000E+00
    1728    5.782430  0.0000E+00
    1729    5.783520  0.0000E+00
    1730    5.784610  0.0000E+00
    1731    5.785700  0.0000E+00
    1732    5.786790  0.0000E+00
    1733    5.787880  0.0000E+00
    1734    5.788970  0.0000E+00
    1735    5.790060  0.0000E+00
    1736    5.791150  0.0000E+00
    1737    5.792240  0.0000E+00
    1738    5.793330  0.0000E+00
    1739    5.794420  0.0000E+00
    1740    5.795510  0.0000E+00
    1741    5.796600  0.0000E+00
    1742    5.797690  0.0000E+00
    1743    5.798780  0.0000E+00
    1744    5.799870  0.0000E+00
    1745    5.800960  0.0000E+00
    1746    5.802050  0.0000E+00
    1747    5.803140  0.0000E+00
    1748    5.804230  0.0000E+00
    1749    5.805320  0.0000E+00
    1750    5.806410  0.0000E+00
    1751    5.807500  0.0000E+00
    1752    5.808590  0.0000E+00
    1753    5.809680  0.0000E+00
    1754    5.810770  0.0000E+00
    1755    5.811860  0.0000E+00
    1756    5.812950  0.0000E+00
    1757    5.814040  0.0000E+00
    1758    5.815130  0.0000E+00
    1759    5.816220  0.0000E+00
    1760    5.817310  0.0000E+00
    1761    5.818400  0.0000E+00
    1762    5.819490  0.0000E+00
    1763    5.820580  0.0000E+00
    1764    5.821670  0.0000E+00
    1765    5.822760  0.0000E+00
    1766    5.823850  0.0000E+00
    1767    5.824940  0.0000E+00
    1768    5.826030  0.0000E+00
    1769    5.827120  0.0000E+00
    1770    5.828210  0.0000E+00
    1771    5.829300  0.0000E+00
    1772    5.830390  0.0000E+00
    1773    5.831480  0.0000E+00
    1774    5.832570  0.0000E+00
    1775    5.833660  0.0000E+00
    1776    5.834750  0.0000E+00
    1777    5.835840  0.0000E+00
    1778    5.836930  0.0000E+00
    1779    5.838020  0.0000E+00
    1780    5.839110  0.0000E+00
    1781    5.840200  0.0000E+00
    1782    5.841290  0.0000E+00
    1783    5.842380  0.0000E+00
    1784    5.843470  0.0000E+00
    1785    5.844560  0.0000E+00
    1786    5.845650  0.0000E+00
    1787    5.846740  0.0000E+00
    1788    5.847830  0.0000E+00
    1789    5.848920  0.0000E+00
    1790    5.850010  0.0000E+00
    1791    5.851100  0.0000E+00
    1792    5.852190  0.0000E+00
    1793    5.853280  0.0000E+00
    1794    5.854370  0.0000E+00
    1795    5.855460  0.0000E+00
    1796    5.856550  0.0000E+00
    1797    5.857640  0.0000E+00
    1798    5.858730  0.0000E+00
    1799    5.859820  0.0000E+00
    1800    5.860910  0.0000E+00
    1801    5.862000  0.0000E+00
    1802    5.863090  0.0000E+00
    1803    5.864180  0.0000E+00
    1804    5.865270  0.0000E+00
    1805    5.866360  0.0000E+00
    1806    5.867450  0.0000E+00
    1807    5.868540  0.0000E+00
    1808    5.869630  0.0000E+00
    1809    5.870720  0.0000E+00
    1810    5.871810  0.0000E+00
    1811    5.872900  0.0000E+00
    1812    5.873990  0.0000E+00
    1813    5.875080  0.0000E+00
    1814    5.876170  0.0000E+00
    1815    5.877260  0.0000E+00
    1816    5.878350  0.0000E+00
    1817    5.879440  0.0000E+00
    1818    5.880530  0.0000E+00
    1819    5.881620  0.0000E+00
    1820    5.882710  0.0000E+00
    1821    5.883800  0.0000E+00
    1822    5.884890  0.0000E+00
    1823    5.885980  0.0000E+00
    1824    5.887070  0.0000E+00
    1825    5.888160  0.0000E+00
    1826    5.889250  0.0000E+00
    1827    5.890340  0.0000E+00
    1828    5.891430  0.0000E+00
    1829    5.892520  0.0000E+00
    1830    5.893610  0.0000E+00
    1831    5.894700  0.0000E+00
    1832    5.895790  0.0000E+00
    1833    5.896880  0.0000E+00
    1834    5.897970  0.0000E+00
    1835    5.899060  0.0000E+00
    1836    5.900150  0.0000E+00
    1837    5.901240  0.0000E+00
    1838    5.902330  0.0000E+00
    1839    5.903420  0.0000E+00
    1840    5.904510  0.0000E+00
    1841    5.905600  0.0000E+00
    1842    5.906690  0.0000E+00
    1843    5.907780  0.0000E+00
    1844    5.908870  0.0000E+00
    1845    5.909960  0.0000E+00
    1846    5.911050  0.0000E+00
    1847    5.912140  0.0000E+00
    1848    5.913230  0.0000E+00
    1849    5.914320  0.0000E+00
    1850    5.915410  0.0000E+00
    1851    5.916500  0.0000E+00
    1852    5.917590  0.0000E+00
    1853    5.918680  0.0000E+00
    1854    5.919770  0.0000E+00
    1855    5.920860  0.0000E+00
    1856    5.921950  0.0000E+00
    1857    5.923040  0.0000E+00
    1858    5.924130  0.0000E+00
    1859    5.925220  0.0000E+00
    1860    5.926310  0.0000E+00
    1861    5.927400  0.0000E+00
    1862    5.928490  0.0000E+00
    1863    5.929580  0.0000E+00
    1864    5.930670  0.0000E+00
    1865    5.931760  0.0000E+00
    1866    5.932850  0.0000E+00
    1867    5.933940  0.0000E+00
    1868    5.935030  0.0000E+00
    1869    5.936120  0.0000E+00
    1870    5.937210  0.0000E+00
    1871    5.938300  0.0000E+00
    1872    5.939390  0.0000E+00
    1873    5.940480  0.0000E+00
    1874    5.941570  0.0000E+00
    1875    5.942660  0.0000E+00
    1876    5.943750  0.0000E+00
    1877    5.944840  0.0000E+00
    1878    5.945930  0.0000E+00
    1879    5.947020  0.0000E+00
    1880    5.948110  0.0000E+00
    1881    5.949200  0.0000E+00
    1882    5.950290  0.0000E+00
    1883    5.951380  0.0000E+00
    1884    5.952470  0.0000E+00
    1885    5.953560  0.0000E+00
    1886    5.954650  0.0000E+00
    1887    5.955740  0.0000E+00
    1888    5.956830  0.0000E+00
    1889    5.957920  0.0000E+00
    1890    5.959010  0.0000E+00
    1891    5.960100  0.0000E+00
    1892    5.961190  0.0000E+00
    1893    5.962280  0.0000E+00
    1894    5.963370  0.0000E+00
    1895    5.964460  0.0000E+00
    1896    5.965550  0.0000E+00
    1897    5.966640  0.0000E+00
    1898    5.967730  0.0000E+00
    1899    5.968820  0.0000E+00
    1900    5.969910  0.0000E+00
    1901    5.971000  0.0000E+00
    1902    5.972090  0.0000E+00
    1903    5.973180  0.0000E+00
    1904    5.974270  0.0000E+00
    1905    5.975360  0.0000E+00
    1906    5.976450  0.0000E+00
    1907    5.977540  0.0000E+00
    1908    5.978630  0.0000E+00
    1909    5.979720  0.0000E+00
    1910    5.980810  0.0000E+00
    1911    5.981900  0.0000E+00
    1912    5.982990  0.0000E+00
    1913    5.984080  0.0000E+00
    1914    5.985170  0.0000E+00
    1915    5.986260  0.0000E+00
    1916    5.987350  0.0000E+00
    1917    5.988440  0.0000E+00
    1918    5.989530  0.0000E+00
    1919    5.990620  0.0000E+00
    1920    5.991710  0.0000E+00
    1921    5.992800  0.0000E+00
    1922    5.993890  0.0000E+00
    1923    5.994980  0.0000E+00
    1924    5.996070  0.0000E+00
    1925    5.997160  0.0000E+00
    1926    5.998250  0.0000E+00
    1927    5.999340  0.0000E+00
    1928    6.000430  0.0000E+00
    1929    6.001520  0.0000E+00
    1930    6.002610  0.0000E+00
    1931    6.003700  0.0000E+00
    1932    6.004790  0.0000E+00
    1933    6.005880  0.0000E+00
    1934    6.006970  0.0000E+00
    1935    6.008060  0.0000E+00
    1936    6.009150  0.0000E+00
    1937    6.010240  0.0000E+00
    1938    6.011330  0.0000E+00
    1939    6.012420  0.0000E+00
    1940    6.013510  0.0000E+00
    1941    6.014600  0.0000E+00
    1942    6.015690  0.0000E+00
    1943    6.016780  0.0000E+00
    1944    6.017870  0.0000E+00
    1945    6.018960  0.0000E+00
    1946    6.020050  0.0000E+00
    1947    6.021140  0.0000E+00
    1948    6.022230  0.0000E+00
    1949    6.023320  0.0000E+00
    1950    6.024410  0.0000E+00
    1951    6.025500  0.0000E+00
    1952    6.026590  0.0000E+00
    1953    6.027680  0.0000E+00
    1954    6.028770  0.0000E+00
    1955    6.029860  0.0000E+00
    1956    6.030950  0.0000E+00
    1957    6.032040  0.0000E+00
    1958    6.033130  0.0000E+00
    1959    6.034220  0.0000E+00
    1960    6.035310  0.0000E+00
    1961    6.036400  0.0000E+00
    1962    6.037490  0.0000E+00
    1963    6.038580  0.0000E+00
    1964    6.039670  0.0000E+00
    1965    6.040760  0.0000E+00
    1966    6.041850  0.0000E+00
    1967    6.042940  0.0000E+00
    1968    6.044030  0.0000E+00
    1969    6.045120  0.0000E+00
    1970    6.046210  0.0000E+00
    1971    6.047300  0.0000E+00
    1972    6.048390  0.0000E+00
    1973    6.049480  0.0000E+00
    1974    6.050570  0.0000E+00
    1975    6.051660  0.0000E+00
    1976    6.052750  0.0000E+00
    1977    6.053840  0.0000E+00
    1978    6.054930  0.0000E+00
    1979    6.056020  0.0000E+00
    1980    6.057110  0.0000E+00
    1981    6.058200  0.0000E+00
    1982    6.059290  0.0000E+00
    1983    6.060380  0.0000E+00
    1984    6.061470  0.0000E+00
    1985    6.062560  0.0000E+00
    1986    6.063650  0.0000E+00
    1987    6.064740  0.0000E+00
    1988    6.065830  0.0000E+00
    1989    6.066920  0.0000E+00
    1990    6.068010  0.0000E+00
    1991    6.069100  0.0000E+00
    1992    6.070190  0.0000E+00
    1993    6.071280  0.0000E+00
    1994    6.072370  0.0000E+00
    1995    6.073460  0.0000E+00
    1996    6.074550  0.0000E+00
    1997    6.075640  0.0000E+00
    1998    6.076730  0.0000E+00
    1999    6.077820  0.0000E+00
    2000    6.078910  0.0000E+00
    2001    6.080000  0.0000E+00
    2002    6.081090  0.0000E+00
    2003    6.082180  0.0000E+00
    2004    6.083270  0.0000E+00
    2005    6.084360  0.0000E+00
    2006    6.085450  0.0000E+00
    2007    6.086540  0.0000E+00
    2008    6.087630  0.0000E+00
    2009    6.088720  0.0000E+00
    2010    6.089810  0.0000E+00
    2011    6.090900  0.0000E+00
    2012    6.091990  0.0000E+00
    2013    6.093080  0.0000E+00
    2014    6.094170  0.0000E+00
    2015    6.095260  0.0000E+00
    2016    6.096350  0.0000E+00
    2017    6.097440  0.0000E+00
    2018    6.098530  0.0000E+00
    2019    6.099620  0.0000E+00
    2020    6.100710  0.0000E+00
    2021    6.101800  0.0000E+00
    2022    6.102890  0.0000E+00
    2023    6.103980  0.0000E+00
    2024    6.105070  0.0000E+00
    2025    6.106160  0.0000E+00
    2026    6.107250  0.0000E+00
    2027    6.108340  0.0000E+00
    2028    6.109430  0.0000E+00
    2029    6.110520  0.0000E+00
    2030    6.111610  0.0000E+00
    2031    6.112700  0.0000E+00
    2032    6.113790  0.0000E+00
    2033    6.114880  0.0000E+00
    2034    6.115970  0.0000E+00
    2035    6.117060  0.0000E+00
    2036    6.118150  0.0000E+00
    2037    6.119240  0.0000E+00
    2038    6.120330  0.0000E+00
    2039    6.121420  0.0000E+00
    2040    6.122510  0.0000E+00
    2041    6.123600  0.0000E+00
    2042    6.124690  0.0000E+00
    2043    6.125780  0.0000E+00
    2044    6.126870  0.0000E+00
    2045    6.127960  0.0000E+00
    2046    6.129050  0.0000E+00
    2047    6.130140  0.0000E+00
    2048    6.131230  0.0000E+00
    2049    6.132320  0.0000E+00
    2050    6.133410  0.0000E+00
    2051    6.134500  0.0000E+00
    2052    6.135590  0.0000E+00
    2053    6.136680  0.0000E+00
    2054    6.137770  0.0000E+00
    2055    6.138860  0.0000E+00
    2056    6.139950  0.0000E+00
    2057    6.141040  0.0000E+00
    2058    6.142130  0.0000E+00
    2059    6.143220  0.0000E+00
    2060    6.144310  0.0000E+00
    2061    6.145400  0.0000E+00
    2062    6.146490  0.0000E+00
    2063    6.147580  0.0000E+00
    2064    6.148670  0.0000E+00
    2065    6.149760  0.0000E+00
    2066    6.150850  0.0000E+00
    2067    6.151940  0.0000E+00
    2068    6.153030  0.0000E+00
    2069    6.154120  0.0000E+00
    2070    6.155210  0.0000E+00
    2071    6.156300  0.0000E+00
    2072    6.157390  0.0000E+00
    2073    6.158480  0.0000E+00
    2074    6.159570  0.0000E+00
    2075    6.160660  0.0000E+00
    2076    6.161750  0.0000E+00
    2077    6.162840  0.0000E+00
    2078    6.163930  0.0000E+00
    2079    6.165020  0.0000E+00
    2080    6.166110  0.0000E+00
    2081    6.167200  0.0000E+00
    2082    6.168290  0.0000E+00
    2083    6.169380  0.0000E+00
    2084    6.170470  0.0000E+00
    2085    6.171560  0.0000E+00
    2086    6.172650  0.0000E+00
    2087    6.173740  0.0000E+00
    2088    6.174830  0.0000E+00
    2089    6.175920  0.0000E+00
    2090    6.177010  0.0000E+00
    2091    6.178100  0.0000E+00
    2092    6.179190  0.0000E+00
    2093    6.180280  0.0000E+00
    2094    6.181370  0.0000E+00
    2095    6.182460  0.0000E+00
    2096    6.183550  0.0000E+00
    2097    6.184640  0.0000E+00
    2098    6.185730  0.0000E+00
    2099    6.186820  0.0000E+00
    2100    6.187910  0.0000E+00
    2101    6.189000  0.0000E+00
    2102    6.190090  0.0000E+00
    2103    6.191180  0.0000E+00
    2104    6.192270  0.0000E+00
    2105    6.193360  0.0000E+00
    2106    6.194450  0.0000E+00
    2107    6.195540  0.0000E+00
    2108    6.196630  0.0000E+00
    2109    6.197720  0.0000E+00
    2110    6.198810  0.0000E+00
    2111    6.199900  0.0000E+00
    2112    6.200990  0.0000E+00
    2113    6.202080  0.0000E+00
    2114    6.203170  0.0000E+00
    2115    6.204260  0.0000E+00
    2116    6.205350  0.0000E+00
    2117    6.206440  0.0000E+00
    2118    6.207530  0.0000E+00
    2119    6.208620  0.0000E+00
    2120    6.209710  0.0000E+00
    2121    6.210800  0.0000E+00
    2122    6.211890  0.0000E+00
    2123    6.212980  0.0000E+00
    2124    6.214070  0.0000E+00
    2125    6.215160  0.0000E+00
    2126    6.216250  0.0000E+00
    2127    6.217340  0.0000E+00
    2128    6.218430  0.0000E+00
    2129    6.219520  0.0000E+00
    2130    6.220610  0.0000E+00
    2131    6.221700  0.0000E+00
    2132    6.222790  0.0000E+00
    2133    6.223880  0.0000E+00
    2134    6.224970  0.0000E+00
    2135    6.226060  0.0000E+00
    2136    6.227150  0.0000E+00
    2137    6.228240  0.0000E+00
    2138    6.229330  0.0000E+00
    2139    6.230420  0.0000E+00
    2140    6.231510  0.0000E+00
    2141    6.232600  0.0000E+00
    2142    6.233690  0.0000E+00
    2143    6.234780  0.0000E+00
    2144    6.235870  0.0000E+00
    2145    6.236960  0.0000E+00
    2146    6.238050  0.0000E+00
    2147    6.239140  0.0000E+00
    2148    6.240230  0.0000E+00
    2149    6.241320  0.0000E+00
    2150    6.242410  0.0000E+00
    2151    6.243500  0.0000E+00
    2152    6.244590  0.0000E+00
    2153    6.245680  0.0000E+00
    2154    6.246770  0.0000E+00
    2155    6.247860  0.0000E+00
    2156    6.248950  0.0000E+00
    2157    6.250040  0.0000E+00
    2158    6.251130  0.0000E+00
    2159    6.252220  0.0000E+00
    2160    6.253310  0.0000E+00
    2161    6.254400  0.0000E+00
    2162    6.255490  0.0000E+00
    2163    6.256580  0.0000E+00
    2164    6.257670  0.0000E+00
    2165    6.258760  0.0000E+00
    2166    6.259850  0.0000E+00
    2167    6.260940  0.0000E+00
    2168    6.262030  0.0000E+00
    2169    6.263120  0.0000E+00
    2170    6.264210  0.0000E+00
    2171    6.265300  0.0000E+00
    2172    6.266390  0.0000E+00
    2173    6.267480  0.0000E+00
    2174    6.268570  0.0000E+00
    2175    6.269660  0.0000E+00
    2176    6.270750  0.0000E+00
    2177    6.271840  0.0000E+00
    2178    6.272930  0.0000E+00
    2179    6.274020  0.0000E+00
    2180    6.275110  0.0000E+00
    2181    6.276200  0.0000E+00
    2182    6.277290  0.0000E+00
    2183    6.278380  0.0000E+00
    2184    6.279470  0.0000E+00
    2185    6.280560  0.0000E+00
    2186    6.281650  0.0000E+00
    2187    6.282740  0.0000E+00
    2188    6.283830  0.0000E+00
    2189    6.284920  0.0000E+00
    2190    6.286010  0.0000E+00
    2191    6.287100  0.0000E+00
    2192    6.288190  0.0000E+00
    2193    6.289280  0.0000E+00
    2194    6.290370  0.0000E+00
    2195    6.291460  0.0000E+00
    2196    6.292550  0.0000E+00
    2197    6.293640  0.0000E+00
    2198    6.294730  0.0000E+00
    2199    6.295820  0.0000E+00
    2200    6.296910  0.0000E+00
    2201    6.298000  0.0000E+00
    2202    6.299090  0.0000E+00
    2203    6.300180  0.0000E+00
    2204    6.301270  0.0000E+00
    2205    6.302360  0.0000E+00
    2206    6.303450  0.0000E+00
    2207    6.304540  0.0000E+00
    2208    6.305630  0.0000E+00
    2209    6.306720  0.0000E+00
    2210    6.307810  0.0000E+00
    2211    6.308900  0.0000E+00
    2212    6.309990  0.0000E+00
    2213    6.311080  0.0000E+00
    2214    6.312170  0.0000E+00
    2215    6.313260  0.0000E+00
    2216    6.314350  0.0000E+00
    2217    6.315440  0.0000E+00
    2218    6.316530  0.0000E+00
    2219    6.317620  0.0000E+00
    2220    6.318710  0.0000E+00
    2221    6.319800  0.0000E+00
    2222    6.320890  0.0000E+00
    2223    6.321980  0.0000E+00
    2224    6.323070  0.0000E+00
    2225    6.324160  0.0000E+00
    2226    6.325250  0.0000E+00
    2227    6.326340  0.0000E+00
    2228    6.327430  0.0000E+00
    2229    6.328520  0.0000E+00
    2230    6.329610  0.0000E+00
    2231    6.330700  0.0000E+00
    2232    6.331790  0.0000E+00
    2233    6.332880  0.0000E+00
    2234    6.333970  0.0000E+00
    2235    6.335060  0.0000E+00
    2236    6.336150  0.0000E+00
    2237    6.337240  0.0000E+00
    2238    6.338330  0.0000E+00
    2239    6.339420  0.0000E+00
    2240    6.340510  0.0000E+00
    2241    6.341600  0.0000E+00
    2242    6.342690  0.0000E+00
    2243    6.343780  0.0000E+00
    2244    6.344870  0.0000E+00
    2245    6.345960  0.0000E+00
    2246    6.347050  0.0000E+00
    2247    6.348140  0.0000E+00
    2248    6.349230  0.0000E+00
    2249    6.350320  0.0000E+00
    2250    6.351410  0.0000E+00
    2251    6.352500  0.0000E+00
    2252    6.353590  0.0000E+00
    2253    6.354680  0.0000E+00
    2254    6.355770  0.0000E+00
    2255    6.356860  0.0000E+00
    2256    6.357950  0.0000E+00
    2257    6.359040  0.0000E+00
    2258    6.360130  0.0000E+00
    2259    6.361220  0.0000E+00
    2260    6.362310  0.0000E+00
    2261    6.363400  0.0000E+00
    2262    6.364490  0.0000E+00
    2263    6.365580  0.0000E+00
    2264    6.366670  0.0000E+00
    2265    6.367760  0.0000E+00
    2266    6.368850  0.0000E+00
    2267    6.369940  0.0000E+00
    2268    6.371030  0.0000E+00
    2269    6.372120  0.0000E+00
    2270    6.373210  0.0000E+00
    2271    6.374300  0.0000E+00
    2272    6.375390  0.0000E+00
    2273    6.376480  0.0000E+00
    2274    6.377570  0.0000E+00
    2275    6.378660  0.0000E+00
    2276    6.379750  0.0000E+00
    2277    6.380840  0.0000E+00
    2278    6.381930  0.0000E+00
    2279    6.383020  0.0000E+00
    2280    6.384110  0.0000E+00
    2281    6.385200  0.0000E+00
    2282    6.386290  0.0000E+00
    2283    6.387380  0.0000E+00
    2284    6.388470  0.0000E+00
    2285    6.389560  0.0000E+00
    2286    6.390650  0.0000E+00
    2287    6.391740  0.0000E+00
    2288    6.392830  0.0000E+00
    2289    6.393920  0.0000E+00
    2290    6.395010  0.0000E+00
    2291    6.396100  0.0000E+00
    2292    6.397190  0.0000E+00
    2293    6.398280  0.0000E+00
    2294    6.399370  0.0000E+00
    2295    6.400460  0.0000E+00
    2296    6.401550  0.0000E+00
    2297    6.402640  0.0000E+00
    2298    6.403730  0.0000E+00
    2299    6.404820  0.0000E+00
    2300    6.405910  0.0000E+00
    2301    6.407000  0.0000E+00
    2302    6.408090  0.0000E+00
    2303    6.409180  0.0000E+00
    2304    6.410270  0.0000E+00
    2305    6.411360  0.0000E+00
    2306    6.412450  0.0000E+00
    2307    6.413540  0.0000E+00
    2308    6.414630  0.0000E+00
    2309    6.415720  0.0000E+00
    2310    6.416810  0.0000E+00
    2311    6.417900  0.0000E+00
    2312    6.418990  0.0000E+00
    2313    6.420080  0.0000E+00
    2314    6.421170  0.0000E+00
    2315    6.422260  0.0000E+00
    2316    6.423350  0.0000E+00
    2317    6.424440  0.0000E+00
    2318    6.425530  0.0000E+00
    2319    6.426620  0.0000E+00
    2320    6.427710  0.0000E+00
    2321    6.428800  0.0000E+00
    2322    6.429890  0.0000E+00
    2323    6.430980  0.0000E+00
    2324    6.432070  0.0000E+00
    2325    6.433160  0.0000E+00
    2326    6.434250  0.0000E+00
    2327    6.435340  0.0000E+00
    2328    6.436430  0.0000E+00
    2329    6.437520  0.0000E+00
    2330    6.438610  0.0000E+00
    2331    6.439700  0.0000E+00
    2332    6.440790  0.0000E+00
    2333    6.441880  0.0000E+00
    2334    6.442970  0.0000E+00
    2335    6.444060  0.0000E+00
    2336    6.445150  0.0000E+00
    2337    6.446240  0.0000E+00
    2338    6.447330  0.0000E+00
    2339    6.448420  0.0000E+00
    2340    6.449510  0.0000E+00
    2341    6.450600  0.0000E+00
    2342    6.451690  0.0000E+00
    2343    6.452780  0.0000E+00
    2344    6.453870  0.0000E+00
    2345    6.454960  0.0000E+00
    2346    6.456050  0.0000E+00
    2347    6.457140  0.0000E+00
    2348    6.458230  0.0000E+00
    2349    6.459320  0.0000E+00
    2350    6.460410  0.0000E+00
    2351    6.461500  0.0000E+00
    2352    6.462590  0.0000E+00
    2353    6.463680  0.0000E+00
    2354    6.464770  0.0000E+00
    2355    6.465860  0.0000E+00
    2356    6.466950  0.0000E+00
    2357    6.468040  0.0000E+00
    2358    6.469130  0.0000E+00
    2359    6.470220  0.0000E+00
    2360    6.471310  0.0000E+00
    2361    6.472400  0.0000E+00
    2362    6.473490  0.0000E+00
    2363    6.474580  0.0000E+00
    2364    6.475670  0.0000E+00
    2365    6.476760  0.0000E+00
    2366    6.477850  0.0000E+00
    2367    6.478940  0.0000E+00
    2368    6.480030  0.0000E+00
    2369    6.481120  0.0000E+00
    2370    6.482210  0.0000E+00
    2371    6.483300  0.0000E+00
    2372    6.484390  0.0000E+00
    2373    6.485480  0.0000E+00
    2374    6.486570  0.0000E+00
    2375    6.487660  0.0000E+00
    2376    6.488750  0.0000E+00
    2377    6.489840  0.0000E+00
    2378    6.490930  0.0000E+00
    2379    6.492020  0.0000E+00
    2380    6.493110  0.0000E+00
    2381    6.494200  0.0000E+00
    2382    6.495290  0.0000E+00
    2383    6.496380  0.0000E+00
    2384    6.497470  0.0000E+00
    2385    6.498560  0.0000E+00
    2386    6.499650  0.0000E+00
    2387    6.500740  0.0000E+00
    2388    6.501830  0.0000E+00
    2389    6.502920  0.0000E+00
    2390    6.504010  0.0000E+00
    2391    6.505100  0.0000E+00
    2392    6.506190  0.0000E+00
    2393    6.507280  0.0000E+00
    2394    6.508370  0.0000E+00
    2395    6.509460  0.0000E+00
    2396    6.510550  0.0000E+00
    2397    6.511640  0.0000E+00
    2398    6.512730  0.0000E+00
    2399    6.513820  0.0000E+00
    2400    6.514910  0.0000E+00
    2401    6.516000  0.0000E+00
    2402    6.517090  0.0000E+00
    2403    6.518180  0.0000E+00
    2404    6.519270  0.0000E+00
    2405    6.520360  0.0000E+00
    2406    6.521450  0.0000E+00
    2407    6.522540  0.0000E+00
    2408    6.523630  0.0000E+00
    2409    6.524720  0.0000E+00
    2410    6.525810  0.0000E+00
    2411    6.526900  0.0000E+00
    2412    6.527990  0.0000E+00
    2413    6.529080  0.0000E+00
    2414    6.530170  0.0000E+00
    2415    6.531260  0.0000E+00
    2416    6.532350  0.0000E+00
    2417    6.533440  0.0000E+00
    2418    6.534530  0.0000E+00
    2419    6.535620  0.0000E+00
    2420    6.536710  0.0000E+00
    2421    6.537800  0.0000E+00
    2422    6.538890  0.0000E+00
    2423    6.539980  0.0000E+00
    2424    6.541070  0.0000E+00
    2425    6.542160  0.0000E+00
    2426    6.543250  0.0000E+00
    2427    6.544340  0.0000E+00
    2428    6.545430  0.0000E+00
    2429    6.546520  0.0000E+00
    2430    6.547610  0.0000E+00
    2431    6.548700  0.0000E+00
    2432    6.549790  0.0000E+00
    2433    6.550880  0.0000E+00
    2434    6.551970  0.0000E+00
    2435    6.553060  0.0000E+00
    2436    6.554150  0.0000E+00
    2437    6.555240  0.0000E+00
    2438    6.556330  0.0000E+00
    2439    6.557420  0.0000E+00
    2440    6.558510  0.0000E+00
    2441    6.559600  0.0000E+00
    2442    6.560690  0.0000E+00
    2443    6.561780  0.0000E+00
    2444    6.562870  0.0000E+00
    2445    6.563960  0.0000E+00
    2446    6.565050  0.0000E+00
    2447    6.566140  0.0000E+00
    2448    6.567230  0.0000E+00
    2449    6.568320  0.0000E+00
    2450    6.569410  0.0000E+00
    2451    6.570500  0.0000E+00
    2452    6.571590  0.0000E+00
    2453    6.572680  0.0000E+00
    2454    6.573770  0.0000E+00
    2455    6.574860  0.0000E+00
    2456    6.575950  0.0000E+00
    2457    6.577040  0.0000E+00
    2458    6.578130  0.0000E+00
    2459    6.579220  0.0000E+00
    2460    6.580310  0.0000E+00
    2461    6.581400  0.0000E+00
    2462    6.582490  0.0000E+00
    2463    6.583580  0.0000E+00
    2464    6.584670  0.0000E+00
    2465    6.585760  0.0000E+00
    2466    6.586850  0.0000E+00
    2467    6.587940  0.0000E+00
    2468    6.589030  0.0000E+00
    2469    6.590120  0.0000E+00
    2470    6.591210  0.0000E+00
    2471    6.592300  0.0000E+00
    2472    6.593390  0.0000E+00
    2473    6.594480  0.0000E+00
    2474    6.595570  0.0000E+00
    2475    6.596660  0.0000E+00
    2476    6.597750  0.0000E+00
    2477    6.598840  0.0000E+00
    2478    6.599930  0.0000E+00
    2479    6.601020  0.0000E+00
    2480    6.602110  0.0000E+00
    2481    6.603200  0.0000E+00
    2482    6.604290  0.0000E+00
    2483    6.605380  0.0000E+00
    2484    6.606470  0.0000E+00
    2485    6.607560  0.0000E+00
    2486    6.608650  0.0000E+00
    2487    6.609740  0.0000E+00
    2488    6.610830  0.0000E+00
    2489    6.611920  0.0000E+00
    2490    6.613010  0.0000E+00
    2491    6.614100  0.0000E+00
    2492    6.615190  0.0000E+00
    2493    6.616280  0.0000E+00
    2494    6.617370  0.0000E+00
    2495    6.618460  0.0000E+00
    2496    6.619550  0.0000E+00
    2497    6.620640  0.0000E+00
    2498    6.621730  0.0000E+00
    2499    6.622820  0.0000E+00
    2500    6.623910  0.0000E+00
    2501    6.625000  0.0000E+00
    2502    6.626090  0.0000E+00
    2503    6.627180  0.0000E+00
    2504    6.628270  0.0000E+00
    2505    6.629360  0.0000E+00
    2506    6.630450  0.0000E+00
    2507    6.631540  0.0000E+00
    2508    6.632630  0.0000E+00
    2509    6.633720  0.0000E+00
    2510    6.634810  0.0000E+00
    2511    6.635900  0.0000E+00
    2512    6.636990  0.0000E+00
    2513    6.638080  0.0000E+00
    2514    6.639170  0.0000E+00
    2515    6.640260  0.0000E+00
    2516    6.641350  0.0000E+00
    2517    6.642440  0.0000E+00
    2518    6.643530  0.0000E+00
    2519    6.644620  0.0000E+00
    2520    6.645710  0.0000E+00
    2521    6.646800  0.0000E+00
    2522    6.647890  0.0000E+00
    2523    6.648980  0.0000E+00
    2524    6.650070  0.0000E+00
    2525    6.651160  0.0000E+00
    2526    6.652250  0.0000E+00
    2527    6.653340  0.0000E+00
    2528    6.654430  0.0000E+00
    2529    6.655520  0.0000E+00
    2530    6.656610  0.0000E+00
    2531    6.657700  0.0000E+00
    2532    6.658790  0.0000E+00
    2533    6.659880  0.0000E+00
    2534    6.660970  0.0000E+00
    2535    6.662060  0.0000E+00
    2536    6.663150  0.0000E+00
    2537    6.664240  0.0000E+00
    2538    6.665330  0.0000E+00
    2539    6.666420  0.0000E+00
    2540    6.667510  0.0000E+00
    2541    6.668600  0.0000E+00
    2542    6.669690  0.0000E+00
    2543    6.670780  0.0000E+00
    2544    6.671870  0.0000E+00
    2545    6.672960  0.0000E+00
    2546    6.674050  0.0000E+00
    2547    6.675140  0.0000E+00
    2548    6.676230  0.0000E+00
    2549    6.677320  0.0000E+00
    2550    6.678410  0.0000E+00
    2551    6.679500  0.0000E+00
    2552    6.680590  0.0000E+00
    2553    6.681680  0.0000E+00
    2554    6.682770  0.0000E+00
    2555    6.683860  0.0000E+00
    2556    6.684950  0.0000E+00
    2557    6.686040  0.0000E+00
    2558    6.687130  0.0000E+00
    2559    6.688220  0.0000E+00
    2560    6.689310  0.0000E+00
    2561    6.690400  0.0000E+00
    2562    6.691490  0.0000E+00
    2563    6.692580  0.0000E+00
    2564    6.693670  0.0000E+00
    2565    6.694760  0.0000E+00
    2566    6.695850  0.0000E+00
    2567    6.696940  0.0000E+00
    2568    6.698030  0.0000E+00
    2569    6.699120  0.0000E+00
    2570    6.700210  0.0000E+00
    2571    6.701300  0.0000E+00
    2572    6.702390  0.0000E+00
    2573    6.703480  0.0000E+00
    2574    6.704570  0.0000E+00
    2575    6.705660  0.0000E+00
    2576    6.706750  0.0000E+00
    2577    6.707840  0.0000E+00
    2578    6.708930  0.0000E+00
    2579    6.710020  0.0000E+00
    2580    6.711110  0.0000E+00
    2581    6.712200  0.0000E+00
    2582    6.713290  0.0000E+00
    2583    6.714380  0.0000E+00
    2584    6.715470  0.0000E+00
    2585    6.716560  0.0000E+00
    2586    6.717650  0.0000E+00
    2587    6.718740  0.0000E+00
    2588    6.719830  0.0000E+00
    2589    6.720920  0.0000E+00
    2590    6.722010  0.0000E+00
    2591    6.723100  0.0000E+00
    2592    6.724190  0.0000E+00
    2593    6.725280  0.0000E+00
    2594    6.726370  0.0000E+00
    2595    6.727460  0.0000E+00
    2596    6.728550  0.0000E+00
    2597    6.729640  0.0000E+00
    2598    6.730730  0.0000E+00
    2599    6.731820  0.0000E+00
    2600    6.732910  0.0000E+00
    2601    6.734000  0.0000E+00
    2602    6.735090  0.0000E+00
    2603    6.736180  0.0000E+00
    2604    6.737270  0.0000E+00
    2605    6.738360  0.0000E+00
    2606    6.739450  0.0000E+00
    2607    6.740540  0.0000E+00
    2608    6.741630  0.0000E+00
    2609    6.742720  0.0000E+00
    2610    6.743810  0.0000E+00
    2611    6.744900  0.0000E+00
    2612    6.745990  0.0000E+00
    2613    6.747080  0.0000E+00
    2614    6.748170  0.0000E+00
    2615    6.749260  0.0000E+00
    2616    6.750350  0.0000E+00
    2617    6.751440  0.0000E+00
    2618    6.752530  0.0000E+00
    2619    6.753620  0.0000E+00
    2620    6.754710  0.0000E+00
    2621    6.755800  0.0000E+00
    2622    6.756890  0.0000E+00
    2623    6.757980  0.0000E+00
    2624    6.759070  0.0000E+00
    2625    6.760160  0.0000E+00
    2626    6.761250  0.0000E+00
    2627    6.762340  0.0000E+00
    2628    6.763430  0.0000E+00
    2629    6.764520  0.0000E+00
    2630    6.765610  0.0000E+00
    2631    6.766700  0.0000E+00
    2632    6.767790  0.0000E+00
    2633    6.768880  0.0000E+00
    2634    6.769970  0.0000E+00
    2635    6.771060  0.0000E+00
    2636    6.772150  0.0000E+00
    2637    6.773240  0.0000E+00
    2638    6.774330  0.0000E+00
    2639    6.775420  0.0000E+00
    2640    6.776510  0.0000E+00
    2641    6.777600  0.0000E+00
    2642    6.778690  0.0000E+00
    2643    6.779780  0.0000E+00
    2644    6.780870  0.0000E+00
    2645    6.781960  0.0000E+00
    2646    6.783050  0.0000E+00
    2647    6.784140  0.0000E+00
    2648    6.785230  0.0000E+00
    2649    6.786320  0.0000E+00
    2650    6.787410  0.0000E+00
    2651    6.788500  0.0000E+00
    2652    6.789590  0.0000E+00
    2653    6.790680  0.0000E+00
    2654    6.791770  0.0000E+00
    2655    6.792860  0.0000E+00
    2656    6.793950  0.0000E+00
    2657    6.795040  0.0000E+00
    2658    6.796130  0.0000E+00
    2659    6.797220  0.0000E+00
    2660    6.798310  0.0000E+00
    2661    6.799400  0.0000E+00
    2662    6.800490  0.0000E+00
    2663    6.801580  0.0000E+00
    2664    6.802670  0.0000E+00
    2665    6.803760  0.0000E+00
    2666    6.804850  0.0000E+00
    2667    6.805940  0.0000E+00
    2668    6.807030  0.0000E+00
    2669    6.808120  0.0000E+00
    2670    6.809210  0.0000E+00
    2671    6.810300  0.0000E+00
    2672    6.811390  0.0000E+00
    2673    6.812480  0.0000E+00
    2674    6.813570  0.0000E+00
    2675    6.814660  0.0000E+00
    2676    6.815750  0.0000E+00
    2677    6.816840  0.0000E+00
    2678    6.817930  0.0000E+00
    2679    6.819020  0.0000E+00
    2680    6.820110  0.0000E+00
    2681    6.821200  0.0000E+00
    2682    6.822290  0.0000E+00
    2683    6.823380  0.0000E+00
    2684    6.824470  0.0000E+00
    2685    6.825560  0.0000E+00
    2686    6.826650  0.0000E+00
    2687    6.827740  0.0000E+00
    2688    6.828830  0.0000E+00
    2689    6.829920  0.0000E+00
    2690    6.831010  0.0000E+00
    2691    6.832100  0.0000E+00
    2692    6.833190  0.0000E+00
    2693    6.834280  0.0000E+00
    2694    6.835370  0.0000E+00
    2695    6.836460  0.0000E+00
    2696    6.837550  0.0000E+00
    2697    6.838640  0.0000E+00
    2698    6.839730  0.0000E+00
    2699    6.840820  0.0000E+00
    2700    6.841910  0.0000E+00
    2701    6.843000  0.0000E+00
    2702    6.844090  0.0000E+00
    2703    6.845180  0.0000E+00
    2704    6.846270  0.0000E+00
    2705    6.847360  0.0000E+00
    2706    6.848450  0.0000E+00
    2707    6.849540  0.0000E+00
    2708    6.850630  0.0000E+00
    2709    6.851720  0.0000E+00
    2710    6.852810  0.0000E+00
    2711    6.853900  0.0000E+00
    2712    6.854990  0.0000E+00
    2713    6.856080  0.0000E+00
    2714    6.857170  0.0000E+00
    2715    6.858260  0.0000E+00
    2716    6.859350  0.0000E+00
    2717    6.860440  0.0000E+00
    2718    6.861530  0.0000E+00
    2719    6.862620  0.0000E+00
    2720    6.863710  0.0000E+00
    2721    6.864800  0.0000E+00
    2722    6.865890  0.0000E+00
    2723    6.866980  0.0000E+00
    2724    6.868070  0.0000E+00
    2725    6.869160  0.0000E+00
    2726    6.870250  0.0000E+00
    2727    6.871340  0.0000E+00
    2728    6.872430  0.0000E+00
    2729    6.873520  0.0000E+00
    2730    6.874610  0.0000E+00
    2731    6.875700  0.0000E+00
    2732    6.876790  0.0000E+00
    2733    6.877880  0.0000E+00
    2734    6.878970  0.0000E+00
    2735    6.880060  0.0000E+00
    2736    6.881150  0.0000E+00
    2737    6.882240  0.0000E+00
    2738    6.883330  0.0000E+00
    2739    6.884420  0.0000E+00
    2740    6.885510  0.0000E+00
    2741    6.886600  0.0000E+00
    2742    6.887690  0.0000E+00
    2743    6.888780  0.0000E+00
    2744    6.889870  0.0000E+00
    2745    6.890960  0.0000E+00
    2746    6.892050  0.0000E+00
    2747    6.893140  0.0000E+00
    2748    6.894230  0.0000E+00
    2749    6.895320  0.0000E+00
    2750    6.896410  0.0000E+00
    2751    6.897500  0.0000E+00
    2752    6.898590  0.0000E+00
    2753    6.899680  0.0000E+00
    2754    6.900770  0.0000E+00
    2755    6.901860  0.0000E+00
    2756    6.902950  0.0000E+00
    2757    6.904040  0.0000E+00
    2758    6.905130  0.0000E+00
    2759    6.906220  0.0000E+00
    2760    6.907310  0.0000E+00
    2761    6.908400  0.0000E+00
    2762    6.909490  0.0000E+00
    2763    6.910580  0.0000E+00
    2764    6.911670  0.0000E+00
    2765    6.912760  0.0000E+00
    2766    6.913850  0.0000E+00
    2767    6.914940  0.0000E+00
    2768    6.916030  0.0000E+00
    2769    6.917120  0.0000E+00
    2770    6.918210  0.0000E+00
    2771    6.919300  0.0000E+00
    2772    6.920390  0.0000E+00
    2773    6.921480  0.0000E+00
    2774    6.922570  0.0000E+00
    2775    6.923660  0.0000E+00
    2776    6.924750  0.0000E+00
    2777    6.925840  0.0000E+00
    2778    6.926930  0.0000E+00
    2779    6.928020  0.0000E+00
    2780    6.929110  0.0000E+00
    2781    6.930200  0.0000E+00
    2782    6.931290  0.0000E+00
    2783    6.932380  0.0000E+00
    2784    6.933470  0.0000E+00
    2785    6.934560  0.0000E+00
    2786    6.935650  0.0000E+00
    2787    6.936740  0.0000E+00
    2788    6.937830  0.0000E+00
    2789    6.938920  0.0000E+00
    2790    6.940010  0.0000E+00
    2791    6.941100  0.0000E+00
    2792    6.942190  0.0000E+00
    2793    6.943280  0.0000E+00
    2794    6.944370  0.0000E+00
    2795    6.945460  0.0000E+00
    2796    6.946550  0.0000E+00
    2797    6.947640  0.0000E+00
    2798    6.948730  0.0000E+00
    2799    6.949820  0.0000E+00
    2800    6.950910  0.0000E+00
    2801    6.952000  0.0000E+00
    2802    6.953090  0.0000E+00
    2803    6.954180  0.0000E+00
    2804    6.955270  0.0000E+00
    2805    6.956360  0.0000E+00
    2806    6.957450  0.0000E+00
    2807    6.958540  0.0000E+00
    2808    6.959630  0.0000E+00
    2809    6.960720  0.0000E+00
    2810    6.961810  0.0000E+00
    2811    6.962900  0.0000E+00
    2812    6.963990  0.0000E+00
    2813    6.965080  0.0000E+00
    2814    6.966170  0.0000E+00
    2815    6.967260  0.0000E+00
    2816    6.968350  0.0000E+00
    2817    6.969440  0.0000E+00
    2818    6.970530  0.0000E+00
    2819    6.971620  0.0000E+00
    2820    6.972710  0.0000E+00
    2821    6.973800  0.0000E+00
    2822    6.974890  0.0000E+00
    2823    6.975980  0.0000E+00
    2824    6.977070  0.0000E+00
    2825    6.978160  0.0000E+00
    2826    6.979250  0.0000E+00
    2827    6.980340  0.0000E+00
    2828    6.981430  0.0000E+00
    2829    6.982520  0.0000E+00
    2830    6.983610  0.0000E+00
    2831    6.984700  0.0000E+00
    2832    6.985790  0.0000E+00
    2833    6.986880  0.0000E+00
    2834    6.987970  0.0000E+00
    2835    6.989060  0.0000E+00
    2836    6.990150  0.0000E+00
    2837    6.991240  0.0000E+00
    2838    6.992330  0.0000E+00
    2839    6.993420  0.0000E+00
    2840    6.994510  0.0000E+00
    2841    6.995600  0.0000E+00
    2842    6.996690  0.0000E+00
    2843    6.997780  0.0000E+00
    2844    6.998870  0.0000E+00
    2845    6.999960  0.0000E+00
