       1    6.500000  0.0000E+00
       2    6.501850  3.3775E-03
       3    6.503700  3.5152E-03
       4    6.505550  3.6515E-03
       5    6.507400  3.7857E-03
       6    6.509250  3.9175E-03
       7    6.511100  4.0461E-03
       8    6.512950  4.1712E-03
       9    6.514800  4.2923E-03
      10    6.516650  4.4090E-03
      11    6.518500  4.5208E-03
      12    6.520350  4.6275E-03
      13    6.522200  4.7285E-03
      14    6.524050  4.8238E-03
      15    6.525900  4.9129E-03
      16    6.527750  4.9958E-03
      17    6.529600  5.0723E-03
      18    6.531450  5.1430E-03
      19    6.533300  5.2079E-03
      20    6.535150  5.2645E-03
      21    6.537000  5.3153E-03
      22    6.538850  5.3581E-03
      23    6.540700  5.3958E-03
      24    6.542550  5.4282E-03
      25    6.544400  5.4551E-03
      26    6.546250  5.4768E-03
      27    6.548100  5.4937E-03
      28    6.549950  5.5062E-03
      29    6.551800  5.5147E-03
      30    6.553650  5.5196E-03
      31    6.555500  5.5216E-03
      32    6.557350  5.5210E-03
      33    6.559200  5.5183E-03
      34    6.561050  5.5142E-03
      35    6.562900  5.5090E-03
      36    6.564750  5.5033E-03
      37    6.566600  5.4977E-03
      38    6.568450  5.4926E-03
      39    6.570300  5.4884E-03
      40    6.572150  5.4858E-03
      41    6.574000  5.4851E-03
      42    6.575850  5.4867E-03
      43    6.577700  5.4912E-03
      44    6.579550  5.4989E-03
      45    6.581400  5.5103E-03
      46    6.583250  5.5257E-03
      47    6.585100  5.5456E-03
      48    6.586950  5.5702E-03
      49    6.588800  5.6001E-03
      50    6.590650  5.6357E-03
      51    6.592500  5.6773E-03
      52    6.594350  5.7254E-03
      53    6.596200  5.7805E-03
      54    6.598050  5.8431E-03
      55    6.599900  5.9136E-03
      56    6.601750  5.9927E-03
      57    6.603600  6.0819E-03
      58    6.605450  6.1812E-03
      59    6.607300  6.2898E-03
      60    6.609150  6.4086E-03
      61    6.611000  6.5409E-03
      62    6.612850  6.6868E-03
      63    6.614700  6.8470E-03
      64    6.616550  7.0232E-03
      65    6.618400  7.2152E-03
      66    6.620250  7.4254E-03
      67    6.622100  7.6551E-03
      68    6.623950  7.9057E-03
      69    6.625800  8.1788E-03
      70    6.627650  8.4760E-03
      71    6.629500  8.7993E-03
      72    6.631350  9.1503E-03
      73    6.633200  9.5311E-03
      74    6.635050  9.9438E-03
      75    6.636900  1.0390E-02
      76    6.638750  1.0873E-02
      77    6.640600  1.1395E-02
      78    6.642450  1.1957E-02
      79    6.644300  1.2562E-02
      80    6.646150  1.3213E-02
      81    6.648000  1.3912E-02
      82    6.649850  1.4662E-02
      83    6.651700  1.5465E-02
      84    6.653550  1.6324E-02
      85    6.655400  1.7241E-02
      86    6.657250  1.8217E-02
      87    6.659100  1.9256E-02
      88    6.660950  2.0360E-02
      89    6.662800  2.1533E-02
      90    6.664650  2.2773E-02
      91    6.666500  2.4084E-02
      92    6.668350  2.5468E-02
      93    6.670200  2.6926E-02
      94    6.672050  2.8458E-02
      95    6.673900  3.0067E-02
      96    6.675750  3.1751E-02
      97    6.677600  3.3512E-02
      98    6.679450  3.5349E-02
      99    6.681300  3.7261E-02
     100    6.683150  3.9248E-02
     101    6.685000  4.1307E-02
     102    6.686850  4.3437E-02
     103    6.688700  4.5636E-02
     104    6.690550  4.7899E-02
     105    6.692400  5.0225E-02
     106    6.694250  5.2608E-02
     107    6.696100  5.5042E-02
     108    6.697950  5.7522E-02
     109    6.699800  6.0046E-02
     110    6.701650  6.2602E-02
     111    6.703500  6.5185E-02
     112    6.705350  6.7790E-02
     113    6.707200  7.0408E-02
     114    6.709050  7.3031E-02
     115    6.710900  7.5649E-02
     116    6.712750  7.8255E-02
     117    6.714600  8.0838E-02
     118    6.716450  8.3389E-02
     119    6.718300  8.5899E-02
     120    6.720150  8.8358E-02
     121    6.722000  9.0756E-02
     122    6.723850  9.3084E-02
     123    6.725700  9.5334E-02
     124    6.727550  9.7495E-02
     125    6.729400  9.9558E-02
     126    6.731250  1.0152E-01
     127    6.733100  1.0337E-01
     128    6.734950  1.0510E-01
     129    6.736800  1.0670E-01
     130    6.738650  1.0816E-01
     131    6.740500  1.0949E-01
     132    6.742350  1.1067E-01
     133    6.744200  1.1171E-01
     134    6.746050  1.1260E-01
     135    6.747900  1.1333E-01
     136    6.749750  1.1392E-01
     137    6.751600  1.1436E-01
     138    6.753450  1.1465E-01
     139    6.755300  1.1479E-01
     140    6.757150  1.1480E-01
     141    6.759000  1.1465E-01
     142    6.760850  1.1437E-01
     143    6.762700  1.1396E-01
     144    6.764550  1.1342E-01
     145    6.766400  1.1276E-01
     146    6.768250  1.1198E-01
     147    6.770100  1.1111E-01
     148    6.771950  1.1014E-01
     149    6.773800  1.0908E-01
     150    6.775650  1.0795E-01
     151    6.777500  1.0675E-01
     152    6.779350  1.0548E-01
     153    6.781200  1.0417E-01
     154    6.783050  1.0281E-01
     155    6.784900  1.0142E-01
     156    6.786750  1.0001E-01
     157    6.788600  9.8585E-02
     158    6.790450  9.7154E-02
     159    6.792300  9.5726E-02
     160    6.794150  9.4310E-02
     161    6.796000  9.2914E-02
     162    6.797850  9.1546E-02
     163    6.799700  9.0214E-02
     164    6.801550  8.8926E-02
     165    6.803400  8.7687E-02
     166    6.805250  8.6506E-02
     167    6.807100  8.5388E-02
     168    6.808950  8.4338E-02
     169    6.810800  8.3363E-02
     170    6.812650  8.2468E-02
     171    6.814500  8.1659E-02
     172    6.816350  8.0946E-02
     173    6.818200  8.0328E-02
     174    6.820050  7.9816E-02
     175    6.821900  7.9413E-02
     176    6.823750  7.9124E-02
     177    6.825600  7.8954E-02
     178    6.827450  7.8908E-02
     179    6.829300  7.8992E-02
     180    6.831150  7.9209E-02
     181    6.833000  7.9566E-02
     182    6.834850  8.0066E-02
     183    6.836700  8.0714E-02
     184    6.838550  8.1514E-02
     185    6.840400  8.2466E-02
     186    6.842250  8.3583E-02
     187    6.844100  8.4859E-02
     188    6.845950  8.6301E-02
     189    6.847800  8.7913E-02
     190    6.849650  8.9696E-02
     191    6.851500  9.1654E-02
     192    6.853350  9.3785E-02
     193    6.855200  9.6092E-02
     194    6.857050  9.8573E-02
     195    6.858900  1.0123E-01
     196    6.860750  1.0405E-01
     197    6.862600  1.0705E-01
     198    6.864450  1.1021E-01
     199    6.866300  1.1353E-01
     200    6.868150  1.1701E-01
     201    6.870000  1.2063E-01
     202    6.871850  1.2440E-01
     203    6.873700  1.2829E-01
     204    6.875550  1.3231E-01
     205    6.877400  1.3644E-01
     206    6.879250  1.4067E-01
     207    6.881100  1.4499E-01
     208    6.882950  1.4938E-01
     209    6.884800  1.5382E-01
     210    6.886650  1.5831E-01
     211    6.888500  1.6283E-01
     212    6.890350  1.6736E-01
     213    6.892200  1.7189E-01
     214    6.894050  1.7638E-01
     215    6.895900  1.8084E-01
     216    6.897750  1.8523E-01
     217    6.899600  1.8955E-01
     218    6.901450  1.9377E-01
     219    6.903300  1.9788E-01
     220    6.905150  2.0186E-01
     221    6.907000  2.0570E-01
     222    6.908850  2.0938E-01
     223    6.910700  2.1288E-01
     224    6.912550  2.1620E-01
     225    6.914400  2.1931E-01
     226    6.916250  2.2222E-01
     227    6.918100  2.2490E-01
     228    6.919950  2.2733E-01
     229    6.921800  2.2956E-01
     230    6.923650  2.3153E-01
     231    6.925500  2.3325E-01
     232    6.927350  2.3472E-01
     233    6.929200  2.3595E-01
     234    6.931050  2.3691E-01
     235    6.932900  2.3765E-01
     236    6.934750  2.3814E-01
     237    6.936600  2.3840E-01
     238    6.938450  2.3843E-01
     239    6.940300  2.3824E-01
     240    6.942150  2.3785E-01
     241    6.944000  2.3726E-01
     242    6.945850  2.3648E-01
     243    6.947700  2.3554E-01
     244    6.949550  2.3444E-01
     245    6.951400  2.3319E-01
     246    6.953250  2.3183E-01
     247    6.955100  2.3035E-01
     248    6.956950  2.2878E-01
     249    6.958800  2.2713E-01
     250    6.960650  2.2542E-01
     251    6.962500  2.2367E-01
     252    6.964350  2.2188E-01
     253    6.966200  2.2007E-01
     254    6.968050  2.1827E-01
     255    6.969900  2.1647E-01
     256    6.971750  2.1471E-01
     257    6.973600  2.1297E-01
     258    6.975450  2.1128E-01
     259    6.977300  2.0965E-01
     260    6.979150  2.0811E-01
     261    6.981000  2.0663E-01
     262    6.982850  2.0524E-01
     263    6.984700  2.0395E-01
     264    6.986550  2.0277E-01
     265    6.988400  2.0169E-01
     266    6.990250  2.0073E-01
     267    6.992100  1.9989E-01
     268    6.993950  1.9919E-01
     269    6.995800  1.9862E-01
     270    6.997650  1.9819E-01
     271    6.999500  1.9791E-01
     272    7.001350  1.9776E-01
     273    7.003200  1.9779E-01
     274    7.005050  1.9796E-01
     275    7.006900  1.9829E-01
     276    7.008750  1.9878E-01
     277    7.010600  1.9944E-01
     278    7.012450  2.0026E-01
     279    7.014300  2.0127E-01
     280    7.016150  2.0245E-01
     281    7.018000  2.0380E-01
     282    7.019850  2.0534E-01
     283    7.021700  2.0706E-01
     284    7.023550  2.0897E-01
     285    7.025400  2.1106E-01
     286    7.027250  2.1334E-01
     287    7.029100  2.1581E-01
     288    7.030950  2.1846E-01
     289    7.032800  2.2128E-01
     290    7.034650  2.2428E-01
     291    7.036500  2.2746E-01
     292    7.038350  2.3080E-01
     293    7.040200  2.3430E-01
     294    7.042050  2.3795E-01
     295    7.043900  2.4175E-01
     296    7.045750  2.4567E-01
     297    7.047600  2.4972E-01
     298    7.049450  2.5387E-01
     299    7.051300  2.5811E-01
     300    7.053150  2.6242E-01
     301    7.055000  2.6679E-01
     302    7.056850  2.7120E-01
     303    7.058700  2.7563E-01
     304    7.060550  2.8005E-01
     305    7.062400  2.8446E-01
     306    7.064250  2.8883E-01
     307    7.066100  2.9313E-01
     308    7.067950  2.9734E-01
     309    7.069800  3.0145E-01
     310    7.071650  3.0543E-01
     311    7.073500  3.0926E-01
     312    7.075350  3.1292E-01
     313    7.077200  3.1639E-01
     314    7.079050  3.1965E-01
     315    7.080900  3.2268E-01
     316    7.082750  3.2546E-01
     317    7.084600  3.2799E-01
     318    7.086450  3.3028E-01
     319    7.088300  3.3227E-01
     320    7.090150  3.3397E-01
     321    7.092000  3.3535E-01
     322    7.093850  3.3647E-01
     323    7.095700  3.3728E-01
     324    7.097550  3.3777E-01
     325    7.099400  3.3795E-01
     326    7.101250  3.3785E-01
     327    7.103100  3.3745E-01
     328    7.104950  3.3677E-01
     329    7.106800  3.3581E-01
     330    7.108650  3.3459E-01
     331    7.110500  3.3313E-01
     332    7.112350  3.3143E-01
     333    7.114200  3.2953E-01
     334    7.116050  3.2743E-01
     335    7.117900  3.2517E-01
     336    7.119750  3.2277E-01
     337    7.121600  3.2024E-01
     338    7.123450  3.1763E-01
     339    7.125300  3.1492E-01
     340    7.127150  3.1219E-01
     341    7.129000  3.0942E-01
     342    7.130850  3.0666E-01
     343    7.132700  3.0393E-01
     344    7.134550  3.0126E-01
     345    7.136400  2.9867E-01
     346    7.138250  2.9619E-01
     347    7.140100  2.9383E-01
     348    7.141950  2.9163E-01
     349    7.143800  2.8961E-01
     350    7.145650  2.8778E-01
     351    7.147500  2.8617E-01
     352    7.149350  2.8479E-01
     353    7.151200  2.8366E-01
     354    7.153050  2.8278E-01
     355    7.154900  2.8218E-01
     356    7.156750  2.8187E-01
     357    7.158600  2.8184E-01
     358    7.160450  2.8210E-01
     359    7.162300  2.8266E-01
     360    7.164150  2.8352E-01
     361    7.166000  2.8468E-01
     362    7.167850  2.8614E-01
     363    7.169700  2.8789E-01
     364    7.171550  2.8993E-01
     365    7.173400  2.9224E-01
     366    7.175250  2.9483E-01
     367    7.177100  2.9767E-01
     368    7.178950  3.0076E-01
     369    7.180800  3.0407E-01
     370    7.182650  3.0759E-01
     371    7.184500  3.1131E-01
     372    7.186350  3.1520E-01
     373    7.188200  3.1925E-01
     374    7.190050  3.2343E-01
     375    7.191900  3.2771E-01
     376    7.193750  3.3212E-01
     377    7.195600  3.3658E-01
     378    7.197450  3.4109E-01
     379    7.199300  3.4563E-01
     380    7.201150  3.5016E-01
     381    7.203000  3.5468E-01
     382    7.204850  3.5916E-01
     383    7.206700  3.6359E-01
     384    7.208550  3.6794E-01
     385    7.210400  3.7219E-01
     386    7.212250  3.7632E-01
     387    7.214100  3.8031E-01
     388    7.215950  3.8417E-01
     389    7.217800  3.8785E-01
     390    7.219650  3.9135E-01
     391    7.221500  3.9466E-01
     392    7.223350  3.9776E-01
     393    7.225200  4.0066E-01
     394    7.227050  4.0334E-01
     395    7.228900  4.0577E-01
     396    7.230750  4.0803E-01
     397    7.232600  4.1003E-01
     398    7.234450  4.1181E-01
     399    7.236300  4.1336E-01
     400    7.238150  4.1470E-01
     401    7.240000  4.1581E-01
     402    7.241850  4.1672E-01
     403    7.243700  4.1742E-01
     404    7.245550  4.1792E-01
     405    7.247400  4.1824E-01
     406    7.249250  4.1841E-01
     407    7.251100  4.1843E-01
     408    7.252950  4.1829E-01
     409    7.254800  4.1801E-01
     410    7.256650  4.1761E-01
     411    7.258500  4.1715E-01
     412    7.260350  4.1658E-01
     413    7.262200  4.1594E-01
     414    7.264050  4.1525E-01
     415    7.265900  4.1452E-01
     416    7.267750  4.1376E-01
     417    7.269600  4.1299E-01
     418    7.271450  4.1223E-01
     419    7.273300  4.1148E-01
     420    7.275150  4.1077E-01
     421    7.277000  4.1010E-01
     422    7.278850  4.0948E-01
     423    7.280700  4.0893E-01
     424    7.282550  4.0845E-01
     425    7.284400  4.0805E-01
     426    7.286250  4.0774E-01
     427    7.288100  4.0752E-01
     428    7.289950  4.0741E-01
     429    7.291800  4.0740E-01
     430    7.293650  4.0749E-01
     431    7.295500  4.0770E-01
     432    7.297350  4.0803E-01
     433    7.299200  4.0847E-01
     434    7.301050  4.0903E-01
     435    7.302900  4.0971E-01
     436    7.304750  4.1050E-01
     437    7.306600  4.1143E-01
     438    7.308450  4.1248E-01
     439    7.310300  4.1367E-01
     440    7.312150  4.1496E-01
     441    7.314000  4.1638E-01
     442    7.315850  4.1792E-01
     443    7.317700  4.1957E-01
     444    7.319550  4.2132E-01
     445    7.321400  4.2322E-01
     446    7.323250  4.2523E-01
     447    7.325100  4.2733E-01
     448    7.326950  4.2955E-01
     449    7.328800  4.3187E-01
     450    7.330650  4.3430E-01
     451    7.332500  4.3682E-01
     452    7.334350  4.3944E-01
     453    7.336200  4.4216E-01
     454    7.338050  4.4497E-01
     455    7.339900  4.4785E-01
     456    7.341750  4.5083E-01
     457    7.343600  4.5387E-01
     458    7.345450  4.5696E-01
     459    7.347300  4.6012E-01
     460    7.349150  4.6333E-01
     461    7.351000  4.6659E-01
     462    7.352850  4.6987E-01
     463    7.354700  4.7319E-01
     464    7.356550  4.7652E-01
     465    7.358400  4.7984E-01
     466    7.360250  4.8316E-01
     467    7.362100  4.8646E-01
     468    7.363950  4.8972E-01
     469    7.365800  4.9297E-01
     470    7.367650  4.9615E-01
     471    7.369500  4.9926E-01
     472    7.371350  5.0228E-01
     473    7.373200  5.0525E-01
     474    7.375050  5.0810E-01
     475    7.376900  5.1084E-01
     476    7.378750  5.1345E-01
     477    7.380600  5.1593E-01
     478    7.382450  5.1828E-01
     479    7.384300  5.2048E-01
     480    7.386150  5.2251E-01
     481    7.388000  5.2437E-01
     482    7.389850  5.2602E-01
     483    7.391700  5.2752E-01
     484    7.393550  5.2882E-01
     485    7.395400  5.2991E-01
     486    7.397250  5.3079E-01
     487    7.399100  5.3148E-01
     488    7.400950  5.3196E-01
     489    7.402800  5.3222E-01
     490    7.404650  5.3229E-01
     491    7.406500  5.3213E-01
     492    7.408350  5.3178E-01
     493    7.410200  5.3121E-01
     494    7.412050  5.3048E-01
     495    7.413900  5.2955E-01
     496    7.415750  5.2848E-01
     497    7.417600  5.2721E-01
     498    7.419450  5.2579E-01
     499    7.421300  5.2424E-01
     500    7.423150  5.2255E-01
     501    7.425000  5.2076E-01
     502    7.426850  5.1889E-01
     503    7.428700  5.1695E-01
     504    7.430550  5.1495E-01
     505    7.432400  5.1291E-01
     506    7.434250  5.1086E-01
     507    7.436100  5.0882E-01
     508    7.437950  5.0681E-01
     509    7.439800  5.0485E-01
     510    7.441650  5.0297E-01
     511    7.443500  5.0119E-01
     512    7.445350  4.9952E-01
     513    7.447200  4.9798E-01
     514    7.449050  4.9663E-01
     515    7.450900  4.9544E-01
     516    7.452750  4.9444E-01
     517    7.454600  4.9369E-01
     518    7.456450  4.9315E-01
     519    7.458300  4.9285E-01
     520    7.460150  4.9282E-01
     521    7.462000  4.9306E-01
     522    7.463850  4.9358E-01
     523    7.465700  4.9437E-01
     524    7.467550  4.9546E-01
     525    7.469400  4.9683E-01
     526    7.471250  4.9849E-01
     527    7.473100  5.0044E-01
     528    7.474950  5.0265E-01
     529    7.476800  5.0515E-01
     530    7.478650  5.0789E-01
     531    7.480500  5.1088E-01
     532    7.482350  5.1411E-01
     533    7.484200  5.1756E-01
     534    7.486050  5.2120E-01
     535    7.487900  5.2500E-01
     536    7.489750  5.2897E-01
     537    7.491600  5.3306E-01
     538    7.493450  5.3726E-01
     539    7.495300  5.4153E-01
     540    7.497150  5.4586E-01
     541    7.499000  5.5020E-01
     542    7.500850  5.5456E-01
     543    7.502700  5.5887E-01
     544    7.504550  5.6312E-01
     545    7.506400  5.6733E-01
     546    7.508250  5.7142E-01
     547    7.510100  5.7538E-01
     548    7.511950  5.7918E-01
     549    7.513800  5.8280E-01
     550    7.515650  5.8623E-01
     551    7.517500  5.8943E-01
     552    7.519350  5.9238E-01
     553    7.521200  5.9513E-01
     554    7.523050  5.9758E-01
     555    7.524900  5.9977E-01
     556    7.526750  6.0166E-01
     557    7.528600  6.0325E-01
     558    7.530450  6.0455E-01
     559    7.532300  6.0554E-01
     560    7.534150  6.0621E-01
     561    7.536000  6.0660E-01
     562    7.537850  6.0669E-01
     563    7.539700  6.0647E-01
     564    7.541550  6.0595E-01
     565    7.543400  6.0516E-01
     566    7.545250  6.0408E-01
     567    7.547100  6.0274E-01
     568    7.548950  6.0114E-01
     569    7.550800  5.9930E-01
     570    7.552650  5.9723E-01
     571    7.554500  5.9496E-01
     572    7.556350  5.9247E-01
     573    7.558200  5.8983E-01
     574    7.560050  5.8702E-01
     575    7.561900  5.8405E-01
     576    7.563750  5.8093E-01
     577    7.565600  5.7775E-01
     578    7.567450  5.7444E-01
     579    7.569300  5.7105E-01
     580    7.571150  5.6757E-01
     581    7.573000  5.6406E-01
     582    7.574850  5.6048E-01
     583    7.576700  5.5689E-01
     584    7.578550  5.5328E-01
     585    7.580400  5.4965E-01
     586    7.582250  5.4602E-01
     587    7.584100  5.4240E-01
     588    7.585950  5.3879E-01
     589    7.587800  5.3519E-01
     590    7.589650  5.3159E-01
     591    7.591500  5.2802E-01
     592    7.593350  5.2446E-01
     593    7.595200  5.2094E-01
     594    7.597050  5.1744E-01
     595    7.598900  5.1394E-01
     596    7.600750  5.1046E-01
     597    7.602600  5.0698E-01
     598    7.604450  5.0351E-01
     599    7.606300  5.0002E-01
     600    7.608150  4.9658E-01
     601    7.610000  4.9310E-01
     602    7.611850  4.8960E-01
     603    7.613700  4.8610E-01
     604    7.615550  4.8260E-01
     605    7.617400  4.7907E-01
     606    7.619250  4.7551E-01
     607    7.621100  4.7195E-01
     608    7.622950  4.6837E-01
     609    7.624800  4.6474E-01
     610    7.626650  4.6113E-01
     611    7.628500  4.5749E-01
     612    7.630350  4.5382E-01
     613    7.632200  4.5018E-01
     614    7.634050  4.4653E-01
     615    7.635900  4.4289E-01
     616    7.637750  4.3927E-01
     617    7.639600  4.3569E-01
     618    7.641450  4.3214E-01
     619    7.643300  4.2864E-01
     620    7.645150  4.2523E-01
     621    7.647000  4.2189E-01
     622    7.648850  4.1867E-01
     623    7.650700  4.1554E-01
     624    7.652550  4.1253E-01
     625    7.654400  4.0965E-01
     626    7.656250  4.0694E-01
     627    7.658100  4.0440E-01
     628    7.659950  4.0205E-01
     629    7.661800  3.9990E-01
     630    7.663650  3.9794E-01
     631    7.665500  3.9622E-01
     632    7.667350  3.9472E-01
     633    7.669200  3.9346E-01
     634    7.671050  3.9246E-01
     635    7.672900  3.9171E-01
     636    7.674750  3.9122E-01
     637    7.676600  3.9101E-01
     638    7.678450  3.9106E-01
     639    7.680300  3.9136E-01
     640    7.682150  3.9195E-01
     641    7.684000  3.9281E-01
     642    7.685850  3.9396E-01
     643    7.687700  3.9534E-01
     644    7.689550  3.9696E-01
     645    7.691400  3.9884E-01
     646    7.693250  4.0098E-01
     647    7.695100  4.0334E-01
     648    7.696950  4.0593E-01
     649    7.698800  4.0871E-01
     650    7.700650  4.1168E-01
     651    7.702500  4.1487E-01
     652    7.704350  4.1821E-01
     653    7.706200  4.2168E-01
     654    7.708050  4.2535E-01
     655    7.709900  4.2910E-01
     656    7.711750  4.3299E-01
     657    7.713600  4.3699E-01
     658    7.715450  4.4107E-01
     659    7.717300  4.4522E-01
     660    7.719150  4.4941E-01
     661    7.721000  4.5368E-01
     662    7.722850  4.5797E-01
     663    7.724700  4.6227E-01
     664    7.726550  4.6659E-01
     665    7.728400  4.7088E-01
     666    7.730250  4.7520E-01
     667    7.732100  4.7947E-01
     668    7.733950  4.8370E-01
     669    7.735800  4.8787E-01
     670    7.737650  4.9202E-01
     671    7.739500  4.9610E-01
     672    7.741350  5.0010E-01
     673    7.743200  5.0399E-01
     674    7.745050  5.0786E-01
     675    7.746900  5.1160E-01
     676    7.748750  5.1522E-01
     677    7.750600  5.1879E-01
     678    7.752450  5.2221E-01
     679    7.754300  5.2554E-01
     680    7.756150  5.2874E-01
     681    7.758000  5.3179E-01
     682    7.759850  5.3476E-01
     683    7.761700  5.3756E-01
     684    7.763550  5.4024E-01
     685    7.765400  5.4276E-01
     686    7.767250  5.4516E-01
     687    7.769100  5.4742E-01
     688    7.770950  5.4952E-01
     689    7.772800  5.5143E-01
     690    7.774650  5.5323E-01
     691    7.776500  5.5484E-01
     692    7.778350  5.5629E-01
     693    7.780200  5.5757E-01
     694    7.782050  5.5867E-01
     695    7.783900  5.5960E-01
     696    7.785750  5.6035E-01
     697    7.787600  5.6093E-01
     698    7.789450  5.6133E-01
     699    7.791300  5.6152E-01
     700    7.793150  5.6157E-01
     701    7.795000  5.6142E-01
     702    7.796850  5.6108E-01
     703    7.798700  5.6058E-01
     704    7.800550  5.5989E-01
     705    7.802400  5.5899E-01
     706    7.804250  5.5797E-01
     707    7.806100  5.5675E-01
     708    7.807950  5.5535E-01
     709    7.809800  5.5381E-01
     710    7.811650  5.5209E-01
     711    7.813500  5.5021E-01
     712    7.815350  5.4824E-01
     713    7.817200  5.4610E-01
     714    7.819050  5.4382E-01
     715    7.820900  5.4147E-01
     716    7.822750  5.3899E-01
     717    7.824600  5.3642E-01
     718    7.826450  5.3378E-01
     719    7.828300  5.3105E-01
     720    7.830150  5.2831E-01
     721    7.832000  5.2550E-01
     722    7.833850  5.2271E-01
     723    7.835700  5.1990E-01
     724    7.837550  5.1710E-01
     725    7.839400  5.1433E-01
     726    7.841250  5.1160E-01
     727    7.843100  5.0893E-01
     728    7.844950  5.0637E-01
     729    7.846800  5.0390E-01
     730    7.848650  5.0153E-01
     731    7.850500  4.9928E-01
     732    7.852350  4.9720E-01
     733    7.854200  4.9528E-01
     734    7.856050  4.9351E-01
     735    7.857900  4.9196E-01
     736    7.859750  4.9059E-01
     737    7.861600  4.8942E-01
     738    7.863450  4.8849E-01
     739    7.865300  4.8780E-01
     740    7.867150  4.8735E-01
     741    7.869000  4.8714E-01
     742    7.870850  4.8722E-01
     743    7.872700  4.8751E-01
     744    7.874550  4.8809E-01
     745    7.876400  4.8895E-01
     746    7.878250  4.9004E-01
     747    7.880100  4.9142E-01
     748    7.881950  4.9308E-01
     749    7.883800  4.9496E-01
     750    7.885650  4.9715E-01
     751    7.887500  4.9956E-01
     752    7.889350  5.0225E-01
     753    7.891200  5.0519E-01
     754    7.893050  5.0836E-01
     755    7.894900  5.1173E-01
     756    7.896750  5.1538E-01
     757    7.898600  5.1920E-01
     758    7.900450  5.2325E-01
     759    7.902300  5.2750E-01
     760    7.904150  5.3195E-01
     761    7.906000  5.3657E-01
     762    7.907850  5.4137E-01
     763    7.909700  5.4633E-01
     764    7.911550  5.5143E-01
     765    7.913400  5.5669E-01
     766    7.915250  5.6206E-01
     767    7.917100  5.6759E-01
     768    7.918950  5.7321E-01
     769    7.920800  5.7894E-01
     770    7.922650  5.8474E-01
     771    7.924500  5.9067E-01
     772    7.926350  5.9664E-01
     773    7.928200  6.0271E-01
     774    7.930050  6.0880E-01
     775    7.931900  6.1495E-01
     776    7.933750  6.2113E-01
     777    7.935600  6.2735E-01
     778    7.937450  6.3359E-01
     779    7.939300  6.3985E-01
     780    7.941150  6.4611E-01
     781    7.943000  6.5235E-01
     782    7.944850  6.5856E-01
     783    7.946700  6.6476E-01
     784    7.948550  6.7091E-01
     785    7.950400  6.7702E-01
     786    7.952250  6.8306E-01
     787    7.954100  6.8904E-01
     788    7.955950  6.9496E-01
     789    7.957800  7.0076E-01
     790    7.959650  7.0651E-01
     791    7.961500  7.1216E-01
     792    7.963350  7.1770E-01
     793    7.965200  7.2311E-01
     794    7.967050  7.2843E-01
     795    7.968900  7.3361E-01
     796    7.970750  7.3867E-01
     797    7.972600  7.4359E-01
     798    7.974450  7.4837E-01
     799    7.976300  7.5301E-01
     800    7.978150  7.5752E-01
     801    7.980000  7.6189E-01
     802    7.981850  7.6611E-01
     803    7.983700  7.7016E-01
     804    7.985550  7.7411E-01
     805    7.987400  7.7790E-01
     806    7.989250  7.8155E-01
     807    7.991100  7.8506E-01
     808    7.992950  7.8845E-01
     809    7.994800  7.9171E-01
     810    7.996650  7.9484E-01
     811    7.998500  7.9786E-01
     812    8.000350  8.0077E-01
     813    8.002200  8.0356E-01
     814    8.004050  8.0629E-01
     815    8.005900  8.0891E-01
     816    8.007750  8.1145E-01
     817    8.009600  8.1392E-01
     818    8.011450  8.1633E-01
     819    8.013300  8.1866E-01
     820    8.015150  8.2097E-01
     821    8.017000  8.2324E-01
     822    8.018850  8.2546E-01
     823    8.020700  8.2766E-01
     824    8.022550  8.2982E-01
     825    8.024400  8.3201E-01
     826    8.026250  8.3416E-01
     827    8.028100  8.3632E-01
     828    8.029950  8.3849E-01
     829    8.031800  8.4066E-01
     830    8.033650  8.4284E-01
     831    8.035500  8.4504E-01
     832    8.037350  8.4724E-01
     833    8.039200  8.4950E-01
     834    8.041050  8.5176E-01
     835    8.042900  8.5403E-01
     836    8.044750  8.5635E-01
     837    8.046600  8.5868E-01
     838    8.048450  8.6103E-01
     839    8.050300  8.6339E-01
     840    8.052150  8.6577E-01
     841    8.054000  8.6817E-01
     842    8.055850  8.7057E-01
     843    8.057700  8.7298E-01
     844    8.059550  8.7540E-01
     845    8.061400  8.7781E-01
     846    8.063250  8.8021E-01
     847    8.065100  8.8260E-01
     848    8.066950  8.8498E-01
     849    8.068800  8.8733E-01
     850    8.070650  8.8966E-01
     851    8.072500  8.9194E-01
     852    8.074350  8.9420E-01
     853    8.076200  8.9641E-01
     854    8.078050  8.9858E-01
     855    8.079900  9.0069E-01
     856    8.081750  9.0274E-01
     857    8.083600  9.0472E-01
     858    8.085450  9.0665E-01
     859    8.087300  9.0851E-01
     860    8.089150  9.1029E-01
     861    8.091000  9.1198E-01
     862    8.092850  9.1362E-01
     863    8.094700  9.1516E-01
     864    8.096550  9.1662E-01
     865    8.098400  9.1799E-01
     866    8.100250  9.1928E-01
     867    8.102100  9.2048E-01
     868    8.103950  9.2159E-01
     869    8.105800  9.2261E-01
     870    8.107650  9.2355E-01
     871    8.109500  9.2440E-01
     872    8.111350  9.2517E-01
     873    8.113200  9.2586E-01
     874    8.115050  9.2646E-01
     875    8.116900  9.2699E-01
     876    8.118750  9.2744E-01
     877    8.120600  9.2782E-01
     878    8.122450  9.2814E-01
     879    8.124300  9.2839E-01
     880    8.126150  9.2858E-01
     881    8.128000  9.2871E-01
     882    8.129850  9.2880E-01
     883    8.131700  9.2884E-01
     884    8.133550  9.2883E-01
     885    8.135400  9.2880E-01
     886    8.137250  9.2872E-01
     887    8.139100  9.2862E-01
     888    8.140950  9.2850E-01
     889    8.142800  9.2836E-01
     890    8.144650  9.2821E-01
     891    8.146500  9.2805E-01
     892    8.148350  9.2788E-01
     893    8.150200  9.2771E-01
     894    8.152050  9.2754E-01
     895    8.153900  9.2738E-01
     896    8.155750  9.2723E-01
     897    8.157600  9.2709E-01
     898    8.159450  9.2696E-01
     899    8.161300  9.2685E-01
     900    8.163150  9.2675E-01
     901    8.165000  9.2670E-01
     902    8.166850  9.2665E-01
     903    8.168700  9.2663E-01
     904    8.170550  9.2663E-01
     905    8.172400  9.2665E-01
     906    8.174250  9.2669E-01
     907    8.176100  9.2676E-01
     908    8.177950  9.2685E-01
     909    8.179800  9.2696E-01
     910    8.181650  9.2709E-01
     911    8.183500  9.2724E-01
     912    8.185350  9.2741E-01
     913    8.187200  9.2760E-01
     914    8.189050  9.2780E-01
     915    8.190900  9.2801E-01
     916    8.192750  9.2825E-01
     917    8.194600  9.2850E-01
     918    8.196450  9.2875E-01
     919    8.198300  9.2902E-01
     920    8.200150  9.2930E-01
     921    8.202000  9.2958E-01
     922    8.203850  9.2987E-01
     923    8.205700  9.3016E-01
     924    8.207550  9.3047E-01
     925    8.209400  9.3079E-01
     926    8.211250  9.3111E-01
     927    8.213100  9.3144E-01
     928    8.214950  9.3178E-01
     929    8.216800  9.3213E-01
     930    8.218650  9.3249E-01
     931    8.220500  9.3286E-01
     932    8.222350  9.3323E-01
     933    8.224200  9.3364E-01
     934    8.226050  9.3405E-01
     935    8.227900  9.3448E-01
     936    8.229750  9.3493E-01
     937    8.231600  9.3539E-01
     938    8.233450  9.3588E-01
     939    8.235300  9.3639E-01
     940    8.237150  9.3693E-01
     941    8.239000  9.3748E-01
     942    8.240850  9.3807E-01
     943    8.242700  9.3867E-01
     944    8.244550  9.3931E-01
     945    8.246400  9.3997E-01
     946    8.248250  9.4065E-01
     947    8.250100  9.4136E-01
     948    8.251950  9.4211E-01
     949    8.253800  9.4287E-01
     950    8.255650  9.4364E-01
     951    8.257500  9.4446E-01
     952    8.259350  9.4529E-01
     953    8.261200  9.4613E-01
     954    8.263050  9.4699E-01
     955    8.264900  9.4785E-01
     956    8.266750  9.4873E-01
     957    8.268600  9.4961E-01
     958    8.270450  9.5050E-01
     959    8.272300  9.5138E-01
     960    8.274150  9.5226E-01
     961    8.276000  9.5313E-01
     962    8.277850  9.5398E-01
     963    8.279700  9.5483E-01
     964    8.281550  9.5565E-01
     965    8.283400  9.5645E-01
     966    8.285250  9.5723E-01
     967    8.287100  9.5798E-01
     968    8.288950  9.5869E-01
     969    8.290800  9.5937E-01
     970    8.292650  9.6002E-01
     971    8.294500  9.6063E-01
     972    8.296350  9.6120E-01
     973    8.298200  9.6173E-01
     974    8.300050  9.6222E-01
     975    8.301900  9.6266E-01
     976    8.303750  9.6306E-01
     977    8.305600  9.6342E-01
     978    8.307450  9.6373E-01
     979    8.309300  9.6400E-01
     980    8.311150  9.6423E-01
     981    8.313000  9.6442E-01
     982    8.314850  9.6458E-01
     983    8.316700  9.6469E-01
     984    8.318550  9.6477E-01
     985    8.320400  9.6481E-01
     986    8.322250  9.6483E-01
     987    8.324100  9.6481E-01
     988    8.325950  9.6477E-01
     989    8.327800  9.6470E-01
     990    8.329650  9.6461E-01
     991    8.331500  9.6450E-01
     992    8.333350  9.6437E-01
     993    8.335200  9.6422E-01
     994    8.337050  9.6406E-01
     995    8.338900  9.6388E-01
     996    8.340750  9.6370E-01
     997    8.342600  9.6350E-01
     998    8.344450  9.6330E-01
     999    8.346300  9.6307E-01
    1000    8.348150  9.6287E-01
    1001    8.350000  9.6265E-01
    1002    8.351850  9.6242E-01
    1003    8.353700  9.6219E-01
    1004    8.355550  9.6195E-01
    1005    8.357400  9.6170E-01
    1006    8.359250  9.6145E-01
    1007    8.361100  9.6119E-01
    1008    8.362950  9.6093E-01
    1009    8.364800  9.6066E-01
    1010    8.366650  9.6039E-01
    1011    8.368500  9.6010E-01
    1012    8.370350  9.5982E-01
    1013    8.372200  9.5952E-01
    1014    8.374050  9.5921E-01
    1015    8.375900  9.5890E-01
    1016    8.377750  9.5858E-01
    1017    8.379600  9.5825E-01
    1018    8.381450  9.5791E-01
    1019    8.383300  9.5756E-01
    1020    8.385150  9.5721E-01
    1021    8.387000  9.5685E-01
    1022    8.388850  9.5649E-01
    1023    8.390700  9.5612E-01
    1024    8.392550  9.5575E-01
    1025    8.394400  9.5538E-01
    1026    8.396250  9.5501E-01
    1027    8.398100  9.5463E-01
    1028    8.399950  9.5426E-01
    1029    8.401800  9.5390E-01
    1030    8.403650  9.5354E-01
    1031    8.405500  9.5319E-01
    1032    8.407350  9.5285E-01
    1033    8.409200  9.5252E-01
    1034    8.411050  9.5220E-01
    1035    8.412900  9.5189E-01
    1036    8.414750  9.5160E-01
    1037    8.416600  9.5133E-01
    1038    8.418450  9.5107E-01
    1039    8.420300  9.5084E-01
    1040    8.422150  9.5061E-01
    1041    8.424000  9.5039E-01
    1042    8.425850  9.5023E-01
    1043    8.427700  9.5007E-01
    1044    8.429550  9.4992E-01
    1045    8.431400  9.4979E-01
    1046    8.433250  9.4967E-01
    1047    8.435100  9.4958E-01
    1048    8.436950  9.4948E-01
    1049    8.438800  9.4941E-01
    1050    8.440650  9.4935E-01
    1051    8.442500  9.4929E-01
    1052    8.444350  9.4924E-01
    1053    8.446200  9.4920E-01
    1054    8.448050  9.4915E-01
    1055    8.449900  9.4911E-01
    1056    8.451750  9.4907E-01
    1057    8.453600  9.4902E-01
    1058    8.455450  9.4896E-01
    1059    8.457300  9.4890E-01
    1060    8.459150  9.4884E-01
    1061    8.461000  9.4876E-01
    1062    8.462850  9.4867E-01
    1063    8.464700  9.4857E-01
    1064    8.466550  9.4846E-01
    1065    8.468400  9.4833E-01
    1066    8.470250  9.4820E-01
    1067    8.472100  9.4806E-01
    1068    8.473950  9.4790E-01
    1069    8.475800  9.4774E-01
    1070    8.477650  9.4756E-01
    1071    8.479500  9.4738E-01
    1072    8.481350  9.4720E-01
    1073    8.483200  9.4701E-01
    1074    8.485050  9.4682E-01
    1075    8.486900  9.4663E-01
    1076    8.488750  9.4645E-01
    1077    8.490600  9.4628E-01
    1078    8.492450  9.4611E-01
    1079    8.494300  9.4595E-01
    1080    8.496150  9.4581E-01
    1081    8.498000  9.4569E-01
    1082    8.499850  9.4558E-01
    1083    8.501700  9.4550E-01
    1084    8.503550  9.4544E-01
    1085    8.505400  9.4541E-01
    1086    8.507250  9.4540E-01
    1087    8.509100  9.4542E-01
    1088    8.510950  9.4547E-01
    1089    8.512800  9.4555E-01
    1090    8.514650  9.4565E-01
    1091    8.516500  9.4582E-01
    1092    8.518350  9.4600E-01
    1093    8.520200  9.4620E-01
    1094    8.522050  9.4645E-01
    1095    8.523900  9.4672E-01
    1096    8.525750  9.4702E-01
    1097    8.527600  9.4735E-01
    1098    8.529450  9.4770E-01
    1099    8.531300  9.4807E-01
    1100    8.533150  9.4847E-01
    1101    8.535000  9.4889E-01
    1102    8.536850  9.4932E-01
    1103    8.538700  9.4977E-01
    1104    8.540550  9.5024E-01
    1105    8.542400  9.5071E-01
    1106    8.544250  9.5119E-01
    1107    8.546100  9.5168E-01
    1108    8.547950  9.5216E-01
    1109    8.549800  9.5265E-01
    1110    8.551650  9.5314E-01
    1111    8.553500  9.5362E-01
    1112    8.555350  9.5410E-01
    1113    8.557200  9.5456E-01
    1114    8.559050  9.5502E-01
    1115    8.560900  9.5547E-01
    1116    8.562750  9.5590E-01
    1117    8.564600  9.5632E-01
    1118    8.566450  9.5673E-01
    1119    8.568300  9.5712E-01
    1120    8.570150  9.5749E-01
    1121    8.572000  9.5785E-01
    1122    8.573850  9.5818E-01
    1123    8.575700  9.5850E-01
    1124    8.577550  9.5880E-01
    1125    8.579400  9.5908E-01
    1126    8.581250  9.5933E-01
    1127    8.583100  9.5957E-01
    1128    8.584950  9.5980E-01
    1129    8.586800  9.6000E-01
    1130    8.588650  9.6018E-01
    1131    8.590500  9.6034E-01
    1132    8.592350  9.6048E-01
    1133    8.594200  9.6060E-01
    1134    8.596050  9.6070E-01
    1135    8.597900  9.6077E-01
    1136    8.599750  9.6083E-01
    1137    8.601600  9.6086E-01
    1138    8.603450  9.6087E-01
    1139    8.605300  9.6086E-01
    1140    8.607150  9.6082E-01
    1141    8.609000  9.6077E-01
    1142    8.610850  9.6068E-01
    1143    8.612700  9.6058E-01
    1144    8.614550  9.6045E-01
    1145    8.616400  9.6029E-01
    1146    8.618250  9.6011E-01
    1147    8.620100  9.5991E-01
    1148    8.621950  9.5967E-01
    1149    8.623800  9.5942E-01
    1150    8.625650  9.5915E-01
    1151    8.627500  9.5884E-01
    1152    8.629350  9.5851E-01
    1153    8.631200  9.5816E-01
    1154    8.633050  9.5779E-01
    1155    8.634900  9.5740E-01
    1156    8.636750  9.5698E-01
    1157    8.638600  9.5655E-01
    1158    8.640450  9.5609E-01
    1159    8.642300  9.5563E-01
    1160    8.644150  9.5515E-01
    1161    8.646000  9.5465E-01
    1162    8.647850  9.5415E-01
    1163    8.649700  9.5365E-01
    1164    8.651550  9.5313E-01
    1165    8.653400  9.5262E-01
    1166    8.655250  9.5211E-01
    1167    8.657100  9.5160E-01
    1168    8.658950  9.5109E-01
    1169    8.660800  9.5060E-01
    1170    8.662650  9.5012E-01
    1171    8.664500  9.4965E-01
    1172    8.666350  9.4922E-01
    1173    8.668200  9.4880E-01
    1174    8.670050  9.4840E-01
    1175    8.671900  9.4803E-01
    1176    8.673750  9.4769E-01
    1177    8.675600  9.4738E-01
    1178    8.677450  9.4711E-01
    1179    8.679300  9.4688E-01
    1180    8.681150  9.4668E-01
    1181    8.683000  9.4652E-01
    1182    8.684850  9.4641E-01
    1183    8.686700  9.4634E-01
    1184    8.688550  9.4630E-01
    1185    8.690400  9.4632E-01
    1186    8.692250  9.4637E-01
    1187    8.694100  9.4646E-01
    1188    8.695950  9.4661E-01
    1189    8.697800  9.4679E-01
    1190    8.699650  9.4699E-01
    1191    8.701500  9.4726E-01
    1192    8.703350  9.4756E-01
    1193    8.705200  9.4788E-01
    1194    8.707050  9.4823E-01
    1195    8.708900  9.4862E-01
    1196    8.710750  9.4902E-01
    1197    8.712600  9.4945E-01
    1198    8.714450  9.4990E-01
    1199    8.716300  9.5036E-01
    1200    8.718150  9.5083E-01
    1201    8.720000  9.5131E-01
    1202    8.721850  9.5179E-01
    1203    8.723700  9.5227E-01
    1204    8.725550  9.5275E-01
    1205    8.727400  9.5322E-01
    1206    8.729250  9.5367E-01
    1207    8.731100  9.5411E-01
    1208    8.732950  9.5455E-01
    1209    8.734800  9.5495E-01
    1210    8.736650  9.5534E-01
    1211    8.738500  9.5570E-01
    1212    8.740350  9.5603E-01
    1213    8.742200  9.5633E-01
    1214    8.744050  9.5660E-01
    1215    8.745900  9.5684E-01
    1216    8.747750  9.5705E-01
    1217    8.749600  9.5722E-01
    1218    8.751450  9.5737E-01
    1219    8.753300  9.5748E-01
    1220    8.755150  9.5755E-01
    1221    8.757000  9.5760E-01
    1222    8.758850  9.5762E-01
    1223    8.760700  9.5761E-01
    1224    8.762550  9.5758E-01
    1225    8.764400  9.5752E-01
    1226    8.766250  9.5744E-01
    1227    8.768100  9.5735E-01
    1228    8.769950  9.5724E-01
    1229    8.771800  9.5712E-01
    1230    8.773650  9.5699E-01
    1231    8.775500  9.5685E-01
    1232    8.777350  9.5672E-01
    1233    8.779200  9.5658E-01
    1234    8.781050  9.5646E-01
    1235    8.782900  9.5634E-01
    1236    8.784750  9.5623E-01
    1237    8.786600  9.5614E-01
    1238    8.788450  9.5607E-01
    1239    8.790300  9.5602E-01
    1240    8.792150  9.5599E-01
    1241    8.794000  9.5599E-01
    1242    8.795850  9.5602E-01
    1243    8.797700  9.5608E-01
    1244    8.799550  9.5617E-01
    1245    8.801400  9.5629E-01
    1246    8.803250  9.5644E-01
    1247    8.805100  9.5660E-01
    1248    8.806950  9.5684E-01
    1249    8.808800  9.5709E-01
    1250    8.810650  9.5737E-01
    1251    8.812500  9.5768E-01
    1252    8.814350  9.5801E-01
    1253    8.816200  9.5838E-01
    1254    8.818050  9.5877E-01
    1255    8.819900  9.5918E-01
    1256    8.821750  9.5961E-01
    1257    8.823600  9.6006E-01
    1258    8.825450  9.6052E-01
    1259    8.827300  9.6099E-01
    1260    8.829150  9.6146E-01
    1261    8.831000  9.6194E-01
    1262    8.832850  9.6242E-01
    1263    8.834700  9.6290E-01
    1264    8.836550  9.6337E-01
    1265    8.838400  9.6383E-01
    1266    8.840250  9.6428E-01
    1267    8.842100  9.6471E-01
    1268    8.843950  9.6513E-01
    1269    8.845800  9.6552E-01
    1270    8.847650  9.6589E-01
    1271    8.849500  9.6624E-01
    1272    8.851350  9.6655E-01
    1273    8.853200  9.6684E-01
    1274    8.855050  9.6709E-01
    1275    8.856900  9.6732E-01
    1276    8.858750  9.6751E-01
    1277    8.860600  9.6767E-01
    1278    8.862450  9.6779E-01
    1279    8.864300  9.6788E-01
    1280    8.866150  9.6793E-01
    1281    8.868000  9.6795E-01
    1282    8.869850  9.6794E-01
    1283    8.871700  9.6789E-01
    1284    8.873550  9.6782E-01
    1285    8.875400  9.6771E-01
    1286    8.877250  9.6757E-01
    1287    8.879100  9.6740E-01
    1288    8.880950  9.6721E-01
    1289    8.882800  9.6699E-01
    1290    8.884650  9.6675E-01
    1291    8.886500  9.6649E-01
    1292    8.888350  9.6621E-01
    1293    8.890200  9.6592E-01
    1294    8.892050  9.6560E-01
    1295    8.893900  9.6528E-01
    1296    8.895750  9.6495E-01
    1297    8.897600  9.6460E-01
    1298    8.899450  9.6425E-01
    1299    8.901300  9.6389E-01
    1300    8.903150  9.6353E-01
    1301    8.905000  9.6317E-01
    1302    8.906850  9.6281E-01
    1303    8.908700  9.6246E-01
    1304    8.910550  9.6211E-01
    1305    8.912400  9.6176E-01
    1306    8.914250  9.6142E-01
    1307    8.916100  9.6109E-01
    1308    8.917950  9.6078E-01
    1309    8.919800  9.6048E-01
    1310    8.921650  9.6019E-01
    1311    8.923500  9.5992E-01
    1312    8.925350  9.5967E-01
    1313    8.927200  9.5943E-01
    1314    8.929050  9.5922E-01
    1315    8.930900  9.5902E-01
    1316    8.932750  9.5885E-01
    1317    8.934600  9.5870E-01
    1318    8.936450  9.5858E-01
    1319    8.938300  9.5847E-01
    1320    8.940150  9.5840E-01
    1321    8.942000  9.5835E-01
    1322    8.943850  9.5832E-01
    1323    8.945700  9.5833E-01
    1324    8.947550  9.5836E-01
    1325    8.949400  9.5841E-01
    1326    8.951250  9.5849E-01
    1327    8.953100  9.5860E-01
    1328    8.954950  9.5872E-01
    1329    8.956800  9.5890E-01
    1330    8.958650  9.5908E-01
    1331    8.960500  9.5929E-01
    1332    8.962350  9.5952E-01
    1333    8.964200  9.5978E-01
    1334    8.966050  9.6005E-01
    1335    8.967900  9.6035E-01
    1336    8.969750  9.6066E-01
    1337    8.971600  9.6098E-01
    1338    8.973450  9.6133E-01
    1339    8.975300  9.6169E-01
    1340    8.977150  9.6206E-01
    1341    8.979000  9.6245E-01
    1342    8.980850  9.6283E-01
    1343    8.982700  9.6323E-01
    1344    8.984550  9.6363E-01
    1345    8.986400  9.6403E-01
    1346    8.988250  9.6444E-01
    1347    8.990100  9.6484E-01
    1348    8.991950  9.6524E-01
    1349    8.993800  9.6563E-01
    1350    8.995650  9.6601E-01
    1351    8.997500  9.6639E-01
    1352    8.999350  9.6676E-01
    1353    9.001200  9.6712E-01
    1354    9.003050  9.6746E-01
    1355    9.004900  9.6779E-01
    1356    9.006750  9.6810E-01
    1357    9.008600  9.6840E-01
    1358    9.010450  9.6867E-01
    1359    9.012300  9.6893E-01
    1360    9.014150  9.6917E-01
    1361    9.016000  9.6940E-01
    1362    9.017850  9.6960E-01
    1363    9.019700  9.6978E-01
    1364    9.021550  9.6993E-01
    1365    9.023400  9.7008E-01
    1366    9.025250  9.7020E-01
    1367    9.027100  9.7030E-01
    1368    9.028950  9.7038E-01
    1369    9.030800  9.7045E-01
    1370    9.032650  9.7049E-01
    1371    9.034500  9.7052E-01
    1372    9.036350  9.7054E-01
    1373    9.038200  9.7054E-01
    1374    9.040050  9.7052E-01
    1375    9.041900  9.7050E-01
    1376    9.043750  9.7046E-01
    1377    9.045600  9.7041E-01
    1378    9.047450  9.7036E-01
    1379    9.049300  9.7030E-01
    1380    9.051150  9.7023E-01
    1381    9.053000  9.7016E-01
    1382    9.054850  9.7008E-01
    1383    9.056700  9.7001E-01
    1384    9.058550  9.6993E-01
    1385    9.060400  9.6986E-01
    1386    9.062250  9.6978E-01
    1387    9.064100  9.6972E-01
    1388    9.065950  9.6965E-01
    1389    9.067800  9.6959E-01
    1390    9.069650  9.6954E-01
    1391    9.071500  9.6949E-01
    1392    9.073350  9.6945E-01
    1393    9.075200  9.6942E-01
    1394    9.077050  9.6940E-01
    1395    9.078900  9.6938E-01
    1396    9.080750  9.6938E-01
    1397    9.082600  9.6939E-01
    1398    9.084450  9.6940E-01
    1399    9.086300  9.6942E-01
    1400    9.088150  9.6944E-01
    1401    9.090000  9.6948E-01
    1402    9.091850  9.6952E-01
    1403    9.093700  9.6956E-01
    1404    9.095550  9.6962E-01
    1405    9.097400  9.6967E-01
    1406    9.099250  9.6973E-01
    1407    9.101100  9.6979E-01
    1408    9.102950  9.6985E-01
    1409    9.104800  9.6991E-01
    1410    9.106650  9.6998E-01
    1411    9.108500  9.7004E-01
    1412    9.110350  9.7009E-01
    1413    9.112200  9.7015E-01
    1414    9.114050  9.7019E-01
    1415    9.115900  9.7024E-01
    1416    9.117750  9.7027E-01
    1417    9.119600  9.7030E-01
    1418    9.121450  9.7033E-01
    1419    9.123300  9.7034E-01
    1420    9.125150  9.7035E-01
    1421    9.127000  9.7035E-01
    1422    9.128850  9.7033E-01
    1423    9.130700  9.7032E-01
    1424    9.132550  9.7029E-01
    1425    9.134400  9.7025E-01
    1426    9.136250  9.7021E-01
    1427    9.138100  9.7015E-01
    1428    9.139950  9.7009E-01
    1429    9.141800  9.7002E-01
    1430    9.143650  9.6994E-01
    1431    9.145500  9.6985E-01
    1432    9.147350  9.6976E-01
    1433    9.149200  9.6966E-01
    1434    9.151050  9.6956E-01
    1435    9.152900  9.6945E-01
    1436    9.154750  9.6934E-01
    1437    9.156600  9.6922E-01
    1438    9.158450  9.6910E-01
    1439    9.160300  9.6898E-01
    1440    9.162150  9.6886E-01
    1441    9.164000  9.6873E-01
    1442    9.165850  9.6860E-01
    1443    9.167700  9.6848E-01
    1444    9.169550  9.6835E-01
    1445    9.171400  9.6822E-01
    1446    9.173250  9.6809E-01
    1447    9.175100  9.6796E-01
    1448    9.176950  9.6783E-01
    1449    9.178800  9.6771E-01
    1450    9.180650  9.6758E-01
    1451    9.182500  9.6745E-01
    1452    9.184350  9.6733E-01
    1453    9.186200  9.6720E-01
    1454    9.188050  9.6707E-01
    1455    9.189900  9.6695E-01
    1456    9.191750  9.6682E-01
    1457    9.193600  9.6670E-01
    1458    9.195450  9.6657E-01
    1459    9.197300  9.6644E-01
    1460    9.199150  9.6631E-01
    1461    9.201000  9.6618E-01
    1462    9.202850  9.6605E-01
    1463    9.204700  9.6591E-01
    1464    9.206550  9.6577E-01
    1465    9.208400  9.6563E-01
    1466    9.210250  9.6549E-01
    1467    9.212100  9.6534E-01
    1468    9.213950  9.6520E-01
    1469    9.215800  9.6504E-01
    1470    9.217650  9.6489E-01
    1471    9.219500  9.6473E-01
    1472    9.221350  9.6457E-01
    1473    9.223200  9.6441E-01
    1474    9.225050  9.6424E-01
    1475    9.226900  9.6406E-01
    1476    9.228750  9.6388E-01
    1477    9.230600  9.6370E-01
    1478    9.232450  9.6351E-01
    1479    9.234300  9.6332E-01
    1480    9.236150  9.6312E-01
    1481    9.238000  9.6292E-01
    1482    9.239850  9.6271E-01
    1483    9.241700  9.6249E-01
    1484    9.243550  9.6227E-01
    1485    9.245400  9.6203E-01
    1486    9.247250  9.6178E-01
    1487    9.249100  9.6153E-01
    1488    9.250950  9.6127E-01
    1489    9.252800  9.6098E-01
    1490    9.254650  9.6069E-01
    1491    9.256500  9.6037E-01
    1492    9.258350  9.6004E-01
    1493    9.260200  9.5968E-01
    1494    9.262050  9.5931E-01
    1495    9.263900  9.5890E-01
    1496    9.265750  9.5847E-01
    1497    9.267600  9.5800E-01
    1498    9.269450  9.5750E-01
    1499    9.271300  9.5695E-01
    1500    9.273150  9.5637E-01
    1501    9.275000  9.5573E-01
    1502    9.276850  9.5504E-01
    1503    9.278700  9.5430E-01
    1504    9.280550  9.5349E-01
    1505    9.282400  9.5261E-01
    1506    9.284250  9.5168E-01
    1507    9.286100  9.5066E-01
    1508    9.287950  9.4956E-01
    1509    9.289800  9.4837E-01
    1510    9.291650  9.4709E-01
    1511    9.293500  9.4570E-01
    1512    9.295350  9.4422E-01
    1513    9.297200  9.4263E-01
    1514    9.299050  9.4092E-01
    1515    9.300900  9.3909E-01
    1516    9.302750  9.3713E-01
    1517    9.304600  9.3504E-01
    1518    9.306450  9.3281E-01
    1519    9.308300  9.3044E-01
    1520    9.310150  9.2792E-01
    1521    9.312000  9.2525E-01
    1522    9.313850  9.2242E-01
    1523    9.315700  9.1943E-01
    1524    9.317550  9.1628E-01
    1525    9.319400  9.1296E-01
    1526    9.321250  9.0946E-01
    1527    9.323100  9.0579E-01
    1528    9.324950  9.0195E-01
    1529    9.326800  8.9792E-01
    1530    9.328650  8.9372E-01
    1531    9.330500  8.8933E-01
    1532    9.332350  8.8476E-01
    1533    9.334200  8.8001E-01
    1534    9.336050  8.7508E-01
    1535    9.337900  8.6997E-01
    1536    9.339750  8.6467E-01
    1537    9.341600  8.5920E-01
    1538    9.343450  8.5355E-01
    1539    9.345300  8.4773E-01
    1540    9.347150  8.4173E-01
    1541    9.349000  8.3558E-01
    1542    9.350850  8.2925E-01
    1543    9.352700  8.2277E-01
    1544    9.354550  8.1613E-01
    1545    9.356400  8.0935E-01
    1546    9.358250  8.0240E-01
    1547    9.360100  7.9536E-01
    1548    9.361950  7.8816E-01
    1549    9.363800  7.8084E-01
    1550    9.365650  7.7339E-01
    1551    9.367500  7.6586E-01
    1552    9.369350  7.5821E-01
    1553    9.371200  7.5049E-01
    1554    9.373050  7.4265E-01
    1555    9.374900  7.3478E-01
    1556    9.376750  7.2682E-01
    1557    9.378600  7.1882E-01
    1558    9.380450  7.1076E-01
    1559    9.382300  7.0267E-01
    1560    9.384150  6.9455E-01
    1561    9.386000  6.8645E-01
    1562    9.387850  6.7833E-01
    1563    9.389700  6.7022E-01
    1564    9.391550  6.6213E-01
    1565    9.393400  6.5408E-01
    1566    9.395250  6.4606E-01
    1567    9.397100  6.3812E-01
    1568    9.398950  6.3024E-01
    1569    9.400800  6.2241E-01
    1570    9.402650  6.1472E-01
    1571    9.404500  6.0712E-01
    1572    9.406350  5.9963E-01
    1573    9.408200  5.9224E-01
    1574    9.410050  5.8502E-01
    1575    9.411900  5.7792E-01
    1576    9.413750  5.7101E-01
    1577    9.415600  5.6424E-01
    1578    9.417450  5.5762E-01
    1579    9.419300  5.5121E-01
    1580    9.421150  5.4499E-01
    1581    9.423000  5.3895E-01
    1582    9.424850  5.3313E-01
    1583    9.426700  5.2751E-01
    1584    9.428550  5.2209E-01
    1585    9.430400  5.1688E-01
    1586    9.432250  5.1188E-01
    1587    9.434100  5.0711E-01
    1588    9.435950  5.0258E-01
    1589    9.437800  4.9828E-01
    1590    9.439650  4.9416E-01
    1591    9.441500  4.9031E-01
    1592    9.443350  4.8666E-01
    1593    9.445200  4.8325E-01
    1594    9.447050  4.8004E-01
    1595    9.448900  4.7706E-01
    1596    9.450750  4.7433E-01
    1597    9.452600  4.7181E-01
    1598    9.454450  4.6948E-01
    1599    9.456300  4.6741E-01
    1600    9.458150  4.6551E-01
    1601    9.460000  4.6386E-01
    1602    9.461850  4.6241E-01
    1603    9.463700  4.6116E-01
    1604    9.465550  4.6010E-01
    1605    9.467400  4.5927E-01
    1606    9.469250  4.5865E-01
    1607    9.471100  4.5821E-01
    1608    9.472950  4.5801E-01
    1609    9.474800  4.5798E-01
    1610    9.476650  4.5814E-01
    1611    9.478500  4.5851E-01
    1612    9.480350  4.5910E-01
    1613    9.482200  4.5987E-01
    1614    9.484050  4.6084E-01
    1615    9.485900  4.6198E-01
    1616    9.487750  4.6334E-01
    1617    9.489600  4.6491E-01
    1618    9.491450  4.6665E-01
    1619    9.493300  4.6859E-01
    1620    9.495150  4.7071E-01
    1621    9.497000  4.7304E-01
    1622    9.498850  4.7553E-01
    1623    9.500700  4.7824E-01
    1624    9.502550  4.8111E-01
    1625    9.504400  4.8414E-01
    1626    9.506250  4.8737E-01
    1627    9.508100  4.9076E-01
    1628    9.509950  4.9429E-01
    1629    9.511800  4.9798E-01
    1630    9.513650  5.0178E-01
    1631    9.515500  5.0573E-01
    1632    9.517350  5.0980E-01
    1633    9.519200  5.1397E-01
    1634    9.521050  5.1822E-01
    1635    9.522900  5.2255E-01
    1636    9.524750  5.2697E-01
    1637    9.526600  5.3139E-01
    1638    9.528450  5.3585E-01
    1639    9.530300  5.4031E-01
    1640    9.532150  5.4475E-01
    1641    9.534000  5.4916E-01
    1642    9.535850  5.5349E-01
    1643    9.537700  5.5779E-01
    1644    9.539550  5.6196E-01
    1645    9.541400  5.6598E-01
    1646    9.543250  5.6990E-01
    1647    9.545100  5.7362E-01
    1648    9.546950  5.7717E-01
    1649    9.548800  5.8049E-01
    1650    9.550650  5.8359E-01
    1651    9.552500  5.8642E-01
    1652    9.554350  5.8897E-01
    1653    9.556200  5.9127E-01
    1654    9.558050  5.9324E-01
    1655    9.559900  5.9490E-01
    1656    9.561750  5.9623E-01
    1657    9.563600  5.9720E-01
    1658    9.565450  5.9782E-01
    1659    9.567300  5.9808E-01
    1660    9.569150  5.9797E-01
    1661    9.571000  5.9751E-01
    1662    9.572850  5.9667E-01
    1663    9.574700  5.9547E-01
    1664    9.576550  5.9391E-01
    1665    9.578400  5.9201E-01
    1666    9.580250  5.8975E-01
    1667    9.582100  5.8716E-01
    1668    9.583950  5.8428E-01
    1669    9.585800  5.8108E-01
    1670    9.587650  5.7761E-01
    1671    9.589500  5.7387E-01
    1672    9.591350  5.6991E-01
    1673    9.593200  5.6572E-01
    1674    9.595050  5.6135E-01
    1675    9.596900  5.5681E-01
    1676    9.598750  5.5213E-01
    1677    9.600600  5.4733E-01
    1678    9.602450  5.4247E-01
    1679    9.604300  5.3755E-01
    1680    9.606150  5.3260E-01
    1681    9.608000  5.2767E-01
    1682    9.609850  5.2275E-01
    1683    9.611700  5.1787E-01
    1684    9.613550  5.1311E-01
    1685    9.615400  5.0840E-01
    1686    9.617250  5.0383E-01
    1687    9.619100  4.9943E-01
    1688    9.620950  4.9516E-01
    1689    9.622800  4.9109E-01
    1690    9.624650  4.8719E-01
    1691    9.626500  4.8352E-01
    1692    9.628350  4.8009E-01
    1693    9.630200  4.7685E-01
    1694    9.632050  4.7386E-01
    1695    9.633900  4.7114E-01
    1696    9.635750  4.6863E-01
    1697    9.637600  4.6638E-01
    1698    9.639450  4.6441E-01
    1699    9.641300  4.6267E-01
    1700    9.643150  4.6115E-01
    1701    9.645000  4.5991E-01
    1702    9.646850  4.5889E-01
    1703    9.648700  4.5809E-01
    1704    9.650550  4.5751E-01
    1705    9.652400  4.5715E-01
    1706    9.654250  4.5700E-01
    1707    9.656100  4.5707E-01
    1708    9.657950  4.5729E-01
    1709    9.659800  4.5769E-01
    1710    9.661650  4.5827E-01
    1711    9.663500  4.5897E-01
    1712    9.665350  4.5984E-01
    1713    9.667200  4.6087E-01
    1714    9.669050  4.6198E-01
    1715    9.670900  4.6324E-01
    1716    9.672750  4.6459E-01
    1717    9.674600  4.6604E-01
    1718    9.676450  4.6759E-01
    1719    9.678300  4.6919E-01
    1720    9.680150  4.7091E-01
    1721    9.682000  4.7270E-01
    1722    9.683850  4.7454E-01
    1723    9.685700  4.7647E-01
    1724    9.687550  4.7845E-01
    1725    9.689400  4.8045E-01
    1726    9.691250  4.8256E-01
    1727    9.693100  4.8468E-01
    1728    9.694950  4.8685E-01
    1729    9.696800  4.8910E-01
    1730    9.698650  4.9136E-01
    1731    9.700500  4.9369E-01
    1732    9.702350  4.9605E-01
    1733    9.704200  4.9843E-01
    1734    9.706050  5.0090E-01
    1735    9.707900  5.0335E-01
    1736    9.709750  5.0587E-01
    1737    9.711600  5.0842E-01
    1738    9.713450  5.1098E-01
    1739    9.715300  5.1361E-01
    1740    9.717150  5.1622E-01
    1741    9.719000  5.1887E-01
    1742    9.720850  5.2157E-01
    1743    9.722700  5.2424E-01
    1744    9.724550  5.2697E-01
    1745    9.726400  5.2966E-01
    1746    9.728250  5.3238E-01
    1747    9.730100  5.3512E-01
    1748    9.731950  5.3782E-01
    1749    9.733800  5.4055E-01
    1750    9.735650  5.4324E-01
    1751    9.737500  5.4590E-01
    1752    9.739350  5.4856E-01
    1753    9.741200  5.5116E-01
    1754    9.743050  5.5377E-01
    1755    9.744900  5.5633E-01
    1756    9.746750  5.5884E-01
    1757    9.748600  5.6130E-01
    1758    9.750450  5.6373E-01
    1759    9.752300  5.6608E-01
    1760    9.754150  5.6838E-01
    1761    9.756000  5.7066E-01
    1762    9.757850  5.7286E-01
    1763    9.759700  5.7501E-01
    1764    9.761550  5.7707E-01
    1765    9.763400  5.7911E-01
    1766    9.765250  5.8105E-01
    1767    9.767100  5.8298E-01
    1768    9.768950  5.8483E-01
    1769    9.770800  5.8662E-01
    1770    9.772650  5.8837E-01
    1771    9.774500  5.9006E-01
    1772    9.776350  5.9171E-01
    1773    9.778200  5.9330E-01
    1774    9.780050  5.9490E-01
    1775    9.781900  5.9641E-01
    1776    9.783750  5.9793E-01
    1777    9.785600  5.9944E-01
    1778    9.787450  6.0093E-01
    1779    9.789300  6.0240E-01
    1780    9.791150  6.0386E-01
    1781    9.793000  6.0533E-01
    1782    9.794850  6.0680E-01
    1783    9.796700  6.0828E-01
    1784    9.798550  6.0980E-01
    1785    9.800400  6.1134E-01
    1786    9.802250  6.1290E-01
    1787    9.804100  6.1450E-01
    1788    9.805950  6.1614E-01
    1789    9.807800  6.1786E-01
    1790    9.809650  6.1962E-01
    1791    9.811500  6.2143E-01
    1792    9.813350  6.2329E-01
    1793    9.815200  6.2525E-01
    1794    9.817050  6.2726E-01
    1795    9.818900  6.2934E-01
    1796    9.820750  6.3150E-01
    1797    9.822600  6.3372E-01
    1798    9.824450  6.3605E-01
    1799    9.826300  6.3846E-01
    1800    9.828150  6.4092E-01
    1801    9.830000  6.4346E-01
    1802    9.831850  6.4613E-01
    1803    9.833700  6.4885E-01
    1804    9.835550  6.5163E-01
    1805    9.837400  6.5449E-01
    1806    9.839250  6.5745E-01
    1807    9.841100  6.6046E-01
    1808    9.842950  6.6353E-01
    1809    9.844800  6.6669E-01
    1810    9.846650  6.6988E-01
    1811    9.848500  6.7312E-01
    1812    9.850350  6.7644E-01
    1813    9.852200  6.7978E-01
    1814    9.854050  6.8316E-01
    1815    9.855900  6.8657E-01
    1816    9.857750  6.9000E-01
    1817    9.859600  6.9344E-01
    1818    9.861450  6.9691E-01
    1819    9.863300  7.0039E-01
    1820    9.865150  7.0386E-01
    1821    9.867000  7.0733E-01
    1822    9.868850  7.1076E-01
    1823    9.870700  7.1422E-01
    1824    9.872550  7.1764E-01
    1825    9.874400  7.2103E-01
    1826    9.876250  7.2438E-01
    1827    9.878100  7.2769E-01
    1828    9.879950  7.3097E-01
    1829    9.881800  7.3419E-01
    1830    9.883650  7.3738E-01
    1831    9.885500  7.4050E-01
    1832    9.887350  7.4357E-01
    1833    9.889200  7.4659E-01
    1834    9.891050  7.4955E-01
    1835    9.892900  7.5243E-01
    1836    9.894750  7.5528E-01
    1837    9.896600  7.5804E-01
    1838    9.898450  7.6075E-01
    1839    9.900300  7.6342E-01
    1840    9.902150  7.6599E-01
    1841    9.904000  7.6854E-01
    1842    9.905850  7.7102E-01
    1843    9.907700  7.7344E-01
    1844    9.909550  7.7581E-01
    1845    9.911400  7.7813E-01
    1846    9.913250  7.8040E-01
    1847    9.915100  7.8262E-01
    1848    9.916950  7.8480E-01
    1849    9.918800  7.8694E-01
    1850    9.920650  7.8905E-01
    1851    9.922500  7.9112E-01
    1852    9.924350  7.9315E-01
    1853    9.926200  7.9518E-01
    1854    9.928050  7.9715E-01
    1855    9.929900  7.9914E-01
    1856    9.931750  8.0110E-01
    1857    9.933600  8.0302E-01
    1858    9.935450  8.0497E-01
    1859    9.937300  8.0690E-01
    1860    9.939150  8.0881E-01
    1861    9.941000  8.1072E-01
    1862    9.942850  8.1264E-01
    1863    9.944700  8.1454E-01
    1864    9.946550  8.1646E-01
    1865    9.948400  8.1838E-01
    1866    9.950250  8.2031E-01
    1867    9.952100  8.2224E-01
    1868    9.953950  8.2417E-01
    1869    9.955800  8.2611E-01
    1870    9.957650  8.2806E-01
    1871    9.959500  8.3002E-01
    1872    9.961350  8.3198E-01
    1873    9.963200  8.3394E-01
    1874    9.965050  8.3589E-01
    1875    9.966900  8.3789E-01
    1876    9.968750  8.3986E-01
    1877    9.970600  8.4183E-01
    1878    9.972450  8.4383E-01
    1879    9.974300  8.4581E-01
    1880    9.976150  8.4778E-01
    1881    9.978000  8.4975E-01
    1882    9.979850  8.5171E-01
    1883    9.981700  8.5367E-01
    1884    9.983550  8.5561E-01
    1885    9.985400  8.5754E-01
    1886    9.987250  8.5946E-01
    1887    9.989100  8.6136E-01
    1888    9.990950  8.6325E-01
    1889    9.992800  8.6510E-01
    1890    9.994650  8.6697E-01
    1891    9.996500  8.6879E-01
    1892    9.998350  8.7060E-01
    1893   10.000200  8.7238E-01
    1894   10.002050  8.7414E-01
    1895   10.003900  8.7587E-01
    1896   10.005750  8.7758E-01
    1897   10.007600  8.7927E-01
    1898   10.009450  8.8093E-01
    1899   10.011300  8.8256E-01
    1900   10.013150  8.8418E-01
    1901   10.015000  8.8577E-01
    1902   10.016850  8.8733E-01
    1903   10.018700  8.8887E-01
    1904   10.020550  8.9040E-01
    1905   10.022400  8.9190E-01
    1906   10.024250  8.9338E-01
    1907   10.026100  8.9484E-01
    1908   10.027950  8.9629E-01
    1909   10.029800  8.9770E-01
    1910   10.031650  8.9914E-01
    1911   10.033500  9.0054E-01
    1912   10.035350  9.0195E-01
    1913   10.037200  9.0333E-01
    1914   10.039050  9.0471E-01
    1915   10.040900  9.0608E-01
    1916   10.042750  9.0744E-01
    1917   10.044600  9.0881E-01
    1918   10.046450  9.1016E-01
    1919   10.048300  9.1152E-01
    1920   10.050150  9.1287E-01
    1921   10.052000  9.1423E-01
    1922   10.053850  9.1558E-01
    1923   10.055700  9.1691E-01
    1924   10.057550  9.1828E-01
    1925   10.059400  9.1964E-01
    1926   10.061250  9.2100E-01
    1927   10.063100  9.2235E-01
    1928   10.064950  9.2371E-01
    1929   10.066800  9.2507E-01
    1930   10.068650  9.2643E-01
    1931   10.070500  9.2778E-01
    1932   10.072350  9.2914E-01
    1933   10.074200  9.3050E-01
    1934   10.076050  9.3185E-01
    1935   10.077900  9.3320E-01
    1936   10.079750  9.3454E-01
    1937   10.081600  9.3588E-01
    1938   10.083450  9.3721E-01
    1939   10.085300  9.3852E-01
    1940   10.087150  9.3983E-01
    1941   10.089000  9.4113E-01
    1942   10.090850  9.4242E-01
    1943   10.092700  9.4369E-01
    1944   10.094550  9.4494E-01
    1945   10.096400  9.4618E-01
    1946   10.098250  9.4739E-01
    1947   10.100100  9.4859E-01
    1948   10.101950  9.4977E-01
    1949   10.103800  9.5093E-01
    1950   10.105650  9.5206E-01
    1951   10.107500  9.5317E-01
    1952   10.109350  9.5425E-01
    1953   10.111200  9.5531E-01
    1954   10.113050  9.5634E-01
    1955   10.114900  9.5734E-01
    1956   10.116750  9.5831E-01
    1957   10.118600  9.5926E-01
    1958   10.120450  9.6017E-01
    1959   10.122300  9.6106E-01
    1960   10.124150  9.6192E-01
    1961   10.126000  9.6275E-01
    1962   10.127850  9.6354E-01
    1963   10.129700  9.6431E-01
    1964   10.131550  9.6505E-01
    1965   10.133400  9.6576E-01
    1966   10.135250  9.6645E-01
    1967   10.137100  9.6710E-01
    1968   10.138950  9.6773E-01
    1969   10.140800  9.6833E-01
    1970   10.142650  9.6890E-01
    1971   10.144500  9.6945E-01
    1972   10.146350  9.6998E-01
    1973   10.148200  9.7048E-01
    1974   10.150050  9.7095E-01
    1975   10.151900  9.7141E-01
    1976   10.153750  9.7185E-01
    1977   10.155600  9.7226E-01
    1978   10.157450  9.7265E-01
    1979   10.159300  9.7303E-01
    1980   10.161150  9.7338E-01
    1981   10.163000  9.7372E-01
    1982   10.164850  9.7405E-01
    1983   10.166700  9.7436E-01
    1984   10.168550  9.7465E-01
    1985   10.170400  9.7493E-01
    1986   10.172250  9.7519E-01
    1987   10.174100  9.7544E-01
    1988   10.175950  9.7568E-01
    1989   10.177800  9.7591E-01
    1990   10.179650  9.7613E-01
    1991   10.181500  9.7633E-01
    1992   10.183350  9.7653E-01
    1993   10.185200  9.7671E-01
    1994   10.187050  9.7689E-01
    1995   10.188900  9.7705E-01
    1996   10.190750  9.7721E-01
    1997   10.192600  9.7735E-01
    1998   10.194450  9.7749E-01
    1999   10.196300  9.7762E-01
    2000   10.198150  9.7773E-01
    2001   10.200000  9.7784E-01
    2002   10.201850  9.7795E-01
    2003   10.203700  9.7804E-01
    2004   10.205550  9.7812E-01
    2005   10.207400  9.7820E-01
    2006   10.209250  9.7827E-01
    2007   10.211100  9.7833E-01
    2008   10.212950  9.7838E-01
    2009   10.214800  9.7842E-01
    2010   10.216650  9.7846E-01
    2011   10.218500  9.7848E-01
    2012   10.220350  9.7850E-01
    2013   10.222200  9.7851E-01
    2014   10.224050  9.7852E-01
    2015   10.225900  9.7851E-01
    2016   10.227750  9.7850E-01
    2017   10.229600  9.7849E-01
    2018   10.231450  9.7846E-01
    2019   10.233300  9.7843E-01
    2020   10.235150  9.7840E-01
    2021   10.237000  9.7835E-01
    2022   10.238850  9.7831E-01
    2023   10.240700  9.7826E-01
    2024   10.242550  9.7820E-01
    2025   10.244400  9.7814E-01
    2026   10.246250  9.7808E-01
    2027   10.248100  9.7802E-01
    2028   10.249950  9.7795E-01
    2029   10.251800  9.7788E-01
    2030   10.253650  9.7782E-01
    2031   10.255500  9.7775E-01
    2032   10.257350  9.7769E-01
    2033   10.259200  9.7763E-01
    2034   10.261050  9.7757E-01
    2035   10.262900  9.7751E-01
    2036   10.264750  9.7746E-01
    2037   10.266600  9.7742E-01
    2038   10.268450  9.7738E-01
    2039   10.270300  9.7736E-01
    2040   10.272150  9.7734E-01
    2041   10.274000  9.7732E-01
    2042   10.275850  9.7732E-01
    2043   10.277700  9.7733E-01
    2044   10.279550  9.7736E-01
    2045   10.281400  9.7739E-01
    2046   10.283250  9.7744E-01
    2047   10.285100  9.7750E-01
    2048   10.286950  9.7757E-01
    2049   10.288800  9.7765E-01
    2050   10.290650  9.7776E-01
    2051   10.292500  9.7788E-01
    2052   10.294350  9.7801E-01
    2053   10.296200  9.7816E-01
    2054   10.298050  9.7832E-01
    2055   10.299900  9.7850E-01
    2056   10.301750  9.7869E-01
    2057   10.303600  9.7889E-01
    2058   10.305450  9.7912E-01
    2059   10.307300  9.7935E-01
    2060   10.309150  9.7960E-01
    2061   10.311000  9.7985E-01
    2062   10.312850  9.8012E-01
    2063   10.314700  9.8040E-01
    2064   10.316550  9.8069E-01
    2065   10.318400  9.8098E-01
    2066   10.320250  9.8129E-01
    2067   10.322100  9.8161E-01
    2068   10.323950  9.8193E-01
    2069   10.325800  9.8225E-01
    2070   10.327650  9.8258E-01
    2071   10.329500  9.8291E-01
    2072   10.331350  9.8324E-01
    2073   10.333200  9.8358E-01
    2074   10.335050  9.8391E-01
    2075   10.336900  9.8425E-01
    2076   10.338750  9.8458E-01
    2077   10.340600  9.8491E-01
    2078   10.342450  9.8524E-01
    2079   10.344300  9.8556E-01
    2080   10.346150  9.8588E-01
    2081   10.348000  9.8619E-01
    2082   10.349850  9.8649E-01
    2083   10.351700  9.8679E-01
    2084   10.353550  9.8708E-01
    2085   10.355400  9.8737E-01
    2086   10.357250  9.8764E-01
    2087   10.359100  9.8791E-01
    2088   10.360950  9.8817E-01
    2089   10.362800  9.8841E-01
    2090   10.364650  9.8865E-01
    2091   10.366500  9.8888E-01
    2092   10.368350  9.8910E-01
    2093   10.370200  9.8931E-01
    2094   10.372050  9.8950E-01
    2095   10.373900  9.8969E-01
    2096   10.375750  9.8987E-01
    2097   10.377600  9.9004E-01
    2098   10.379450  9.9019E-01
    2099   10.381300  9.9034E-01
    2100   10.383150  9.9047E-01
    2101   10.385000  9.9060E-01
    2102   10.386850  9.9072E-01
    2103   10.388700  9.9082E-01
    2104   10.390550  9.9092E-01
    2105   10.392400  9.9101E-01
    2106   10.394250  9.9109E-01
    2107   10.396100  9.9115E-01
    2108   10.397950  9.9121E-01
    2109   10.399800  9.9127E-01
    2110   10.401650  9.9131E-01
    2111   10.403500  9.9135E-01
    2112   10.405350  9.9137E-01
    2113   10.407200  9.9139E-01
    2114   10.409050  9.9140E-01
    2115   10.410900  9.9141E-01
    2116   10.412750  9.9141E-01
    2117   10.414600  9.9140E-01
    2118   10.416450  9.9138E-01
    2119   10.418300  9.9136E-01
    2120   10.420150  9.9134E-01
    2121   10.422000  9.9131E-01
    2122   10.423850  9.9127E-01
    2123   10.425700  9.9123E-01
    2124   10.427550  9.9118E-01
    2125   10.429400  9.9113E-01
    2126   10.431250  9.9108E-01
    2127   10.433100  9.9102E-01
    2128   10.434950  9.9096E-01
    2129   10.436800  9.9090E-01
    2130   10.438650  9.9083E-01
    2131   10.440500  9.9076E-01
    2132   10.442350  9.9070E-01
    2133   10.444200  9.9063E-01
    2134   10.446050  9.9055E-01
    2135   10.447900  9.9048E-01
    2136   10.449750  9.9041E-01
    2137   10.451600  9.9033E-01
    2138   10.453450  9.9026E-01
    2139   10.455300  9.9018E-01
    2140   10.457150  9.9011E-01
    2141   10.459000  9.9003E-01
    2142   10.460850  9.8996E-01
    2143   10.462700  9.8988E-01
    2144   10.464550  9.8981E-01
    2145   10.466400  9.8974E-01
    2146   10.468250  9.8966E-01
    2147   10.470100  9.8959E-01
    2148   10.471950  9.8952E-01
    2149   10.473800  9.8945E-01
    2150   10.475650  9.8938E-01
    2151   10.477500  9.8931E-01
    2152   10.479350  9.8925E-01
    2153   10.481200  9.8918E-01
    2154   10.483050  9.8911E-01
    2155   10.484900  9.8905E-01
    2156   10.486750  9.8898E-01
    2157   10.488600  9.8892E-01
    2158   10.490450  9.8885E-01
    2159   10.492300  9.8879E-01
    2160   10.494150  9.8872E-01
    2161   10.496000  9.8866E-01
    2162   10.497850  9.8860E-01
    2163   10.499700  9.8854E-01
    2164   10.501550  9.8848E-01
    2165   10.503400  9.8842E-01
    2166   10.505250  9.8836E-01
    2167   10.507100  9.8831E-01
    2168   10.508950  9.8825E-01
    2169   10.510800  9.8820E-01
    2170   10.512650  9.8814E-01
    2171   10.514500  9.8810E-01
    2172   10.516350  9.8805E-01
    2173   10.518200  9.8800E-01
    2174   10.520050  9.8796E-01
    2175   10.521900  9.8793E-01
    2176   10.523750  9.8789E-01
    2177   10.525600  9.8786E-01
    2178   10.527450  9.8784E-01
    2179   10.529300  9.8782E-01
    2180   10.531150  9.8780E-01
    2181   10.533000  9.8779E-01
    2182   10.534850  9.8779E-01
    2183   10.536700  9.8779E-01
    2184   10.538550  9.8780E-01
    2185   10.540400  9.8781E-01
    2186   10.542250  9.8783E-01
    2187   10.544100  9.8786E-01
    2188   10.545950  9.8789E-01
    2189   10.547800  9.8794E-01
    2190   10.549650  9.8798E-01
    2191   10.551500  9.8803E-01
    2192   10.553350  9.8810E-01
    2193   10.555200  9.8817E-01
    2194   10.557050  9.8824E-01
    2195   10.558900  9.8832E-01
    2196   10.560750  9.8840E-01
    2197   10.562600  9.8849E-01
    2198   10.564450  9.8859E-01
    2199   10.566300  9.8869E-01
    2200   10.568150  9.8879E-01
    2201   10.570000  9.8890E-01
    2202   10.571850  9.8901E-01
    2203   10.573700  9.8913E-01
    2204   10.575550  9.8924E-01
    2205   10.577400  9.8936E-01
    2206   10.579250  9.8948E-01
    2207   10.581100  9.8960E-01
    2208   10.582950  9.8972E-01
    2209   10.584800  9.8984E-01
    2210   10.586650  9.8996E-01
    2211   10.588500  9.9007E-01
    2212   10.590350  9.9019E-01
    2213   10.592200  9.9030E-01
    2214   10.594050  9.9041E-01
    2215   10.595900  9.9052E-01
    2216   10.597750  9.9063E-01
    2217   10.599600  9.9073E-01
    2218   10.601450  9.9082E-01
    2219   10.603300  9.9092E-01
    2220   10.605150  9.9101E-01
    2221   10.607000  9.9110E-01
    2222   10.608850  9.9118E-01
    2223   10.610700  9.9126E-01
    2224   10.612550  9.9133E-01
    2225   10.614400  9.9140E-01
    2226   10.616250  9.9147E-01
    2227   10.618100  9.9153E-01
    2228   10.619950  9.9159E-01
    2229   10.621800  9.9165E-01
    2230   10.623650  9.9170E-01
    2231   10.625500  9.9175E-01
    2232   10.627350  9.9180E-01
    2233   10.629200  9.9184E-01
    2234   10.631050  9.9188E-01
    2235   10.632900  9.9192E-01
    2236   10.634750  9.9196E-01
    2237   10.636600  9.9200E-01
    2238   10.638450  9.9204E-01
    2239   10.640300  9.9208E-01
    2240   10.642150  9.9211E-01
    2241   10.644000  9.9215E-01
    2242   10.645850  9.9218E-01
    2243   10.647700  9.9222E-01
    2244   10.649550  9.9225E-01
    2245   10.651400  9.9229E-01
    2246   10.653250  9.9232E-01
    2247   10.655100  9.9236E-01
    2248   10.656950  9.9240E-01
    2249   10.658800  9.9244E-01
    2250   10.660650  9.9248E-01
    2251   10.662500  9.9252E-01
    2252   10.664350  9.9256E-01
    2253   10.666200  9.9260E-01
    2254   10.668050  9.9265E-01
    2255   10.669900  9.9269E-01
    2256   10.671750  9.9273E-01
    2257   10.673600  9.9278E-01
    2258   10.675450  9.9283E-01
    2259   10.677300  9.9287E-01
    2260   10.679150  9.9292E-01
    2261   10.681000  9.9296E-01
    2262   10.682850  9.9301E-01
    2263   10.684700  9.9306E-01
    2264   10.686550  9.9310E-01
    2265   10.688400  9.9315E-01
    2266   10.690250  9.9319E-01
    2267   10.692100  9.9324E-01
    2268   10.693950  9.9328E-01
    2269   10.695800  9.9332E-01
    2270   10.697650  9.9336E-01
    2271   10.699500  9.9340E-01
    2272   10.701350  9.9344E-01
    2273   10.703200  9.9347E-01
    2274   10.705050  9.9350E-01
    2275   10.706900  9.9354E-01
    2276   10.708750  9.9356E-01
    2277   10.710600  9.9359E-01
    2278   10.712450  9.9362E-01
    2279   10.714300  9.9364E-01
    2280   10.716150  9.9366E-01
    2281   10.718000  9.9367E-01
    2282   10.719850  9.9369E-01
    2283   10.721700  9.9370E-01
    2284   10.723550  9.9371E-01
    2285   10.725400  9.9371E-01
    2286   10.727250  9.9371E-01
    2287   10.729100  9.9371E-01
    2288   10.730950  9.9371E-01
    2289   10.732800  9.9370E-01
    2290   10.734650  9.9369E-01
    2291   10.736500  9.9368E-01
    2292   10.738350  9.9367E-01
    2293   10.740200  9.9365E-01
    2294   10.742050  9.9363E-01
    2295   10.743900  9.9360E-01
    2296   10.745750  9.9358E-01
    2297   10.747600  9.9355E-01
    2298   10.749450  9.9352E-01
    2299   10.751300  9.9348E-01
    2300   10.753150  9.9344E-01
    2301   10.755000  9.9340E-01
    2302   10.756850  9.9336E-01
    2303   10.758700  9.9332E-01
    2304   10.760550  9.9327E-01
    2305   10.762400  9.9322E-01
    2306   10.764250  9.9317E-01
    2307   10.766100  9.9312E-01
    2308   10.767950  9.9307E-01
    2309   10.769800  9.9302E-01
    2310   10.771650  9.9296E-01
    2311   10.773500  9.9290E-01
    2312   10.775350  9.9285E-01
    2313   10.777200  9.9279E-01
    2314   10.779050  9.9273E-01
    2315   10.780900  9.9268E-01
    2316   10.782750  9.9262E-01
    2317   10.784600  9.9256E-01
    2318   10.786450  9.9251E-01
    2319   10.788300  9.9245E-01
    2320   10.790150  9.9240E-01
    2321   10.792000  9.9235E-01
    2322   10.793850  9.9230E-01
    2323   10.795700  9.9225E-01
    2324   10.797550  9.9221E-01
    2325   10.799400  9.9216E-01
    2326   10.801250  9.9212E-01
    2327   10.803100  9.9208E-01
    2328   10.804950  9.9205E-01
    2329   10.806800  9.9202E-01
    2330   10.808650  9.9199E-01
    2331   10.810500  9.9196E-01
    2332   10.812350  9.9195E-01
    2333   10.814200  9.9193E-01
    2334   10.816050  9.9192E-01
    2335   10.817900  9.9191E-01
    2336   10.819750  9.9190E-01
    2337   10.821600  9.9190E-01
    2338   10.823450  9.9190E-01
    2339   10.825300  9.9191E-01
    2340   10.827150  9.9192E-01
    2341   10.829000  9.9194E-01
    2342   10.830850  9.9196E-01
    2343   10.832700  9.9198E-01
    2344   10.834550  9.9200E-01
    2345   10.836400  9.9203E-01
    2346   10.838250  9.9207E-01
    2347   10.840100  9.9210E-01
    2348   10.841950  9.9214E-01
    2349   10.843800  9.9218E-01
    2350   10.845650  9.9223E-01
    2351   10.847500  9.9227E-01
    2352   10.849350  9.9232E-01
    2353   10.851200  9.9237E-01
    2354   10.853050  9.9243E-01
    2355   10.854900  9.9248E-01
    2356   10.856750  9.9253E-01
    2357   10.858600  9.9259E-01
    2358   10.860450  9.9265E-01
    2359   10.862300  9.9270E-01
    2360   10.864150  9.9276E-01
    2361   10.866000  9.9282E-01
    2362   10.867850  9.9288E-01
    2363   10.869700  9.9294E-01
    2364   10.871550  9.9299E-01
    2365   10.873400  9.9305E-01
    2366   10.875250  9.9310E-01
    2367   10.877100  9.9316E-01
    2368   10.878950  9.9321E-01
    2369   10.880800  9.9326E-01
    2370   10.882650  9.9331E-01
    2371   10.884500  9.9336E-01
    2372   10.886350  9.9341E-01
    2373   10.888200  9.9345E-01
    2374   10.890050  9.9350E-01
    2375   10.891900  9.9354E-01
    2376   10.893750  9.9357E-01
    2377   10.895600  9.9361E-01
    2378   10.897450  9.9365E-01
    2379   10.899300  9.9368E-01
    2380   10.901150  9.9371E-01
    2381   10.903000  9.9373E-01
    2382   10.904850  9.9376E-01
    2383   10.906700  9.9378E-01
    2384   10.908550  9.9380E-01
    2385   10.910400  9.9381E-01
    2386   10.912250  9.9382E-01
    2387   10.914100  9.9383E-01
    2388   10.915950  9.9384E-01
    2389   10.917800  9.9385E-01
    2390   10.919650  9.9385E-01
    2391   10.921500  9.9385E-01
    2392   10.923350  9.9384E-01
    2393   10.925200  9.9384E-01
    2394   10.927050  9.9383E-01
    2395   10.928900  9.9381E-01
    2396   10.930750  9.9380E-01
    2397   10.932600  9.9378E-01
    2398   10.934450  9.9376E-01
    2399   10.936300  9.9373E-01
    2400   10.938150  9.9371E-01
    2401   10.940000  9.9368E-01
    2402   10.941850  9.9365E-01
    2403   10.943700  9.9361E-01
    2404   10.945550  9.9357E-01
    2405   10.947400  9.9354E-01
    2406   10.949250  9.9349E-01
    2407   10.951100  9.9345E-01
    2408   10.952950  9.9341E-01
    2409   10.954800  9.9336E-01
    2410   10.956650  9.9331E-01
    2411   10.958500  9.9327E-01
    2412   10.960350  9.9322E-01
    2413   10.962200  9.9317E-01
    2414   10.964050  9.9311E-01
    2415   10.965900  9.9306E-01
    2416   10.967750  9.9301E-01
    2417   10.969600  9.9296E-01
    2418   10.971450  9.9291E-01
    2419   10.973300  9.9286E-01
    2420   10.975150  9.9282E-01
    2421   10.977000  9.9277E-01
    2422   10.978850  9.9272E-01
    2423   10.980700  9.9268E-01
    2424   10.982550  9.9264E-01
    2425   10.984400  9.9260E-01
    2426   10.986250  9.9257E-01
    2427   10.988100  9.9253E-01
    2428   10.989950  9.9250E-01
    2429   10.991800  9.9248E-01
    2430   10.993650  9.9245E-01
    2431   10.995500  9.9243E-01
    2432   10.997350  9.9242E-01
    2433   10.999200  9.9241E-01
    2434   11.001050  9.9239E-01
    2435   11.002900  9.9239E-01
    2436   11.004750  9.9239E-01
    2437   11.006600  9.9239E-01
    2438   11.008450  9.9240E-01
    2439   11.010300  9.9241E-01
    2440   11.012150  9.9243E-01
    2441   11.014000  9.9244E-01
    2442   11.015850  9.9246E-01
    2443   11.017700  9.9249E-01
    2444   11.019550  9.9252E-01
    2445   11.021400  9.9255E-01
    2446   11.023250  9.9258E-01
    2447   11.025100  9.9261E-01
    2448   11.026950  9.9265E-01
    2449   11.028800  9.9269E-01
    2450   11.030650  9.9273E-01
    2451   11.032500  9.9277E-01
    2452   11.034350  9.9281E-01
    2453   11.036200  9.9286E-01
    2454   11.038050  9.9290E-01
    2455   11.039900  9.9295E-01
    2456   11.041750  9.9299E-01
    2457   11.043600  9.9304E-01
    2458   11.045450  9.9308E-01
    2459   11.047300  9.9313E-01
    2460   11.049150  9.9317E-01
    2461   11.051000  9.9321E-01
    2462   11.052850  9.9325E-01
    2463   11.054700  9.9329E-01
    2464   11.056550  9.9333E-01
    2465   11.058400  9.9337E-01
    2466   11.060250  9.9340E-01
    2467   11.062100  9.9344E-01
    2468   11.063950  9.9347E-01
    2469   11.065800  9.9350E-01
    2470   11.067650  9.9353E-01
    2471   11.069500  9.9355E-01
    2472   11.071350  9.9358E-01
    2473   11.073200  9.9360E-01
    2474   11.075050  9.9362E-01
    2475   11.076900  9.9364E-01
    2476   11.078750  9.9365E-01
    2477   11.080600  9.9367E-01
    2478   11.082450  9.9368E-01
    2479   11.084300  9.9369E-01
    2480   11.086150  9.9370E-01
    2481   11.088000  9.9371E-01
    2482   11.089850  9.9371E-01
    2483   11.091700  9.9372E-01
    2484   11.093550  9.9372E-01
    2485   11.095400  9.9372E-01
    2486   11.097250  9.9372E-01
    2487   11.099100  9.9372E-01
    2488   11.100950  9.9372E-01
    2489   11.102800  9.9371E-01
    2490   11.104650  9.9371E-01
    2491   11.106500  9.9370E-01
    2492   11.108350  9.9369E-01
    2493   11.110200  9.9369E-01
    2494   11.112050  9.9368E-01
    2495   11.113900  9.9367E-01
    2496   11.115750  9.9366E-01
    2497   11.117600  9.9365E-01
    2498   11.119450  9.9364E-01
    2499   11.121300  9.9363E-01
    2500   11.123150  9.9361E-01
    2501   11.125000  9.9360E-01
    2502   11.126850  9.9359E-01
    2503   11.128700  9.9357E-01
    2504   11.130550  9.9356E-01
    2505   11.132400  9.9354E-01
    2506   11.134250  9.9353E-01
    2507   11.136100  9.9351E-01
    2508   11.137950  9.9349E-01
    2509   11.139800  9.9348E-01
    2510   11.141650  9.9346E-01
    2511   11.143500  9.9344E-01
    2512   11.145350  9.9341E-01
    2513   11.147200  9.9339E-01
    2514   11.149050  9.9337E-01
    2515   11.150900  9.9334E-01
    2516   11.152750  9.9331E-01
    2517   11.154600  9.9328E-01
    2518   11.156450  9.9325E-01
    2519   11.158300  9.9322E-01
    2520   11.160150  9.9318E-01
    2521   11.162000  9.9314E-01
    2522   11.163850  9.9310E-01
    2523   11.165700  9.9305E-01
    2524   11.167550  9.9300E-01
    2525   11.169400  9.9294E-01
    2526   11.171250  9.9288E-01
    2527   11.173100  9.9282E-01
    2528   11.174950  9.9275E-01
    2529   11.176800  9.9268E-01
    2530   11.178650  9.9259E-01
    2531   11.180500  9.9251E-01
    2532   11.182350  9.9241E-01
    2533   11.184200  9.9231E-01
    2534   11.186050  9.9221E-01
    2535   11.187900  9.9209E-01
    2536   11.189750  9.9197E-01
    2537   11.191600  9.9184E-01
    2538   11.193450  9.9170E-01
    2539   11.195300  9.9155E-01
    2540   11.197150  9.9140E-01
    2541   11.199000  9.9123E-01
    2542   11.200850  9.9106E-01
    2543   11.202700  9.9087E-01
    2544   11.204550  9.9068E-01
    2545   11.206400  9.9048E-01
    2546   11.208250  9.9027E-01
    2547   11.210100  9.9005E-01
    2548   11.211950  9.8983E-01
    2549   11.213800  9.8959E-01
    2550   11.215650  9.8935E-01
    2551   11.217500  9.8910E-01
    2552   11.219350  9.8885E-01
    2553   11.221200  9.8859E-01
    2554   11.223050  9.8832E-01
    2555   11.224900  9.8805E-01
    2556   11.226750  9.8777E-01
    2557   11.228600  9.8749E-01
    2558   11.230450  9.8722E-01
    2559   11.232300  9.8694E-01
    2560   11.234150  9.8666E-01
    2561   11.236000  9.8638E-01
    2562   11.237850  9.8610E-01
    2563   11.239700  9.8583E-01
    2564   11.241550  9.8557E-01
    2565   11.243400  9.8531E-01
    2566   11.245250  9.8506E-01
    2567   11.247100  9.8481E-01
    2568   11.248950  9.8458E-01
    2569   11.250800  9.8436E-01
    2570   11.252650  9.8415E-01
    2571   11.254500  9.8396E-01
    2572   11.256350  9.8378E-01
    2573   11.258200  9.8361E-01
    2574   11.260050  9.8346E-01
    2575   11.261900  9.8333E-01
    2576   11.263750  9.8322E-01
    2577   11.265600  9.8312E-01
    2578   11.267450  9.8305E-01
    2579   11.269300  9.8299E-01
    2580   11.271150  9.8294E-01
    2581   11.273000  9.8293E-01
    2582   11.274850  9.8293E-01
    2583   11.276700  9.8295E-01
    2584   11.278550  9.8299E-01
    2585   11.280400  9.8305E-01
    2586   11.282250  9.8313E-01
    2587   11.284100  9.8322E-01
    2588   11.285950  9.8333E-01
    2589   11.287800  9.8345E-01
    2590   11.289650  9.8359E-01
    2591   11.291500  9.8374E-01
    2592   11.293350  9.8391E-01
    2593   11.295200  9.8409E-01
    2594   11.297050  9.8427E-01
    2595   11.298900  9.8447E-01
    2596   11.300750  9.8468E-01
    2597   11.302600  9.8489E-01
    2598   11.304450  9.8511E-01
    2599   11.306300  9.8533E-01
    2600   11.308150  9.8555E-01
    2601   11.310000  9.8578E-01
    2602   11.311850  9.8601E-01
    2603   11.313700  9.8623E-01
    2604   11.315550  9.8646E-01
    2605   11.317400  9.8668E-01
    2606   11.319250  9.8690E-01
    2607   11.321100  9.8712E-01
    2608   11.322950  9.8733E-01
    2609   11.324800  9.8754E-01
    2610   11.326650  9.8774E-01
    2611   11.328500  9.8794E-01
    2612   11.330350  9.8813E-01
    2613   11.332200  9.8831E-01
    2614   11.334050  9.8848E-01
    2615   11.335900  9.8865E-01
    2616   11.337750  9.8880E-01
    2617   11.339600  9.8895E-01
    2618   11.341450  9.8910E-01
    2619   11.343300  9.8923E-01
    2620   11.345150  9.8936E-01
    2621   11.347000  9.8948E-01
    2622   11.348850  9.8959E-01
    2623   11.350700  9.8970E-01
    2624   11.352550  9.8980E-01
    2625   11.354400  9.8989E-01
    2626   11.356250  9.8997E-01
    2627   11.358100  9.9005E-01
    2628   11.359950  9.9013E-01
    2629   11.361800  9.9020E-01
    2630   11.363650  9.9026E-01
    2631   11.365500  9.9032E-01
    2632   11.367350  9.9038E-01
    2633   11.369200  9.9043E-01
    2634   11.371050  9.9048E-01
    2635   11.372900  9.9053E-01
    2636   11.374750  9.9057E-01
    2637   11.376600  9.9061E-01
    2638   11.378450  9.9065E-01
    2639   11.380300  9.9069E-01
    2640   11.382150  9.9072E-01
    2641   11.384000  9.9075E-01
    2642   11.385850  9.9078E-01
    2643   11.387700  9.9081E-01
    2644   11.389550  9.9084E-01
    2645   11.391400  9.9086E-01
    2646   11.393250  9.9089E-01
    2647   11.395100  9.9091E-01
    2648   11.396950  9.9093E-01
    2649   11.398800  9.9095E-01
    2650   11.400650  9.9096E-01
    2651   11.402500  9.9098E-01
    2652   11.404350  9.9099E-01
    2653   11.406200  9.9100E-01
    2654   11.408050  9.9101E-01
    2655   11.409900  9.9102E-01
    2656   11.411750  9.9102E-01
    2657   11.413600  9.9102E-01
    2658   11.415450  9.9102E-01
    2659   11.417300  9.9101E-01
    2660   11.419150  9.9101E-01
    2661   11.421000  9.9100E-01
    2662   11.422850  9.9098E-01
    2663   11.424700  9.9097E-01
    2664   11.426550  9.9095E-01
    2665   11.428400  9.9093E-01
    2666   11.430250  9.9091E-01
    2667   11.432100  9.9088E-01
    2668   11.433950  9.9085E-01
    2669   11.435800  9.9082E-01
    2670   11.437650  9.9079E-01
    2671   11.439500  9.9076E-01
    2672   11.441350  9.9072E-01
    2673   11.443200  9.9068E-01
    2674   11.445050  9.9065E-01
    2675   11.446900  9.9061E-01
    2676   11.448750  9.9057E-01
    2677   11.450600  9.9053E-01
    2678   11.452450  9.9049E-01
    2679   11.454300  9.9045E-01
    2680   11.456150  9.9041E-01
    2681   11.458000  9.9037E-01
    2682   11.459850  9.9033E-01
    2683   11.461700  9.9029E-01
    2684   11.463550  9.9026E-01
    2685   11.465400  9.9022E-01
    2686   11.467250  9.9019E-01
    2687   11.469100  9.9016E-01
    2688   11.470950  9.9014E-01
    2689   11.472800  9.9011E-01
    2690   11.474650  9.9009E-01
    2691   11.476500  9.9007E-01
    2692   11.478350  9.9005E-01
    2693   11.480200  9.9004E-01
    2694   11.482050  9.9003E-01
    2695   11.483900  9.9002E-01
    2696   11.485750  9.9002E-01
    2697   11.487600  9.9001E-01
    2698   11.489450  9.9001E-01
    2699   11.491300  9.9002E-01
    2700   11.493150  9.9002E-01
    2701   11.495000  9.9003E-01
    2702   11.496850  9.9004E-01
    2703   11.498700  9.9005E-01
    2704   11.500550  9.9006E-01
    2705   11.502400  9.9007E-01
    2706   11.504250  9.9009E-01
    2707   11.506100  9.9010E-01
    2708   11.507950  9.9012E-01
    2709   11.509800  9.9013E-01
    2710   11.511650  9.9015E-01
    2711   11.513500  9.9017E-01
    2712   11.515350  9.9019E-01
    2713   11.517200  9.9020E-01
    2714   11.519050  9.9022E-01
    2715   11.520900  9.9024E-01
    2716   11.522750  9.9025E-01
    2717   11.524600  9.9027E-01
    2718   11.526450  9.9029E-01
    2719   11.528300  9.9030E-01
    2720   11.530150  9.9032E-01
    2721   11.532000  9.9033E-01
    2722   11.533850  9.9034E-01
    2723   11.535700  9.9036E-01
    2724   11.537550  9.9037E-01
    2725   11.539400  9.9038E-01
    2726   11.541250  9.9040E-01
    2727   11.543100  9.9041E-01
    2728   11.544950  9.9042E-01
    2729   11.546800  9.9044E-01
    2730   11.548650  9.9045E-01
    2731   11.550500  9.9046E-01
    2732   11.552350  9.9047E-01
    2733   11.554200  9.9049E-01
    2734   11.556050  9.9050E-01
    2735   11.557900  9.9052E-01
    2736   11.559750  9.9053E-01
    2737   11.561600  9.9055E-01
    2738   11.563450  9.9056E-01
    2739   11.565300  9.9058E-01
    2740   11.567150  9.9060E-01
    2741   11.569000  9.9062E-01
    2742   11.570850  9.9064E-01
    2743   11.572700  9.9065E-01
    2744   11.574550  9.9067E-01
    2745   11.576400  9.9069E-01
    2746   11.578250  9.9071E-01
    2747   11.580100  9.9073E-01
    2748   11.581950  9.9075E-01
    2749   11.583800  9.9077E-01
    2750   11.585650  9.9079E-01
    2751   11.587500  9.9081E-01
    2752   11.589350  9.9083E-01
    2753   11.591200  9.9084E-01
    2754   11.593050  9.9086E-01
    2755   11.594900  9.9087E-01
    2756   11.596750  9.9089E-01
    2757   11.598600  9.9090E-01
    2758   11.600450  9.9090E-01
    2759   11.602300  9.9091E-01
    2760   11.604150  9.9091E-01
    2761   11.606000  9.9091E-01
    2762   11.607850  9.9091E-01
    2763   11.609700  9.9090E-01
    2764   11.611550  9.9089E-01
    2765   11.613400  9.9087E-01
    2766   11.615250  9.9085E-01
    2767   11.617100  9.9082E-01
    2768   11.618950  9.9079E-01
    2769   11.620800  9.9075E-01
    2770   11.622650  9.9071E-01
    2771   11.624500  9.9066E-01
    2772   11.626350  9.9060E-01
    2773   11.628200  9.9054E-01
    2774   11.630050  9.9047E-01
    2775   11.631900  9.9039E-01
    2776   11.633750  9.9030E-01
    2777   11.635600  9.9021E-01
    2778   11.637450  9.9010E-01
    2779   11.639300  9.8999E-01
    2780   11.641150  9.8986E-01
    2781   11.643000  9.8973E-01
    2782   11.644850  9.8958E-01
    2783   11.646700  9.8943E-01
    2784   11.648550  9.8926E-01
    2785   11.650400  9.8909E-01
    2786   11.652250  9.8890E-01
    2787   11.654100  9.8870E-01
    2788   11.655950  9.8849E-01
    2789   11.657800  9.8827E-01
    2790   11.659650  9.8803E-01
    2791   11.661500  9.8779E-01
    2792   11.663350  9.8753E-01
    2793   11.665200  9.8726E-01
    2794   11.667050  9.8698E-01
    2795   11.668900  9.8669E-01
    2796   11.670750  9.8639E-01
    2797   11.672600  9.8608E-01
    2798   11.674450  9.8576E-01
    2799   11.676300  9.8543E-01
    2800   11.678150  9.8509E-01
    2801   11.680000  9.8474E-01
    2802   11.681850  9.8438E-01
    2803   11.683700  9.8402E-01
    2804   11.685550  9.8365E-01
    2805   11.687400  9.8328E-01
    2806   11.689250  9.8290E-01
    2807   11.691100  9.8252E-01
    2808   11.692950  9.8214E-01
    2809   11.694800  9.8176E-01
    2810   11.696650  9.8138E-01
    2811   11.698500  9.8099E-01
    2812   11.700350  9.8061E-01
    2813   11.702200  9.8024E-01
    2814   11.704050  9.7987E-01
    2815   11.705900  9.7950E-01
    2816   11.707750  9.7914E-01
    2817   11.709600  9.7879E-01
    2818   11.711450  9.7845E-01
    2819   11.713300  9.7812E-01
    2820   11.715150  9.7780E-01
    2821   11.717000  9.7750E-01
    2822   11.718850  9.7721E-01
    2823   11.720700  9.7693E-01
    2824   11.722550  9.7667E-01
    2825   11.724400  9.7642E-01
    2826   11.726250  9.7620E-01
    2827   11.728100  9.7599E-01
    2828   11.729950  9.7580E-01
    2829   11.731800  9.7562E-01
    2830   11.733650  9.7548E-01
    2831   11.735500  9.7535E-01
    2832   11.737350  9.7524E-01
    2833   11.739200  9.7516E-01
    2834   11.741050  9.7510E-01
    2835   11.742900  9.7505E-01
    2836   11.744750  9.7504E-01
    2837   11.746600  9.7504E-01
    2838   11.748450  9.7506E-01
    2839   11.750300  9.7511E-01
    2840   11.752150  9.7518E-01
    2841   11.754000  9.7527E-01
    2842   11.755850  9.7538E-01
    2843   11.757700  9.7551E-01
    2844   11.759550  9.7566E-01
    2845   11.761400  9.7583E-01
    2846   11.763250  9.7602E-01
    2847   11.765100  9.7623E-01
    2848   11.766950  9.7645E-01
    2849   11.768800  9.7669E-01
    2850   11.770650  9.7693E-01
    2851   11.772500  9.7722E-01
    2852   11.774350  9.7750E-01
    2853   11.776200  9.7779E-01
    2854   11.778050  9.7809E-01
    2855   11.779900  9.7841E-01
    2856   11.781750  9.7873E-01
    2857   11.783600  9.7906E-01
    2858   11.785450  9.7939E-01
    2859   11.787300  9.7973E-01
    2860   11.789150  9.8007E-01
    2861   11.791000  9.8041E-01
    2862   11.792850  9.8075E-01
    2863   11.794700  9.8110E-01
    2864   11.796550  9.8144E-01
    2865   11.798400  9.8177E-01
    2866   11.800250  9.8210E-01
    2867   11.802100  9.8243E-01
    2868   11.803950  9.8275E-01
    2869   11.805800  9.8306E-01
    2870   11.807650  9.8336E-01
    2871   11.809500  9.8365E-01
    2872   11.811350  9.8393E-01
    2873   11.813200  9.8420E-01
    2874   11.815050  9.8446E-01
    2875   11.816900  9.8471E-01
    2876   11.818750  9.8494E-01
    2877   11.820600  9.8516E-01
    2878   11.822450  9.8537E-01
    2879   11.824300  9.8556E-01
    2880   11.826150  9.8574E-01
    2881   11.828000  9.8590E-01
    2882   11.829850  9.8605E-01
    2883   11.831700  9.8618E-01
    2884   11.833550  9.8630E-01
    2885   11.835400  9.8641E-01
    2886   11.837250  9.8650E-01
    2887   11.839100  9.8658E-01
    2888   11.840950  9.8664E-01
    2889   11.842800  9.8669E-01
    2890   11.844650  9.8673E-01
    2891   11.846500  9.8676E-01
    2892   11.848350  9.8677E-01
    2893   11.850200  9.8677E-01
    2894   11.852050  9.8676E-01
    2895   11.853900  9.8674E-01
    2896   11.855750  9.8670E-01
    2897   11.857600  9.8666E-01
    2898   11.859450  9.8660E-01
    2899   11.861300  9.8654E-01
    2900   11.863150  9.8646E-01
    2901   11.865000  9.8637E-01
    2902   11.866850  9.8626E-01
    2903   11.868700  9.8615E-01
    2904   11.870550  9.8602E-01
    2905   11.872400  9.8587E-01
    2906   11.874250  9.8570E-01
    2907   11.876100  9.8552E-01
    2908   11.877950  9.8531E-01
    2909   11.879800  9.8508E-01
    2910   11.881650  9.8482E-01
    2911   11.883500  9.8453E-01
    2912   11.885350  9.8421E-01
    2913   11.887200  9.8384E-01
    2914   11.889050  9.8344E-01
    2915   11.890900  9.8298E-01
    2916   11.892750  9.8246E-01
    2917   11.894600  9.8189E-01
    2918   11.896450  9.8124E-01
    2919   11.898300  9.8051E-01
    2920   11.900150  9.7970E-01
    2921   11.902000  9.7879E-01
    2922   11.903850  9.7777E-01
    2923   11.905700  9.7663E-01
    2924   11.907550  9.7537E-01
    2925   11.909400  9.7396E-01
    2926   11.911250  9.7239E-01
    2927   11.913100  9.7066E-01
    2928   11.914950  9.6874E-01
    2929   11.916800  9.6662E-01
    2930   11.918650  9.6428E-01
    2931   11.920500  9.6171E-01
    2932   11.922350  9.5888E-01
    2933   11.924200  9.5579E-01
    2934   11.926050  9.5242E-01
    2935   11.927900  9.4873E-01
    2936   11.929750  9.4473E-01
    2937   11.931600  9.4038E-01
    2938   11.933450  9.3567E-01
    2939   11.935300  9.3058E-01
    2940   11.937150  9.2509E-01
    2941   11.939000  9.1919E-01
    2942   11.940850  9.1286E-01
    2943   11.942700  9.0607E-01
    2944   11.944550  8.9883E-01
    2945   11.946400  8.9110E-01
    2946   11.948250  8.8289E-01
    2947   11.950100  8.7417E-01
    2948   11.951950  8.6494E-01
    2949   11.953800  8.5518E-01
    2950   11.955650  8.4491E-01
    2951   11.957500  8.3410E-01
    2952   11.959350  8.2276E-01
    2953   11.961200  8.1088E-01
    2954   11.963050  7.9848E-01
    2955   11.964900  7.8556E-01
    2956   11.966750  7.7211E-01
    2957   11.968600  7.5817E-01
    2958   11.970450  7.4373E-01
    2959   11.972300  7.2882E-01
    2960   11.974150  7.1345E-01
    2961   11.976000  6.9765E-01
    2962   11.977850  6.8144E-01
    2963   11.979700  6.6484E-01
    2964   11.981550  6.4788E-01
    2965   11.983400  6.3060E-01
    2966   11.985250  6.1303E-01
    2967   11.987100  5.9521E-01
    2968   11.988950  5.7716E-01
    2969   11.990800  5.5893E-01
    2970   11.992650  5.4055E-01
    2971   11.994500  5.2207E-01
    2972   11.996350  5.0353E-01
    2973   11.998200  4.8494E-01
