       1    6.900000  2.3950E-01
       2    6.901890  2.6723E-01
       3    6.903780  2.6806E-01
       4    6.905670  2.6880E-01
       5    6.907560  2.6943E-01
       6    6.909450  2.6996E-01
       7    6.911340  2.7037E-01
       8    6.913230  2.7065E-01
       9    6.915120  2.7080E-01
      10    6.917010  2.7080E-01
      11    6.918900  2.7065E-01
      12    6.920790  2.7035E-01
      13    6.922680  2.6989E-01
      14    6.924570  2.6926E-01
      15    6.926460  2.6848E-01
      16    6.928350  2.6752E-01
      17    6.930240  2.6641E-01
      18    6.932130  2.6513E-01
      19    6.934020  2.6370E-01
      20    6.935910  2.6211E-01
      21    6.937800  2.6037E-01
      22    6.939690  2.5850E-01
      23    6.941580  2.5649E-01
      24    6.943470  2.5436E-01
      25    6.945360  2.5212E-01
      26    6.947250  2.4977E-01
      27    6.949140  2.4734E-01
      28    6.951030  2.4483E-01
      29    6.952920  2.4226E-01
      30    6.954810  2.3963E-01
      31    6.956700  2.3697E-01
      32    6.958590  2.3428E-01
      33    6.960480  2.3158E-01
      34    6.962370  2.2889E-01
      35    6.964260  2.2621E-01
      36    6.966150  2.2357E-01
      37    6.968040  2.2096E-01
      38    6.969930  2.1842E-01
      39    6.971820  2.1594E-01
      40    6.973710  2.1353E-01
      41    6.975600  2.1122E-01
      42    6.977490  2.0901E-01
      43    6.979380  2.0690E-01
      44    6.981270  2.0491E-01
      45    6.983160  2.0304E-01
      46    6.985050  2.0131E-01
      47    6.986940  1.9971E-01
      48    6.988830  1.9826E-01
      49    6.990720  1.9695E-01
      50    6.992610  1.9581E-01
      51    6.994500  1.9482E-01
      52    6.996390  1.9399E-01
      53    6.998280  1.9334E-01
      54    7.000170  1.9285E-01
      55    7.002060  1.9254E-01
      56    7.003950  1.9241E-01
      57    7.005840  1.9246E-01
      58    7.007730  1.9269E-01
      59    7.009620  1.9311E-01
      60    7.011510  1.9372E-01
      61    7.013400  1.9452E-01
      62    7.015290  1.9551E-01
      63    7.017180  1.9669E-01
      64    7.019070  1.9807E-01
      65    7.020960  1.9964E-01
      66    7.022850  2.0141E-01
      67    7.024740  2.0338E-01
      68    7.026630  2.0554E-01
      69    7.028520  2.0789E-01
      70    7.030410  2.1043E-01
      71    7.032300  2.1316E-01
      72    7.034190  2.1607E-01
      73    7.036080  2.1917E-01
      74    7.037970  2.2243E-01
      75    7.039860  2.2585E-01
      76    7.041750  2.2943E-01
      77    7.043640  2.3316E-01
      78    7.045530  2.3702E-01
      79    7.047420  2.4100E-01
      80    7.049310  2.4509E-01
      81    7.051200  2.4927E-01
      82    7.053090  2.5353E-01
      83    7.054980  2.5785E-01
      84    7.056870  2.6221E-01
      85    7.058760  2.6659E-01
      86    7.060650  2.7098E-01
      87    7.062540  2.7535E-01
      88    7.064430  2.7968E-01
      89    7.066320  2.8395E-01
      90    7.068210  2.8814E-01
      91    7.070100  2.9223E-01
      92    7.071990  2.9619E-01
      93    7.073880  3.0001E-01
      94    7.075770  3.0366E-01
      95    7.077660  3.0713E-01
      96    7.079550  3.1039E-01
      97    7.081440  3.1344E-01
      98    7.083330  3.1624E-01
      99    7.085220  3.1880E-01
     100    7.087110  3.2108E-01
     101    7.089000  3.2310E-01
     102    7.090890  3.2482E-01
     103    7.092780  3.2625E-01
     104    7.094670  3.2738E-01
     105    7.096560  3.2820E-01
     106    7.098450  3.2873E-01
     107    7.100340  3.2894E-01
     108    7.102230  3.2886E-01
     109    7.104120  3.2849E-01
     110    7.106010  3.2783E-01
     111    7.107900  3.2689E-01
     112    7.109790  3.2568E-01
     113    7.111680  3.2423E-01
     114    7.113570  3.2254E-01
     115    7.115460  3.2064E-01
     116    7.117350  3.1854E-01
     117    7.119240  3.1627E-01
     118    7.121130  3.1384E-01
     119    7.123020  3.1128E-01
     120    7.124910  3.0862E-01
     121    7.126800  3.0588E-01
     122    7.128690  3.0308E-01
     123    7.130580  3.0026E-01
     124    7.132470  2.9744E-01
     125    7.134360  2.9464E-01
     126    7.136250  2.9189E-01
     127    7.138140  2.8923E-01
     128    7.140030  2.8666E-01
     129    7.141920  2.8423E-01
     130    7.143810  2.8195E-01
     131    7.145700  2.7984E-01
     132    7.147590  2.7792E-01
     133    7.149480  2.7623E-01
     134    7.151370  2.7477E-01
     135    7.153260  2.7356E-01
     136    7.155150  2.7261E-01
     137    7.157040  2.7195E-01
     138    7.158930  2.7157E-01
     139    7.160820  2.7150E-01
     140    7.162710  2.7173E-01
     141    7.164600  2.7227E-01
     142    7.166490  2.7313E-01
     143    7.168380  2.7430E-01
     144    7.170270  2.7579E-01
     145    7.172160  2.7758E-01
     146    7.174050  2.7969E-01
     147    7.175940  2.8208E-01
     148    7.177830  2.8477E-01
     149    7.179720  2.8773E-01
     150    7.181610  2.9096E-01
     151    7.183500  2.9443E-01
     152    7.185390  2.9814E-01
     153    7.187280  3.0206E-01
     154    7.189170  3.0617E-01
     155    7.191060  3.1046E-01
     156    7.192950  3.1490E-01
     157    7.194840  3.1948E-01
     158    7.196730  3.2416E-01
     159    7.198620  3.2893E-01
     160    7.200510  3.3376E-01
     161    7.202400  3.3863E-01
     162    7.204290  3.4351E-01
     163    7.206180  3.4839E-01
     164    7.208070  3.5323E-01
     165    7.209960  3.5801E-01
     166    7.211850  3.6272E-01
     167    7.213740  3.6734E-01
     168    7.215630  3.7183E-01
     169    7.217520  3.7619E-01
     170    7.219410  3.8039E-01
     171    7.221300  3.8443E-01
     172    7.223190  3.8828E-01
     173    7.225080  3.9193E-01
     174    7.226970  3.9537E-01
     175    7.228860  3.9860E-01
     176    7.230750  4.0160E-01
     177    7.232640  4.0438E-01
     178    7.234530  4.0692E-01
     179    7.236420  4.0922E-01
     180    7.238310  4.1129E-01
     181    7.240200  4.1312E-01
     182    7.242090  4.1472E-01
     183    7.243980  4.1610E-01
     184    7.245870  4.1726E-01
     185    7.247760  4.1821E-01
     186    7.249650  4.1895E-01
     187    7.251540  4.1951E-01
     188    7.253430  4.1989E-01
     189    7.255320  4.2010E-01
     190    7.257210  4.2016E-01
     191    7.259100  4.2008E-01
     192    7.260990  4.1988E-01
     193    7.262880  4.1957E-01
     194    7.264770  4.1916E-01
     195    7.266660  4.1867E-01
     196    7.268550  4.1812E-01
     197    7.270440  4.1751E-01
     198    7.272330  4.1687E-01
     199    7.274220  4.1620E-01
     200    7.276110  4.1553E-01
     201    7.278000  4.1486E-01
     202    7.279890  4.1420E-01
     203    7.281780  4.1356E-01
     204    7.283670  4.1297E-01
     205    7.285560  4.1242E-01
     206    7.287450  4.1192E-01
     207    7.289340  4.1148E-01
     208    7.291230  4.1112E-01
     209    7.293120  4.1083E-01
     210    7.295010  4.1062E-01
     211    7.296900  4.1050E-01
     212    7.298790  4.1047E-01
     213    7.300680  4.1054E-01
     214    7.302570  4.1071E-01
     215    7.304460  4.1098E-01
     216    7.306350  4.1135E-01
     217    7.308240  4.1184E-01
     218    7.310130  4.1243E-01
     219    7.312020  4.1313E-01
     220    7.313910  4.1395E-01
     221    7.315800  4.1488E-01
     222    7.317690  4.1592E-01
     223    7.319580  4.1707E-01
     224    7.321470  4.1834E-01
     225    7.323360  4.1972E-01
     226    7.325250  4.2121E-01
     227    7.327140  4.2282E-01
     228    7.329030  4.2453E-01
     229    7.330920  4.2634E-01
     230    7.332810  4.2826E-01
     231    7.334700  4.3029E-01
     232    7.336590  4.3240E-01
     233    7.338480  4.3461E-01
     234    7.340370  4.3691E-01
     235    7.342260  4.3929E-01
     236    7.344150  4.4175E-01
     237    7.346040  4.4427E-01
     238    7.347930  4.4685E-01
     239    7.349820  4.4949E-01
     240    7.351710  4.5217E-01
     241    7.353600  4.5488E-01
     242    7.355490  4.5761E-01
     243    7.357380  4.6035E-01
     244    7.359270  4.6309E-01
     245    7.361160  4.6582E-01
     246    7.363050  4.6853E-01
     247    7.364940  4.7119E-01
     248    7.366830  4.7381E-01
     249    7.368720  4.7636E-01
     250    7.370610  4.7883E-01
     251    7.372500  4.8120E-01
     252    7.374390  4.8347E-01
     253    7.376280  4.8563E-01
     254    7.378170  4.8765E-01
     255    7.380060  4.8952E-01
     256    7.381950  4.9124E-01
     257    7.383840  4.9279E-01
     258    7.385730  4.9417E-01
     259    7.387620  4.9536E-01
     260    7.389510  4.9635E-01
     261    7.391400  4.9714E-01
     262    7.393290  4.9773E-01
     263    7.395180  4.9810E-01
     264    7.397070  4.9826E-01
     265    7.398960  4.9821E-01
     266    7.400850  4.9793E-01
     267    7.402740  4.9745E-01
     268    7.404630  4.9675E-01
     269    7.406520  4.9585E-01
     270    7.408410  4.9475E-01
     271    7.410300  4.9346E-01
     272    7.412190  4.9200E-01
     273    7.414080  4.9036E-01
     274    7.415970  4.8858E-01
     275    7.417860  4.8665E-01
     276    7.419750  4.8461E-01
     277    7.421640  4.8246E-01
     278    7.423530  4.8023E-01
     279    7.425420  4.7793E-01
     280    7.427310  4.7560E-01
     281    7.429200  4.7325E-01
     282    7.431090  4.7090E-01
     283    7.432980  4.6858E-01
     284    7.434870  4.6632E-01
     285    7.436760  4.6413E-01
     286    7.438650  4.6204E-01
     287    7.440540  4.6007E-01
     288    7.442430  4.5826E-01
     289    7.444320  4.5662E-01
     290    7.446210  4.5516E-01
     291    7.448100  4.5393E-01
     292    7.449990  4.5292E-01
     293    7.451880  4.5217E-01
     294    7.453770  4.5168E-01
     295    7.455660  4.5147E-01
     296    7.457550  4.5156E-01
     297    7.459440  4.5195E-01
     298    7.461330  4.5265E-01
     299    7.463220  4.5367E-01
     300    7.465110  4.5501E-01
     301    7.467000  4.5666E-01
     302    7.468890  4.5864E-01
     303    7.470780  4.6093E-01
     304    7.472670  4.6353E-01
     305    7.474560  4.6642E-01
     306    7.476450  4.6960E-01
     307    7.478340  4.7305E-01
     308    7.480230  4.7676E-01
     309    7.482120  4.8070E-01
     310    7.484010  4.8486E-01
     311    7.485900  4.8922E-01
     312    7.487790  4.9374E-01
     313    7.489680  4.9841E-01
     314    7.491570  5.0320E-01
     315    7.493460  5.0808E-01
     316    7.495350  5.1303E-01
     317    7.497240  5.1801E-01
     318    7.499130  5.2301E-01
     319    7.501020  5.2798E-01
     320    7.502910  5.3291E-01
     321    7.504800  5.3777E-01
     322    7.506690  5.4252E-01
     323    7.508580  5.4715E-01
     324    7.510470  5.5162E-01
     325    7.512360  5.5592E-01
     326    7.514250  5.6002E-01
     327    7.516140  5.6391E-01
     328    7.518030  5.6756E-01
     329    7.519920  5.7096E-01
     330    7.521810  5.7409E-01
     331    7.523700  5.7694E-01
     332    7.525590  5.7950E-01
     333    7.527480  5.8176E-01
     334    7.529370  5.8372E-01
     335    7.531260  5.8537E-01
     336    7.533150  5.8671E-01
     337    7.535040  5.8774E-01
     338    7.536930  5.8845E-01
     339    7.538820  5.8887E-01
     340    7.540710  5.8898E-01
     341    7.542600  5.8880E-01
     342    7.544490  5.8834E-01
     343    7.546380  5.8761E-01
     344    7.548270  5.8662E-01
     345    7.550160  5.8538E-01
     346    7.552050  5.8390E-01
     347    7.553940  5.8221E-01
     348    7.555830  5.8031E-01
     349    7.557720  5.7823E-01
     350    7.559610  5.7597E-01
     351    7.561500  5.7356E-01
     352    7.563390  5.7101E-01
     353    7.565280  5.6834E-01
     354    7.567170  5.6556E-01
     355    7.569060  5.6269E-01
     356    7.570950  5.5974E-01
     357    7.572840  5.5672E-01
     358    7.574730  5.5365E-01
     359    7.576620  5.5055E-01
     360    7.578510  5.4741E-01
     361    7.580400  5.4426E-01
     362    7.582290  5.4109E-01
     363    7.584180  5.3792E-01
     364    7.586070  5.3475E-01
     365    7.587960  5.3159E-01
     366    7.589850  5.2844E-01
     367    7.591740  5.2531E-01
     368    7.593630  5.2219E-01
     369    7.595520  5.1910E-01
     370    7.597410  5.1602E-01
     371    7.599300  5.1295E-01
     372    7.601190  5.0991E-01
     373    7.603080  5.0687E-01
     374    7.604970  5.0386E-01
     375    7.606860  5.0085E-01
     376    7.608750  4.9785E-01
     377    7.610640  4.9486E-01
     378    7.612530  4.9188E-01
     379    7.614420  4.8890E-01
     380    7.616310  4.8592E-01
     381    7.618200  4.8294E-01
     382    7.620090  4.7997E-01
     383    7.621980  4.7700E-01
     384    7.623870  4.7404E-01
     385    7.625760  4.7108E-01
     386    7.627650  4.6814E-01
     387    7.629540  4.6521E-01
     388    7.631430  4.6231E-01
     389    7.633320  4.5944E-01
     390    7.635210  4.5660E-01
     391    7.637100  4.5380E-01
     392    7.638990  4.5106E-01
     393    7.640880  4.4838E-01
     394    7.642770  4.4578E-01
     395    7.644660  4.4326E-01
     396    7.646550  4.4083E-01
     397    7.648440  4.3851E-01
     398    7.650330  4.3632E-01
     399    7.652220  4.3425E-01
     400    7.654110  4.3232E-01
     401    7.656000  4.3055E-01
     402    7.657890  4.2895E-01
     403    7.659780  4.2752E-01
     404    7.661670  4.2627E-01
     405    7.663560  4.2522E-01
     406    7.665450  4.2438E-01
     407    7.667340  4.2374E-01
     408    7.669230  4.2332E-01
     409    7.671120  4.2312E-01
     410    7.673010  4.2315E-01
     411    7.674900  4.2341E-01
     412    7.676790  4.2389E-01
     413    7.678680  4.2461E-01
     414    7.680570  4.2555E-01
     415    7.682460  4.2672E-01
     416    7.684350  4.2812E-01
     417    7.686240  4.2973E-01
     418    7.688130  4.3156E-01
     419    7.690020  4.3360E-01
     420    7.691910  4.3583E-01
     421    7.693800  4.3826E-01
     422    7.695690  4.4087E-01
     423    7.697580  4.4364E-01
     424    7.699470  4.4658E-01
     425    7.701360  4.4967E-01
     426    7.703250  4.5290E-01
     427    7.705140  4.5626E-01
     428    7.707030  4.5973E-01
     429    7.708920  4.6330E-01
     430    7.710810  4.6697E-01
     431    7.712700  4.7071E-01
     432    7.714590  4.7452E-01
     433    7.716480  4.7838E-01
     434    7.718370  4.8228E-01
     435    7.720260  4.8622E-01
     436    7.722150  4.9018E-01
     437    7.724040  4.9414E-01
     438    7.725930  4.9810E-01
     439    7.727820  5.0205E-01
     440    7.729710  5.0598E-01
     441    7.731600  5.0988E-01
     442    7.733490  5.1374E-01
     443    7.735380  5.1754E-01
     444    7.737270  5.2129E-01
     445    7.739160  5.2498E-01
     446    7.741050  5.2859E-01
     447    7.742940  5.3212E-01
     448    7.744830  5.3556E-01
     449    7.746720  5.3891E-01
     450    7.748610  5.4216E-01
     451    7.750500  5.4530E-01
     452    7.752390  5.4833E-01
     453    7.754280  5.5124E-01
     454    7.756170  5.5403E-01
     455    7.758060  5.5669E-01
     456    7.759950  5.5922E-01
     457    7.761840  5.6160E-01
     458    7.763730  5.6385E-01
     459    7.765620  5.6595E-01
     460    7.767510  5.6790E-01
     461    7.769400  5.6969E-01
     462    7.771290  5.7133E-01
     463    7.773180  5.7281E-01
     464    7.775070  5.7413E-01
     465    7.776960  5.7529E-01
     466    7.778850  5.7628E-01
     467    7.780740  5.7711E-01
     468    7.782630  5.7777E-01
     469    7.784520  5.7827E-01
     470    7.786410  5.7860E-01
     471    7.788300  5.7877E-01
     472    7.790190  5.7878E-01
     473    7.792080  5.7863E-01
     474    7.793970  5.7833E-01
     475    7.795860  5.7787E-01
     476    7.797750  5.7727E-01
     477    7.799640  5.7653E-01
     478    7.801530  5.7566E-01
     479    7.803420  5.7466E-01
     480    7.805310  5.7354E-01
     481    7.807200  5.7230E-01
     482    7.809090  5.7097E-01
     483    7.810980  5.6954E-01
     484    7.812870  5.6803E-01
     485    7.814760  5.6644E-01
     486    7.816650  5.6479E-01
     487    7.818540  5.6309E-01
     488    7.820430  5.6136E-01
     489    7.822320  5.5959E-01
     490    7.824210  5.5781E-01
     491    7.826100  5.5603E-01
     492    7.827990  5.5426E-01
     493    7.829880  5.5251E-01
     494    7.831770  5.5079E-01
     495    7.833660  5.4912E-01
     496    7.835550  5.4751E-01
     497    7.837440  5.4597E-01
     498    7.839330  5.4450E-01
     499    7.841220  5.4313E-01
     500    7.843110  5.4186E-01
     501    7.845000  5.4069E-01
     502    7.846890  5.3964E-01
     503    7.848780  5.3871E-01
     504    7.850670  5.3792E-01
     505    7.852560  5.3726E-01
     506    7.854450  5.3675E-01
     507    7.856340  5.3638E-01
     508    7.858230  5.3616E-01
     509    7.860120  5.3609E-01
     510    7.862010  5.3617E-01
     511    7.863900  5.3641E-01
     512    7.865790  5.3680E-01
     513    7.867680  5.3734E-01
     514    7.869570  5.3804E-01
     515    7.871460  5.3888E-01
     516    7.873350  5.3987E-01
     517    7.875240  5.4100E-01
     518    7.877130  5.4227E-01
     519    7.879020  5.4367E-01
     520    7.880910  5.4521E-01
     521    7.882800  5.4687E-01
     522    7.884690  5.4866E-01
     523    7.886580  5.5056E-01
     524    7.888470  5.5258E-01
     525    7.890360  5.5471E-01
     526    7.892250  5.5694E-01
     527    7.894140  5.5928E-01
     528    7.896030  5.6171E-01
     529    7.897920  5.6425E-01
     530    7.899810  5.6687E-01
     531    7.901700  5.6958E-01
     532    7.903590  5.7239E-01
     533    7.905480  5.7528E-01
     534    7.907370  5.7825E-01
     535    7.909260  5.8131E-01
     536    7.911150  5.8446E-01
     537    7.913040  5.8768E-01
     538    7.914930  5.9100E-01
     539    7.916820  5.9439E-01
     540    7.918710  5.9787E-01
     541    7.920600  6.0143E-01
     542    7.922490  6.0507E-01
     543    7.924380  6.0879E-01
     544    7.926270  6.1260E-01
     545    7.928160  6.1648E-01
     546    7.930050  6.2045E-01
     547    7.931940  6.2449E-01
     548    7.933830  6.2860E-01
     549    7.935720  6.3279E-01
     550    7.937610  6.3705E-01
     551    7.939500  6.4137E-01
     552    7.941390  6.4576E-01
     553    7.943280  6.5020E-01
     554    7.945170  6.5469E-01
     555    7.947060  6.5923E-01
     556    7.948950  6.6380E-01
     557    7.950840  6.6841E-01
     558    7.952730  6.7305E-01
     559    7.954620  6.7770E-01
     560    7.956510  6.8237E-01
     561    7.958400  6.8704E-01
     562    7.960290  6.9170E-01
     563    7.962180  6.9635E-01
     564    7.964070  7.0098E-01
     565    7.965960  7.0559E-01
     566    7.967850  7.1015E-01
     567    7.969740  7.1468E-01
     568    7.971630  7.1915E-01
     569    7.973520  7.2357E-01
     570    7.975410  7.2792E-01
     571    7.977300  7.3221E-01
     572    7.979190  7.3643E-01
     573    7.981080  7.4057E-01
     574    7.982970  7.4462E-01
     575    7.984860  7.4860E-01
     576    7.986750  7.5249E-01
     577    7.988640  7.5630E-01
     578    7.990530  7.6002E-01
     579    7.992420  7.6365E-01
     580    7.994310  7.6719E-01
     581    7.996200  7.7065E-01
     582    7.998090  7.7403E-01
     583    7.999980  7.7733E-01
     584    8.001870  7.8056E-01
     585    8.003760  7.8371E-01
     586    8.005650  7.8679E-01
     587    8.007540  7.8981E-01
     588    8.009430  7.9278E-01
     589    8.011320  7.9568E-01
     590    8.013210  7.9854E-01
     591    8.015100  8.0136E-01
     592    8.016990  8.0414E-01
     593    8.018880  8.0689E-01
     594    8.020770  8.0962E-01
     595    8.022660  8.1232E-01
     596    8.024550  8.1500E-01
     597    8.026440  8.1768E-01
     598    8.028330  8.2034E-01
     599    8.030220  8.2300E-01
     600    8.032110  8.2566E-01
     601    8.034000  8.2833E-01
     602    8.035890  8.3100E-01
     603    8.037780  8.3367E-01
     604    8.039670  8.3636E-01
     605    8.041560  8.3905E-01
     606    8.043450  8.4176E-01
     607    8.045340  8.4447E-01
     608    8.047230  8.4719E-01
     609    8.049120  8.4992E-01
     610    8.051010  8.5265E-01
     611    8.052900  8.5538E-01
     612    8.054790  8.5812E-01
     613    8.056680  8.6085E-01
     614    8.058570  8.6358E-01
     615    8.060460  8.6629E-01
     616    8.062350  8.6899E-01
     617    8.064240  8.7167E-01
     618    8.066130  8.7432E-01
     619    8.068020  8.7695E-01
     620    8.069910  8.7954E-01
     621    8.071800  8.8209E-01
     622    8.073690  8.8460E-01
     623    8.075580  8.8706E-01
     624    8.077470  8.8946E-01
     625    8.079360  8.9181E-01
     626    8.081250  8.9409E-01
     627    8.083140  8.9630E-01
     628    8.085030  8.9844E-01
     629    8.086920  9.0050E-01
     630    8.088810  9.0249E-01
     631    8.090700  9.0438E-01
     632    8.092590  9.0620E-01
     633    8.094480  9.0792E-01
     634    8.096370  9.0955E-01
     635    8.098260  9.1109E-01
     636    8.100150  9.1254E-01
     637    8.102040  9.1389E-01
     638    8.103930  9.1514E-01
     639    8.105820  9.1631E-01
     640    8.107710  9.1738E-01
     641    8.109600  9.1836E-01
     642    8.111490  9.1924E-01
     643    8.113380  9.2004E-01
     644    8.115270  9.2076E-01
     645    8.117160  9.2139E-01
     646    8.119050  9.2195E-01
     647    8.120940  9.2243E-01
     648    8.122830  9.2283E-01
     649    8.124720  9.2318E-01
     650    8.126610  9.2346E-01
     651    8.128500  9.2368E-01
     652    8.130390  9.2385E-01
     653    8.132280  9.2398E-01
     654    8.134170  9.2407E-01
     655    8.136060  9.2412E-01
     656    8.137950  9.2414E-01
     657    8.139840  9.2413E-01
     658    8.141730  9.2411E-01
     659    8.143620  9.2407E-01
     660    8.145510  9.2402E-01
     661    8.147400  9.2396E-01
     662    8.149290  9.2391E-01
     663    8.151180  9.2386E-01
     664    8.153070  9.2381E-01
     665    8.154960  9.2378E-01
     666    8.156850  9.2376E-01
     667    8.158740  9.2376E-01
     668    8.160630  9.2378E-01
     669    8.162520  9.2382E-01
     670    8.164410  9.2388E-01
     671    8.166300  9.2397E-01
     672    8.168190  9.2409E-01
     673    8.170080  9.2423E-01
     674    8.171970  9.2439E-01
     675    8.173860  9.2459E-01
     676    8.175750  9.2481E-01
     677    8.177640  9.2505E-01
     678    8.179530  9.2532E-01
     679    8.181420  9.2562E-01
     680    8.183310  9.2593E-01
     681    8.185200  9.2627E-01
     682    8.187090  9.2663E-01
     683    8.188980  9.2700E-01
     684    8.190870  9.2739E-01
     685    8.192760  9.2779E-01
     686    8.194650  9.2821E-01
     687    8.196540  9.2864E-01
     688    8.198430  9.2908E-01
     689    8.200320  9.2953E-01
     690    8.202210  9.2999E-01
     691    8.204100  9.3045E-01
     692    8.205990  9.3092E-01
     693    8.207880  9.3139E-01
     694    8.209770  9.3187E-01
     695    8.211660  9.3235E-01
     696    8.213550  9.3284E-01
     697    8.215440  9.3334E-01
     698    8.217330  9.3384E-01
     699    8.219220  9.3434E-01
     700    8.221110  9.3486E-01
     701    8.223000  9.3538E-01
     702    8.224890  9.3590E-01
     703    8.226780  9.3644E-01
     704    8.228670  9.3699E-01
     705    8.230560  9.3755E-01
     706    8.232450  9.3813E-01
     707    8.234340  9.3872E-01
     708    8.236230  9.3932E-01
     709    8.238120  9.3994E-01
     710    8.240010  9.4057E-01
     711    8.241900  9.4122E-01
     712    8.243790  9.4189E-01
     713    8.245680  9.4258E-01
     714    8.247570  9.4328E-01
     715    8.249460  9.4400E-01
     716    8.251350  9.4473E-01
     717    8.253240  9.4548E-01
     718    8.255130  9.4625E-01
     719    8.257020  9.4702E-01
     720    8.258910  9.4781E-01
     721    8.260800  9.4860E-01
     722    8.262690  9.4940E-01
     723    8.264580  9.5020E-01
     724    8.266470  9.5100E-01
     725    8.268360  9.5180E-01
     726    8.270250  9.5260E-01
     727    8.272140  9.5339E-01
     728    8.274030  9.5416E-01
     729    8.275920  9.5492E-01
     730    8.277810  9.5566E-01
     731    8.279700  9.5638E-01
     732    8.281590  9.5708E-01
     733    8.283480  9.5775E-01
     734    8.285370  9.5839E-01
     735    8.287260  9.5900E-01
     736    8.289150  9.5957E-01
     737    8.291040  9.6010E-01
     738    8.292930  9.6060E-01
     739    8.294820  9.6106E-01
     740    8.296710  9.6147E-01
     741    8.298600  9.6184E-01
     742    8.300490  9.6217E-01
     743    8.302380  9.6246E-01
     744    8.304270  9.6270E-01
     745    8.306160  9.6291E-01
     746    8.308050  9.6307E-01
     747    8.309940  9.6319E-01
     748    8.311830  9.6327E-01
     749    8.313720  9.6331E-01
     750    8.315610  9.6332E-01
     751    8.317500  9.6330E-01
     752    8.319390  9.6325E-01
     753    8.321280  9.6316E-01
     754    8.323170  9.6305E-01
     755    8.325060  9.6292E-01
     756    8.326950  9.6277E-01
     757    8.328840  9.6260E-01
     758    8.330730  9.6241E-01
     759    8.332620  9.6221E-01
     760    8.334510  9.6200E-01
     761    8.336400  9.6178E-01
     762    8.338290  9.6156E-01
     763    8.340180  9.6133E-01
     764    8.342070  9.6110E-01
     765    8.343960  9.6086E-01
     766    8.345850  9.6063E-01
     767    8.347740  9.6040E-01
     768    8.349630  9.6017E-01
     769    8.351520  9.5994E-01
     770    8.353410  9.5972E-01
     771    8.355300  9.5950E-01
     772    8.357190  9.5928E-01
     773    8.359080  9.5907E-01
     774    8.360970  9.5886E-01
     775    8.362860  9.5866E-01
     776    8.364750  9.5845E-01
     777    8.366640  9.5825E-01
     778    8.368530  9.5805E-01
     779    8.370420  9.5785E-01
     780    8.372310  9.5765E-01
     781    8.374200  9.5744E-01
     782    8.376090  9.5724E-01
     783    8.377980  9.5703E-01
     784    8.379870  9.5682E-01
     785    8.381760  9.5661E-01
     786    8.383650  9.5639E-01
     787    8.385540  9.5617E-01
     788    8.387430  9.5595E-01
     789    8.389320  9.5572E-01
     790    8.391210  9.5548E-01
     791    8.393100  9.5525E-01
     792    8.394990  9.5501E-01
     793    8.396880  9.5476E-01
     794    8.398770  9.5452E-01
     795    8.400660  9.5427E-01
     796    8.402550  9.5402E-01
     797    8.404440  9.5377E-01
     798    8.406330  9.5352E-01
     799    8.408220  9.5327E-01
     800    8.410110  9.5303E-01
     801    8.412000  9.5278E-01
     802    8.413890  9.5254E-01
     803    8.415780  9.5229E-01
     804    8.417670  9.5206E-01
     805    8.419560  9.5182E-01
     806    8.421450  9.5159E-01
     807    8.423340  9.5136E-01
     808    8.425230  9.5114E-01
     809    8.427120  9.5092E-01
     810    8.429010  9.5070E-01
     811    8.430900  9.5048E-01
     812    8.432790  9.5027E-01
     813    8.434680  9.5005E-01
     814    8.436570  9.4984E-01
     815    8.438460  9.4962E-01
     816    8.440350  9.4940E-01
     817    8.442240  9.4918E-01
     818    8.444130  9.4895E-01
     819    8.446020  9.4872E-01
     820    8.447910  9.4848E-01
     821    8.449800  9.4823E-01
     822    8.451690  9.4798E-01
     823    8.453580  9.4771E-01
     824    8.455470  9.4744E-01
     825    8.457360  9.4715E-01
     826    8.459250  9.4686E-01
     827    8.461140  9.4655E-01
     828    8.463030  9.4623E-01
     829    8.464920  9.4591E-01
     830    8.466810  9.4557E-01
     831    8.468700  9.4523E-01
     832    8.470590  9.4488E-01
     833    8.472480  9.4452E-01
     834    8.474370  9.4416E-01
     835    8.476260  9.4379E-01
     836    8.478150  9.4343E-01
     837    8.480040  9.4306E-01
     838    8.481930  9.4270E-01
     839    8.483820  9.4235E-01
     840    8.485710  9.4200E-01
     841    8.487600  9.4167E-01
     842    8.489490  9.4135E-01
     843    8.491380  9.4105E-01
     844    8.493270  9.4077E-01
     845    8.495160  9.4051E-01
     846    8.497050  9.4028E-01
     847    8.498940  9.4007E-01
     848    8.500830  9.3990E-01
     849    8.502720  9.3975E-01
     850    8.504610  9.3964E-01
     851    8.506500  9.3957E-01
     852    8.508390  9.3953E-01
     853    8.510280  9.3953E-01
     854    8.512170  9.3957E-01
     855    8.514060  9.3964E-01
     856    8.515950  9.3976E-01
     857    8.517840  9.3991E-01
     858    8.519730  9.4010E-01
     859    8.521620  9.4033E-01
     860    8.523510  9.4059E-01
     861    8.525400  9.4089E-01
     862    8.527290  9.4123E-01
     863    8.529180  9.4159E-01
     864    8.531070  9.4198E-01
     865    8.532960  9.4241E-01
     866    8.534850  9.4285E-01
     867    8.536740  9.4332E-01
     868    8.538630  9.4380E-01
     869    8.540520  9.4431E-01
     870    8.542410  9.4483E-01
     871    8.544300  9.4536E-01
     872    8.546190  9.4590E-01
     873    8.548080  9.4644E-01
     874    8.549970  9.4699E-01
     875    8.551860  9.4755E-01
     876    8.553750  9.4810E-01
     877    8.555640  9.4865E-01
     878    8.557530  9.4920E-01
     879    8.559420  9.4974E-01
     880    8.561310  9.5027E-01
     881    8.563200  9.5080E-01
     882    8.565090  9.5132E-01
     883    8.566980  9.5182E-01
     884    8.568870  9.5232E-01
     885    8.570760  9.5280E-01
     886    8.572650  9.5327E-01
     887    8.574540  9.5372E-01
     888    8.576430  9.5417E-01
     889    8.578320  9.5460E-01
     890    8.580210  9.5501E-01
     891    8.582100  9.5541E-01
     892    8.583990  9.5580E-01
     893    8.585880  9.5618E-01
     894    8.587770  9.5654E-01
     895    8.589660  9.5688E-01
     896    8.591550  9.5722E-01
     897    8.593440  9.5754E-01
     898    8.595330  9.5784E-01
     899    8.597220  9.5814E-01
     900    8.599110  9.5842E-01
     901    8.601000  9.5868E-01
     902    8.602890  9.5893E-01
     903    8.604780  9.5917E-01
     904    8.606670  9.5939E-01
     905    8.608560  9.5960E-01
     906    8.610450  9.5980E-01
     907    8.612340  9.5997E-01
     908    8.614230  9.6014E-01
     909    8.616120  9.6028E-01
     910    8.618010  9.6041E-01
     911    8.619900  9.6053E-01
     912    8.621790  9.6062E-01
     913    8.623680  9.6070E-01
     914    8.625570  9.6076E-01
     915    8.627460  9.6080E-01
     916    8.629350  9.6083E-01
     917    8.631240  9.6083E-01
     918    8.633130  9.6082E-01
     919    8.635020  9.6079E-01
     920    8.636910  9.6075E-01
     921    8.638800  9.6068E-01
     922    8.640690  9.6060E-01
     923    8.642580  9.6051E-01
     924    8.644470  9.6039E-01
     925    8.646360  9.6027E-01
     926    8.648250  9.6013E-01
     927    8.650140  9.5998E-01
     928    8.652030  9.5982E-01
     929    8.653920  9.5965E-01
     930    8.655810  9.5947E-01
     931    8.657700  9.5928E-01
     932    8.659590  9.5909E-01
     933    8.661480  9.5890E-01
     934    8.663370  9.5871E-01
     935    8.665260  9.5851E-01
     936    8.667150  9.5832E-01
     937    8.669040  9.5813E-01
     938    8.670930  9.5795E-01
     939    8.672820  9.5777E-01
     940    8.674710  9.5760E-01
     941    8.676600  9.5745E-01
     942    8.678490  9.5730E-01
     943    8.680380  9.5717E-01
     944    8.682270  9.5705E-01
     945    8.684160  9.5694E-01
     946    8.686050  9.5686E-01
     947    8.687940  9.5679E-01
     948    8.689830  9.5673E-01
     949    8.691720  9.5670E-01
     950    8.693610  9.5668E-01
     951    8.695500  9.5667E-01
     952    8.697390  9.5669E-01
     953    8.699280  9.5672E-01
     954    8.701170  9.5677E-01
     955    8.703060  9.5683E-01
     956    8.704950  9.5691E-01
     957    8.706840  9.5699E-01
     958    8.708730  9.5709E-01
     959    8.710620  9.5720E-01
     960    8.712510  9.5731E-01
     961    8.714400  9.5742E-01
     962    8.716290  9.5754E-01
     963    8.718180  9.5766E-01
     964    8.720070  9.5777E-01
     965    8.721960  9.5787E-01
     966    8.723850  9.5797E-01
     967    8.725740  9.5805E-01
     968    8.727630  9.5813E-01
     969    8.729520  9.5818E-01
     970    8.731410  9.5821E-01
     971    8.733300  9.5822E-01
     972    8.735190  9.5821E-01
     973    8.737080  9.5817E-01
     974    8.738970  9.5810E-01
     975    8.740860  9.5799E-01
     976    8.742750  9.5786E-01
     977    8.744640  9.5769E-01
     978    8.746530  9.5749E-01
     979    8.748420  9.5724E-01
     980    8.750310  9.5697E-01
     981    8.752200  9.5665E-01
     982    8.754090  9.5630E-01
     983    8.755980  9.5592E-01
     984    8.757870  9.5549E-01
     985    8.759760  9.5504E-01
     986    8.761650  9.5455E-01
     987    8.763540  9.5403E-01
     988    8.765430  9.5348E-01
     989    8.767320  9.5290E-01
     990    8.769210  9.5231E-01
     991    8.771100  9.5168E-01
     992    8.772990  9.5105E-01
     993    8.774880  9.5039E-01
     994    8.776770  9.4973E-01
     995    8.778660  9.4906E-01
     996    8.780550  9.4838E-01
     997    8.782440  9.4771E-01
     998    8.784330  9.4703E-01
     999    8.786220  9.4637E-01
    1000    8.788110  9.4571E-01
    1001    8.790000  9.4507E-01
    1002    8.791890  9.4445E-01
    1003    8.793780  9.4385E-01
    1004    8.795670  9.4328E-01
    1005    8.797560  9.4273E-01
    1006    8.799450  9.4221E-01
    1007    8.801340  9.4172E-01
    1008    8.803230  9.4127E-01
    1009    8.805120  9.4086E-01
    1010    8.807010  9.4048E-01
    1011    8.808900  9.4015E-01
    1012    8.810790  9.3985E-01
    1013    8.812680  9.3960E-01
    1014    8.814570  9.3939E-01
    1015    8.816460  9.3923E-01
    1016    8.818350  9.3910E-01
    1017    8.820240  9.3902E-01
    1018    8.822130  9.3899E-01
    1019    8.824020  9.3899E-01
    1020    8.825910  9.3904E-01
    1021    8.827800  9.3912E-01
    1022    8.829690  9.3925E-01
    1023    8.831580  9.3941E-01
    1024    8.833470  9.3961E-01
    1025    8.835360  9.3984E-01
    1026    8.837250  9.4011E-01
    1027    8.839140  9.4041E-01
    1028    8.841030  9.4074E-01
    1029    8.842920  9.4110E-01
    1030    8.844810  9.4149E-01
    1031    8.846700  9.4191E-01
    1032    8.848590  9.4234E-01
    1033    8.850480  9.4280E-01
    1034    8.852370  9.4329E-01
    1035    8.854260  9.4379E-01
    1036    8.856150  9.4431E-01
    1037    8.858040  9.4485E-01
    1038    8.859930  9.4541E-01
    1039    8.861820  9.4598E-01
    1040    8.863710  9.4656E-01
    1041    8.865600  9.4716E-01
    1042    8.867490  9.4777E-01
    1043    8.869380  9.4840E-01
    1044    8.871270  9.4903E-01
    1045    8.873160  9.4967E-01
    1046    8.875050  9.5032E-01
    1047    8.876940  9.5098E-01
    1048    8.878830  9.5164E-01
    1049    8.880720  9.5231E-01
    1050    8.882610  9.5298E-01
    1051    8.884500  9.5366E-01
    1052    8.886390  9.5434E-01
    1053    8.888280  9.5502E-01
    1054    8.890170  9.5570E-01
    1055    8.892060  9.5639E-01
    1056    8.893950  9.5706E-01
    1057    8.895840  9.5774E-01
    1058    8.897730  9.5841E-01
    1059    8.899620  9.5908E-01
    1060    8.901510  9.5973E-01
    1061    8.903400  9.6038E-01
    1062    8.905290  9.6102E-01
    1063    8.907180  9.6164E-01
    1064    8.909070  9.6226E-01
    1065    8.910960  9.6285E-01
    1066    8.912850  9.6343E-01
    1067    8.914740  9.6400E-01
    1068    8.916630  9.6454E-01
    1069    8.918520  9.6506E-01
    1070    8.920410  9.6555E-01
    1071    8.922300  9.6602E-01
    1072    8.924190  9.6646E-01
    1073    8.926080  9.6688E-01
    1074    8.927970  9.6726E-01
    1075    8.929860  9.6762E-01
    1076    8.931750  9.6794E-01
    1077    8.933640  9.6823E-01
    1078    8.935530  9.6848E-01
    1079    8.937420  9.6869E-01
    1080    8.939310  9.6887E-01
    1081    8.941200  9.6901E-01
    1082    8.943090  9.6911E-01
    1083    8.944980  9.6917E-01
    1084    8.946870  9.6920E-01
    1085    8.948760  9.6918E-01
    1086    8.950650  9.6912E-01
    1087    8.952540  9.6903E-01
    1088    8.954430  9.6889E-01
    1089    8.956320  9.6872E-01
    1090    8.958210  9.6851E-01
    1091    8.960100  9.6826E-01
    1092    8.961990  9.6798E-01
    1093    8.963880  9.6767E-01
    1094    8.965770  9.6732E-01
    1095    8.967660  9.6694E-01
    1096    8.969550  9.6654E-01
    1097    8.971440  9.6611E-01
    1098    8.973330  9.6565E-01
    1099    8.975220  9.6518E-01
    1100    8.977110  9.6468E-01
    1101    8.979000  9.6417E-01
    1102    8.980890  9.6365E-01
    1103    8.982780  9.6311E-01
    1104    8.984670  9.6257E-01
    1105    8.986560  9.6202E-01
    1106    8.988450  9.6147E-01
    1107    8.990340  9.6092E-01
    1108    8.992230  9.6037E-01
    1109    8.994120  9.5983E-01
    1110    8.996010  9.5929E-01
    1111    8.997900  9.5877E-01
    1112    8.999790  9.5825E-01
    1113    9.001680  9.5775E-01
    1114    9.003570  9.5727E-01
    1115    9.005460  9.5681E-01
    1116    9.007350  9.5636E-01
    1117    9.009240  9.5593E-01
    1118    9.011130  9.5553E-01
    1119    9.013020  9.5515E-01
    1120    9.014910  9.5479E-01
    1121    9.016800  9.5445E-01
    1122    9.018690  9.5413E-01
    1123    9.020580  9.5384E-01
    1124    9.022470  9.5357E-01
    1125    9.024360  9.5333E-01
    1126    9.026250  9.5310E-01
    1127    9.028140  9.5290E-01
    1128    9.030030  9.5271E-01
    1129    9.031920  9.5255E-01
    1130    9.033810  9.5240E-01
    1131    9.035700  9.5227E-01
    1132    9.037590  9.5216E-01
    1133    9.039480  9.5206E-01
    1134    9.041370  9.5198E-01
    1135    9.043260  9.5191E-01
    1136    9.045150  9.5185E-01
    1137    9.047040  9.5180E-01
    1138    9.048930  9.5176E-01
    1139    9.050820  9.5173E-01
    1140    9.052710  9.5171E-01
    1141    9.054600  9.5170E-01
    1142    9.056490  9.5170E-01
    1143    9.058380  9.5170E-01
    1144    9.060270  9.5171E-01
    1145    9.062160  9.5173E-01
    1146    9.064050  9.5175E-01
    1147    9.065940  9.5178E-01
    1148    9.067830  9.5181E-01
    1149    9.069720  9.5186E-01
    1150    9.071610  9.5191E-01
    1151    9.073500  9.5197E-01
    1152    9.075390  9.5203E-01
    1153    9.077280  9.5211E-01
    1154    9.079170  9.5219E-01
    1155    9.081060  9.5228E-01
    1156    9.082950  9.5239E-01
    1157    9.084840  9.5250E-01
    1158    9.086730  9.5263E-01
    1159    9.088620  9.5276E-01
    1160    9.090510  9.5291E-01
    1161    9.092400  9.5306E-01
    1162    9.094290  9.5323E-01
    1163    9.096180  9.5341E-01
    1164    9.098070  9.5360E-01
    1165    9.099960  9.5381E-01
    1166    9.101850  9.5402E-01
    1167    9.103740  9.5424E-01
    1168    9.105630  9.5448E-01
    1169    9.107520  9.5472E-01
    1170    9.109410  9.5497E-01
    1171    9.111300  9.5523E-01
    1172    9.113190  9.5550E-01
    1173    9.115080  9.5578E-01
    1174    9.116970  9.5606E-01
    1175    9.118860  9.5634E-01
    1176    9.120750  9.5663E-01
    1177    9.122640  9.5692E-01
    1178    9.124530  9.5722E-01
    1179    9.126420  9.5752E-01
    1180    9.128310  9.5782E-01
    1181    9.130200  9.5811E-01
    1182    9.132090  9.5841E-01
    1183    9.133980  9.5871E-01
    1184    9.135870  9.5900E-01
    1185    9.137760  9.5929E-01
    1186    9.139650  9.5958E-01
    1187    9.141540  9.5986E-01
    1188    9.143430  9.6014E-01
    1189    9.145320  9.6042E-01
    1190    9.147210  9.6069E-01
    1191    9.149100  9.6096E-01
    1192    9.150990  9.6122E-01
    1193    9.152880  9.6148E-01
    1194    9.154770  9.6173E-01
    1195    9.156660  9.6197E-01
    1196    9.158550  9.6221E-01
    1197    9.160440  9.6244E-01
    1198    9.162330  9.6267E-01
    1199    9.164220  9.6289E-01
    1200    9.166110  9.6310E-01
    1201    9.168000  9.6331E-01
    1202    9.169890  9.6352E-01
    1203    9.171780  9.6371E-01
    1204    9.173670  9.6390E-01
    1205    9.175560  9.6408E-01
    1206    9.177450  9.6426E-01
    1207    9.179340  9.6443E-01
    1208    9.181230  9.6459E-01
    1209    9.183120  9.6475E-01
    1210    9.185010  9.6489E-01
    1211    9.186900  9.6503E-01
    1212    9.188790  9.6517E-01
    1213    9.190680  9.6529E-01
    1214    9.192570  9.6540E-01
    1215    9.194460  9.6551E-01
    1216    9.196350  9.6561E-01
    1217    9.198240  9.6570E-01
    1218    9.200130  9.6578E-01
    1219    9.202020  9.6585E-01
    1220    9.203910  9.6591E-01
    1221    9.205800  9.6596E-01
    1222    9.207690  9.6600E-01
    1223    9.209580  9.6603E-01
    1224    9.211470  9.6606E-01
    1225    9.213360  9.6607E-01
    1226    9.215250  9.6607E-01
    1227    9.217140  9.6607E-01
    1228    9.219030  9.6605E-01
    1229    9.220920  9.6603E-01
    1230    9.222810  9.6599E-01
    1231    9.224700  9.6595E-01
    1232    9.226590  9.6590E-01
    1233    9.228480  9.6583E-01
    1234    9.230370  9.6576E-01
    1235    9.232260  9.6569E-01
    1236    9.234150  9.6560E-01
    1237    9.236040  9.6550E-01
    1238    9.237930  9.6540E-01
    1239    9.239820  9.6529E-01
    1240    9.241710  9.6516E-01
    1241    9.243600  9.6503E-01
    1242    9.245490  9.6489E-01
    1243    9.247380  9.6474E-01
    1244    9.249270  9.6458E-01
    1245    9.251160  9.6441E-01
    1246    9.253050  9.6423E-01
    1247    9.254940  9.6404E-01
    1248    9.256830  9.6384E-01
    1249    9.258720  9.6362E-01
    1250    9.260610  9.6338E-01
    1251    9.262500  9.6314E-01
    1252    9.264390  9.6287E-01
    1253    9.266280  9.6259E-01
    1254    9.268170  9.6228E-01
    1255    9.270060  9.6196E-01
    1256    9.271950  9.6161E-01
    1257    9.273840  9.6123E-01
    1258    9.275730  9.6083E-01
    1259    9.277620  9.6040E-01
    1260    9.279510  9.5994E-01
    1261    9.281400  9.5944E-01
    1262    9.283290  9.5890E-01
    1263    9.285180  9.5832E-01
    1264    9.287070  9.5770E-01
    1265    9.288960  9.5703E-01
    1266    9.290850  9.5632E-01
    1267    9.292740  9.5554E-01
    1268    9.294630  9.5471E-01
    1269    9.296520  9.5382E-01
    1270    9.298410  9.5286E-01
    1271    9.300300  9.5183E-01
    1272    9.302190  9.5072E-01
    1273    9.304080  9.4954E-01
    1274    9.305970  9.4827E-01
    1275    9.307860  9.4691E-01
    1276    9.309750  9.4546E-01
    1277    9.311640  9.4391E-01
    1278    9.313530  9.4225E-01
    1279    9.315420  9.4048E-01
    1280    9.317310  9.3859E-01
    1281    9.319200  9.3658E-01
    1282    9.321090  9.3445E-01
    1283    9.322980  9.3218E-01
    1284    9.324870  9.2977E-01
    1285    9.326760  9.2722E-01
    1286    9.328650  9.2451E-01
    1287    9.330540  9.2165E-01
    1288    9.332430  9.1863E-01
    1289    9.334320  9.1544E-01
    1290    9.336210  9.1208E-01
    1291    9.338100  9.0854E-01
    1292    9.339990  9.0481E-01
    1293    9.341880  9.0090E-01
    1294    9.343770  8.9680E-01
    1295    9.345660  8.9251E-01
    1296    9.347550  8.8802E-01
    1297    9.349440  8.8333E-01
    1298    9.351330  8.7843E-01
    1299    9.353220  8.7333E-01
    1300    9.355110  8.6803E-01
    1301    9.357000  8.6252E-01
    1302    9.358890  8.5680E-01
    1303    9.360780  8.5089E-01
    1304    9.362670  8.4476E-01
    1305    9.364560  8.3844E-01
    1306    9.366450  8.3193E-01
    1307    9.368340  8.2522E-01
    1308    9.370230  8.1832E-01
    1309    9.372120  8.1124E-01
    1310    9.374010  8.0399E-01
    1311    9.375900  7.9657E-01
    1312    9.377790  7.8899E-01
    1313    9.379680  7.8126E-01
    1314    9.381570  7.7339E-01
    1315    9.383460  7.6539E-01
    1316    9.385350  7.5727E-01
    1317    9.387240  7.4904E-01
    1318    9.389130  7.4072E-01
    1319    9.391020  7.3232E-01
    1320    9.392910  7.2385E-01
    1321    9.394800  7.1533E-01
    1322    9.396690  7.0677E-01
    1323    9.398580  6.9818E-01
    1324    9.400470  6.8958E-01
    1325    9.402360  6.8099E-01
    1326    9.404250  6.7242E-01
    1327    9.406140  6.6388E-01
    1328    9.408030  6.5539E-01
    1329    9.409920  6.4697E-01
    1330    9.411810  6.3862E-01
    1331    9.413700  6.3037E-01
    1332    9.415590  6.2222E-01
    1333    9.417480  6.1419E-01
    1334    9.419370  6.0630E-01
    1335    9.421260  5.9854E-01
    1336    9.423150  5.9095E-01
    1337    9.425040  5.8352E-01
    1338    9.426930  5.7627E-01
    1339    9.428820  5.6920E-01
    1340    9.430710  5.6233E-01
    1341    9.432600  5.5566E-01
    1342    9.434490  5.4920E-01
    1343    9.436380  5.4296E-01
    1344    9.438270  5.3694E-01
    1345    9.440160  5.3114E-01
    1346    9.442050  5.2558E-01
    1347    9.443940  5.2025E-01
    1348    9.445830  5.1516E-01
    1349    9.447720  5.1031E-01
    1350    9.449610  5.0569E-01
    1351    9.451500  5.0132E-01
    1352    9.453390  4.9719E-01
    1353    9.455280  4.9331E-01
    1354    9.457170  4.8966E-01
    1355    9.459060  4.8626E-01
    1356    9.460950  4.8309E-01
    1357    9.462840  4.8017E-01
    1358    9.464730  4.7748E-01
    1359    9.466620  4.7503E-01
    1360    9.468510  4.7281E-01
    1361    9.470400  4.7082E-01
    1362    9.472290  4.6906E-01
    1363    9.474180  4.6754E-01
    1364    9.476070  4.6624E-01
    1365    9.477960  4.6516E-01
    1366    9.479850  4.6431E-01
    1367    9.481740  4.6369E-01
    1368    9.483630  4.6328E-01
    1369    9.485520  4.6309E-01
    1370    9.487410  4.6312E-01
    1371    9.489300  4.6337E-01
    1372    9.491190  4.6383E-01
    1373    9.493080  4.6451E-01
    1374    9.494970  4.6539E-01
    1375    9.496860  4.6648E-01
    1376    9.498750  4.6778E-01
    1377    9.500640  4.6928E-01
    1378    9.502530  4.7098E-01
    1379    9.504420  4.7287E-01
    1380    9.506310  4.7495E-01
    1381    9.508200  4.7722E-01
    1382    9.510090  4.7966E-01
    1383    9.511980  4.8227E-01
    1384    9.513870  4.8505E-01
    1385    9.515760  4.8798E-01
    1386    9.517650  4.9105E-01
    1387    9.519540  4.9425E-01
    1388    9.521430  4.9758E-01
    1389    9.523320  5.0101E-01
    1390    9.525210  5.0454E-01
    1391    9.527100  5.0814E-01
    1392    9.528990  5.1181E-01
    1393    9.530880  5.1552E-01
    1394    9.532770  5.1926E-01
    1395    9.534660  5.2301E-01
    1396    9.536550  5.2675E-01
    1397    9.538440  5.3047E-01
    1398    9.540330  5.3413E-01
    1399    9.542220  5.3773E-01
    1400    9.544110  5.4124E-01
    1401    9.546000  5.4464E-01
    1402    9.547890  5.4791E-01
    1403    9.549780  5.5103E-01
    1404    9.551670  5.5398E-01
    1405    9.553560  5.5675E-01
    1406    9.555450  5.5931E-01
    1407    9.557340  5.6166E-01
    1408    9.559230  5.6376E-01
    1409    9.561120  5.6562E-01
    1410    9.563010  5.6722E-01
    1411    9.564900  5.6854E-01
    1412    9.566790  5.6958E-01
    1413    9.568680  5.7032E-01
    1414    9.570570  5.7078E-01
    1415    9.572460  5.7093E-01
    1416    9.574350  5.7079E-01
    1417    9.576240  5.7035E-01
    1418    9.578130  5.6961E-01
    1419    9.580020  5.6858E-01
    1420    9.581910  5.6727E-01
    1421    9.583800  5.6568E-01
    1422    9.585690  5.6383E-01
    1423    9.587580  5.6172E-01
    1424    9.589470  5.5938E-01
    1425    9.591360  5.5682E-01
    1426    9.593250  5.5406E-01
    1427    9.595140  5.5111E-01
    1428    9.597030  5.4800E-01
    1429    9.598920  5.4475E-01
    1430    9.600810  5.4138E-01
    1431    9.602700  5.3791E-01
    1432    9.604590  5.3436E-01
    1433    9.606480  5.3076E-01
    1434    9.608370  5.2713E-01
    1435    9.610260  5.2349E-01
    1436    9.612150  5.1988E-01
    1437    9.614040  5.1629E-01
    1438    9.615930  5.1277E-01
    1439    9.617820  5.0933E-01
    1440    9.619710  5.0599E-01
    1441    9.621600  5.0277E-01
    1442    9.623490  4.9969E-01
    1443    9.625380  4.9676E-01
    1444    9.627270  4.9401E-01
    1445    9.629160  4.9143E-01
    1446    9.631050  4.8905E-01
    1447    9.632940  4.8688E-01
    1448    9.634830  4.8492E-01
    1449    9.636720  4.8319E-01
    1450    9.638610  4.8168E-01
    1451    9.640500  4.8042E-01
    1452    9.642390  4.7939E-01
    1453    9.644280  4.7861E-01
    1454    9.646170  4.7807E-01
    1455    9.648060  4.7778E-01
    1456    9.649950  4.7773E-01
    1457    9.651840  4.7791E-01
    1458    9.653730  4.7834E-01
    1459    9.655620  4.7899E-01
    1460    9.657510  4.7987E-01
    1461    9.659400  4.8097E-01
    1462    9.661290  4.8229E-01
    1463    9.663180  4.8380E-01
    1464    9.665070  4.8551E-01
    1465    9.666960  4.8741E-01
    1466    9.668850  4.8948E-01
    1467    9.670740  4.9171E-01
    1468    9.672630  4.9410E-01
    1469    9.674520  4.9664E-01
    1470    9.676410  4.9930E-01
    1471    9.678300  5.0208E-01
    1472    9.680190  5.0497E-01
    1473    9.682080  5.0795E-01
    1474    9.683970  5.1101E-01
    1475    9.685860  5.1415E-01
    1476    9.687750  5.1734E-01
    1477    9.689640  5.2058E-01
    1478    9.691530  5.2385E-01
    1479    9.693420  5.2714E-01
    1480    9.695310  5.3045E-01
    1481    9.697200  5.3375E-01
    1482    9.699090  5.3704E-01
    1483    9.700980  5.4030E-01
    1484    9.702870  5.4354E-01
    1485    9.704760  5.4673E-01
    1486    9.706650  5.4987E-01
    1487    9.708540  5.5295E-01
    1488    9.710430  5.5596E-01
    1489    9.712320  5.5890E-01
    1490    9.714210  5.6175E-01
    1491    9.716100  5.6452E-01
    1492    9.717990  5.6719E-01
    1493    9.719880  5.6977E-01
    1494    9.721770  5.7224E-01
    1495    9.723660  5.7461E-01
    1496    9.725550  5.7687E-01
    1497    9.727440  5.7903E-01
    1498    9.729330  5.8107E-01
    1499    9.731220  5.8300E-01
    1500    9.733110  5.8482E-01
    1501    9.735000  5.8653E-01
    1502    9.736890  5.8813E-01
    1503    9.738780  5.8963E-01
    1504    9.740670  5.9102E-01
    1505    9.742560  5.9231E-01
    1506    9.744450  5.9351E-01
    1507    9.746340  5.9461E-01
    1508    9.748230  5.9562E-01
    1509    9.750120  5.9655E-01
    1510    9.752010  5.9740E-01
    1511    9.753900  5.9818E-01
    1512    9.755790  5.9889E-01
    1513    9.757680  5.9954E-01
    1514    9.759570  6.0014E-01
    1515    9.761460  6.0069E-01
    1516    9.763350  6.0119E-01
    1517    9.765240  6.0167E-01
    1518    9.767130  6.0212E-01
    1519    9.769020  6.0254E-01
    1520    9.770910  6.0296E-01
    1521    9.772800  6.0337E-01
    1522    9.774690  6.0378E-01
    1523    9.776580  6.0420E-01
    1524    9.778470  6.0463E-01
    1525    9.780360  6.0509E-01
    1526    9.782250  6.0559E-01
    1527    9.784140  6.0612E-01
    1528    9.786030  6.0669E-01
    1529    9.787920  6.0732E-01
    1530    9.789810  6.0801E-01
    1531    9.791700  6.0876E-01
    1532    9.793590  6.0958E-01
    1533    9.795480  6.1048E-01
    1534    9.797370  6.1146E-01
    1535    9.799260  6.1253E-01
    1536    9.801150  6.1369E-01
    1537    9.803040  6.1495E-01
    1538    9.804930  6.1631E-01
    1539    9.806820  6.1777E-01
    1540    9.808710  6.1934E-01
    1541    9.810600  6.2101E-01
    1542    9.812490  6.2280E-01
    1543    9.814380  6.2470E-01
    1544    9.816270  6.2671E-01
    1545    9.818160  6.2883E-01
    1546    9.820050  6.3106E-01
    1547    9.821940  6.3340E-01
    1548    9.823830  6.3585E-01
    1549    9.825720  6.3840E-01
    1550    9.827610  6.4106E-01
    1551    9.829500  6.4380E-01
    1552    9.831390  6.4664E-01
    1553    9.833280  6.4957E-01
    1554    9.835170  6.5258E-01
    1555    9.837060  6.5566E-01
    1556    9.838950  6.5880E-01
    1557    9.840840  6.6201E-01
    1558    9.842730  6.6528E-01
    1559    9.844620  6.6859E-01
    1560    9.846510  6.7193E-01
    1561    9.848400  6.7531E-01
    1562    9.850290  6.7871E-01
    1563    9.852180  6.8212E-01
    1564    9.854070  6.8554E-01
    1565    9.855960  6.8896E-01
    1566    9.857850  6.9237E-01
    1567    9.859740  6.9577E-01
    1568    9.861630  6.9914E-01
    1569    9.863520  7.0248E-01
    1570    9.865410  7.0579E-01
    1571    9.867300  7.0906E-01
    1572    9.869190  7.1228E-01
    1573    9.871080  7.1545E-01
    1574    9.872970  7.1856E-01
    1575    9.874860  7.2162E-01
    1576    9.876750  7.2461E-01
    1577    9.878640  7.2754E-01
    1578    9.880530  7.3040E-01
    1579    9.882420  7.3320E-01
    1580    9.884310  7.3593E-01
    1581    9.886200  7.3859E-01
    1582    9.888090  7.4119E-01
    1583    9.889980  7.4372E-01
    1584    9.891870  7.4618E-01
    1585    9.893760  7.4859E-01
    1586    9.895650  7.5093E-01
    1587    9.897540  7.5321E-01
    1588    9.899430  7.5544E-01
    1589    9.901320  7.5761E-01
    1590    9.903210  7.5974E-01
    1591    9.905100  7.6182E-01
    1592    9.906990  7.6386E-01
    1593    9.908880  7.6587E-01
    1594    9.910770  7.6784E-01
    1595    9.912660  7.6977E-01
    1596    9.914550  7.7168E-01
    1597    9.916440  7.7357E-01
    1598    9.918330  7.7544E-01
    1599    9.920220  7.7729E-01
    1600    9.922110  7.7912E-01
    1601    9.924000  7.8094E-01
    1602    9.925890  7.8275E-01
    1603    9.927780  7.8456E-01
    1604    9.929670  7.8636E-01
    1605    9.931560  7.8815E-01
    1606    9.933450  7.8994E-01
    1607    9.935340  7.9173E-01
    1608    9.937230  7.9352E-01
    1609    9.939120  7.9530E-01
    1610    9.941010  7.9709E-01
    1611    9.942900  7.9887E-01
    1612    9.944790  8.0064E-01
    1613    9.946680  8.0242E-01
    1614    9.948570  8.0419E-01
    1615    9.950460  8.0596E-01
    1616    9.952350  8.0772E-01
    1617    9.954240  8.0947E-01
    1618    9.956130  8.1121E-01
    1619    9.958020  8.1295E-01
    1620    9.959910  8.1467E-01
    1621    9.961800  8.1638E-01
    1622    9.963690  8.1808E-01
    1623    9.965580  8.1977E-01
    1624    9.967470  8.2144E-01
    1625    9.969360  8.2310E-01
    1626    9.971250  8.2475E-01
    1627    9.973140  8.2638E-01
    1628    9.975030  8.2800E-01
    1629    9.976920  8.2961E-01
    1630    9.978810  8.3121E-01
    1631    9.980700  8.3279E-01
    1632    9.982590  8.3437E-01
    1633    9.984480  8.3594E-01
    1634    9.986370  8.3751E-01
    1635    9.988260  8.3908E-01
    1636    9.990150  8.4065E-01
    1637    9.992040  8.4222E-01
    1638    9.993930  8.4380E-01
    1639    9.995820  8.4539E-01
    1640    9.997710  8.4700E-01
    1641    9.999600  8.4862E-01
    1642   10.001490  8.5026E-01
    1643   10.003380  8.5193E-01
    1644   10.005270  8.5363E-01
    1645   10.007160  8.5535E-01
    1646   10.009050  8.5711E-01
    1647   10.010940  8.5891E-01
    1648   10.012830  8.6074E-01
    1649   10.014720  8.6262E-01
    1650   10.016610  8.6454E-01
    1651   10.018500  8.6650E-01
    1652   10.020390  8.6851E-01
    1653   10.022280  8.7056E-01
    1654   10.024170  8.7266E-01
    1655   10.026060  8.7481E-01
    1656   10.027950  8.7700E-01
    1657   10.029840  8.7924E-01
    1658   10.031730  8.8152E-01
    1659   10.033620  8.8384E-01
    1660   10.035510  8.8620E-01
    1661   10.037400  8.8859E-01
    1662   10.039290  8.9101E-01
    1663   10.041180  8.9347E-01
    1664   10.043070  8.9594E-01
    1665   10.044960  8.9844E-01
    1666   10.046850  9.0095E-01
    1667   10.048740  9.0347E-01
    1668   10.050630  9.0600E-01
    1669   10.052520  9.0853E-01
    1670   10.054410  9.1105E-01
    1671   10.056300  9.1356E-01
    1672   10.058190  9.1605E-01
    1673   10.060080  9.1853E-01
    1674   10.061970  9.2098E-01
    1675   10.063860  9.2339E-01
    1676   10.065750  9.2577E-01
    1677   10.067640  9.2811E-01
    1678   10.069530  9.3041E-01
    1679   10.071420  9.3265E-01
    1680   10.073310  9.3485E-01
    1681   10.075200  9.3698E-01
    1682   10.077090  9.3906E-01
    1683   10.078980  9.4108E-01
    1684   10.080870  9.4303E-01
    1685   10.082760  9.4491E-01
    1686   10.084650  9.4673E-01
    1687   10.086540  9.4848E-01
    1688   10.088430  9.5015E-01
    1689   10.090320  9.5176E-01
    1690   10.092210  9.5329E-01
    1691   10.094100  9.5476E-01
    1692   10.095990  9.5615E-01
    1693   10.097880  9.5748E-01
    1694   10.099770  9.5874E-01
    1695   10.101660  9.5993E-01
    1696   10.103550  9.6106E-01
    1697   10.105440  9.6212E-01
    1698   10.107330  9.6312E-01
    1699   10.109220  9.6407E-01
    1700   10.111110  9.6496E-01
    1701   10.113000  9.6579E-01
    1702   10.114890  9.6658E-01
    1703   10.116780  9.6731E-01
    1704   10.118670  9.6800E-01
    1705   10.120560  9.6865E-01
    1706   10.122450  9.6925E-01
    1707   10.124340  9.6982E-01
    1708   10.126230  9.7035E-01
    1709   10.128120  9.7085E-01
    1710   10.130010  9.7133E-01
    1711   10.131900  9.7177E-01
    1712   10.133790  9.7219E-01
    1713   10.135680  9.7258E-01
    1714   10.137570  9.7296E-01
    1715   10.139460  9.7332E-01
    1716   10.141350  9.7366E-01
    1717   10.143240  9.7398E-01
    1718   10.145130  9.7429E-01
    1719   10.147020  9.7459E-01
    1720   10.148910  9.7488E-01
    1721   10.150800  9.7516E-01
    1722   10.152690  9.7543E-01
    1723   10.154580  9.7569E-01
    1724   10.156470  9.7595E-01
    1725   10.158360  9.7620E-01
    1726   10.160250  9.7645E-01
    1727   10.162140  9.7669E-01
    1728   10.164030  9.7693E-01
    1729   10.165920  9.7716E-01
    1730   10.167810  9.7739E-01
    1731   10.169700  9.7761E-01
    1732   10.171590  9.7783E-01
    1733   10.173480  9.7805E-01
    1734   10.175370  9.7826E-01
    1735   10.177260  9.7847E-01
    1736   10.179150  9.7867E-01
    1737   10.181040  9.7887E-01
    1738   10.182930  9.7906E-01
    1739   10.184820  9.7926E-01
    1740   10.186710  9.7944E-01
    1741   10.188600  9.7962E-01
    1742   10.190490  9.7979E-01
    1743   10.192380  9.7996E-01
    1744   10.194270  9.8012E-01
    1745   10.196160  9.8028E-01
    1746   10.198050  9.8043E-01
    1747   10.199940  9.8057E-01
    1748   10.201830  9.8071E-01
    1749   10.203720  9.8083E-01
    1750   10.205610  9.8095E-01
    1751   10.207500  9.8107E-01
    1752   10.209390  9.8118E-01
    1753   10.211280  9.8128E-01
    1754   10.213170  9.8137E-01
    1755   10.215060  9.8146E-01
    1756   10.216950  9.8154E-01
    1757   10.218840  9.8161E-01
    1758   10.220730  9.8168E-01
    1759   10.222620  9.8174E-01
    1760   10.224510  9.8179E-01
    1761   10.226400  9.8184E-01
    1762   10.228290  9.8189E-01
    1763   10.230180  9.8193E-01
    1764   10.232070  9.8197E-01
    1765   10.233960  9.8200E-01
    1766   10.235850  9.8203E-01
    1767   10.237740  9.8206E-01
    1768   10.239630  9.8208E-01
    1769   10.241520  9.8211E-01
    1770   10.243410  9.8213E-01
    1771   10.245300  9.8215E-01
    1772   10.247190  9.8217E-01
    1773   10.249080  9.8220E-01
    1774   10.250970  9.8222E-01
    1775   10.252860  9.8225E-01
    1776   10.254750  9.8227E-01
    1777   10.256640  9.8230E-01
    1778   10.258530  9.8234E-01
    1779   10.260420  9.8237E-01
    1780   10.262310  9.8241E-01
    1781   10.264200  9.8246E-01
    1782   10.266090  9.8251E-01
    1783   10.267980  9.8256E-01
    1784   10.269870  9.8262E-01
    1785   10.271760  9.8268E-01
    1786   10.273650  9.8275E-01
    1787   10.275540  9.8282E-01
    1788   10.277430  9.8290E-01
    1789   10.279320  9.8298E-01
    1790   10.281210  9.8307E-01
    1791   10.283100  9.8316E-01
    1792   10.284990  9.8326E-01
    1793   10.286880  9.8337E-01
    1794   10.288770  9.8347E-01
    1795   10.290660  9.8359E-01
    1796   10.292550  9.8371E-01
    1797   10.294440  9.8383E-01
    1798   10.296330  9.8395E-01
    1799   10.298220  9.8408E-01
    1800   10.300110  9.8422E-01
    1801   10.302000  9.8436E-01
    1802   10.303890  9.8450E-01
    1803   10.305780  9.8464E-01
    1804   10.307670  9.8478E-01
    1805   10.309560  9.8493E-01
    1806   10.311450  9.8508E-01
    1807   10.313340  9.8523E-01
    1808   10.315230  9.8538E-01
    1809   10.317120  9.8553E-01
    1810   10.319010  9.8569E-01
    1811   10.320900  9.8584E-01
    1812   10.322790  9.8599E-01
    1813   10.324680  9.8615E-01
    1814   10.326570  9.8630E-01
    1815   10.328460  9.8646E-01
    1816   10.330350  9.8661E-01
    1817   10.332240  9.8676E-01
    1818   10.334130  9.8692E-01
    1819   10.336020  9.8707E-01
    1820   10.337910  9.8722E-01
    1821   10.339800  9.8737E-01
    1822   10.341690  9.8752E-01
    1823   10.343580  9.8767E-01
    1824   10.345470  9.8782E-01
    1825   10.347360  9.8797E-01
    1826   10.349250  9.8811E-01
    1827   10.351140  9.8826E-01
    1828   10.353030  9.8840E-01
    1829   10.354920  9.8854E-01
    1830   10.356810  9.8868E-01
    1831   10.358700  9.8882E-01
    1832   10.360590  9.8896E-01
    1833   10.362480  9.8910E-01
    1834   10.364370  9.8923E-01
    1835   10.366260  9.8936E-01
    1836   10.368150  9.8949E-01
    1837   10.370040  9.8962E-01
    1838   10.371930  9.8974E-01
    1839   10.373820  9.8987E-01
    1840   10.375710  9.8998E-01
    1841   10.377600  9.9010E-01
    1842   10.379490  9.9021E-01
    1843   10.381380  9.9032E-01
    1844   10.383270  9.9042E-01
    1845   10.385160  9.9052E-01
    1846   10.387050  9.9062E-01
    1847   10.388940  9.9071E-01
    1848   10.390830  9.9079E-01
    1849   10.392720  9.9087E-01
    1850   10.394610  9.9094E-01
    1851   10.396500  9.9100E-01
    1852   10.398390  9.9106E-01
    1853   10.400280  9.9112E-01
    1854   10.402170  9.9116E-01
    1855   10.404060  9.9120E-01
    1856   10.405950  9.9123E-01
    1857   10.407840  9.9125E-01
    1858   10.409730  9.9127E-01
    1859   10.411620  9.9127E-01
    1860   10.413510  9.9127E-01
    1861   10.415400  9.9126E-01
    1862   10.417290  9.9124E-01
    1863   10.419180  9.9122E-01
    1864   10.421070  9.9118E-01
    1865   10.422960  9.9114E-01
    1866   10.424850  9.9109E-01
    1867   10.426740  9.9104E-01
    1868   10.428630  9.9097E-01
    1869   10.430520  9.9090E-01
    1870   10.432410  9.9082E-01
    1871   10.434300  9.9074E-01
    1872   10.436190  9.9065E-01
    1873   10.438080  9.9055E-01
    1874   10.439970  9.9044E-01
    1875   10.441860  9.9034E-01
    1876   10.443750  9.9022E-01
    1877   10.445640  9.9010E-01
    1878   10.447530  9.8998E-01
    1879   10.449420  9.8986E-01
    1880   10.451310  9.8973E-01
    1881   10.453200  9.8960E-01
    1882   10.455090  9.8946E-01
    1883   10.456980  9.8932E-01
    1884   10.458870  9.8919E-01
    1885   10.460760  9.8905E-01
    1886   10.462650  9.8891E-01
    1887   10.464540  9.8876E-01
    1888   10.466430  9.8862E-01
    1889   10.468320  9.8848E-01
    1890   10.470210  9.8834E-01
    1891   10.472100  9.8819E-01
    1892   10.473990  9.8805E-01
    1893   10.475880  9.8791E-01
    1894   10.477770  9.8777E-01
    1895   10.479660  9.8763E-01
    1896   10.481550  9.8749E-01
    1897   10.483440  9.8735E-01
    1898   10.485330  9.8722E-01
    1899   10.487220  9.8708E-01
    1900   10.489110  9.8695E-01
    1901   10.491000  9.8682E-01
    1902   10.492890  9.8669E-01
    1903   10.494780  9.8656E-01
    1904   10.496670  9.8643E-01
    1905   10.498560  9.8630E-01
    1906   10.500450  9.8618E-01
    1907   10.502340  9.8606E-01
    1908   10.504230  9.8594E-01
    1909   10.506120  9.8582E-01
    1910   10.508010  9.8571E-01
    1911   10.509900  9.8560E-01
    1912   10.511790  9.8549E-01
    1913   10.513680  9.8539E-01
    1914   10.515570  9.8529E-01
    1915   10.517460  9.8519E-01
    1916   10.519350  9.8510E-01
    1917   10.521240  9.8502E-01
    1918   10.523130  9.8494E-01
    1919   10.525020  9.8486E-01
    1920   10.526910  9.8480E-01
    1921   10.528800  9.8474E-01
    1922   10.530690  9.8468E-01
    1923   10.532580  9.8464E-01
    1924   10.534470  9.8460E-01
    1925   10.536360  9.8457E-01
    1926   10.538250  9.8455E-01
    1927   10.540140  9.8454E-01
    1928   10.542030  9.8454E-01
    1929   10.543920  9.8455E-01
    1930   10.545810  9.8457E-01
    1931   10.547700  9.8460E-01
    1932   10.549590  9.8464E-01
    1933   10.551480  9.8468E-01
    1934   10.553370  9.8474E-01
    1935   10.555260  9.8481E-01
    1936   10.557150  9.8489E-01
    1937   10.559040  9.8498E-01
    1938   10.560930  9.8508E-01
    1939   10.562820  9.8519E-01
    1940   10.564710  9.8531E-01
    1941   10.566600  9.8544E-01
    1942   10.568490  9.8557E-01
    1943   10.570380  9.8571E-01
    1944   10.572270  9.8586E-01
    1945   10.574160  9.8602E-01
    1946   10.576050  9.8618E-01
    1947   10.577940  9.8635E-01
    1948   10.579830  9.8652E-01
    1949   10.581720  9.8670E-01
    1950   10.583610  9.8688E-01
    1951   10.585500  9.8707E-01
    1952   10.587390  9.8726E-01
    1953   10.589280  9.8744E-01
    1954   10.591170  9.8763E-01
    1955   10.593060  9.8783E-01
    1956   10.594950  9.8802E-01
    1957   10.596840  9.8821E-01
    1958   10.598730  9.8840E-01
    1959   10.600620  9.8859E-01
    1960   10.602510  9.8877E-01
    1961   10.604400  9.8896E-01
    1962   10.606290  9.8914E-01
    1963   10.608180  9.8931E-01
    1964   10.610070  9.8949E-01
    1965   10.611960  9.8966E-01
    1966   10.613850  9.8983E-01
    1967   10.615740  9.8999E-01
    1968   10.617630  9.9015E-01
    1969   10.619520  9.9030E-01
    1970   10.621410  9.9045E-01
    1971   10.623300  9.9059E-01
    1972   10.625190  9.9073E-01
    1973   10.627080  9.9086E-01
    1974   10.628970  9.9099E-01
    1975   10.630860  9.9112E-01
    1976   10.632750  9.9124E-01
    1977   10.634640  9.9135E-01
    1978   10.636530  9.9146E-01
    1979   10.638420  9.9157E-01
    1980   10.640310  9.9167E-01
    1981   10.642200  9.9177E-01
    1982   10.644090  9.9187E-01
    1983   10.645980  9.9196E-01
    1984   10.647870  9.9204E-01
    1985   10.649760  9.9213E-01
    1986   10.651650  9.9221E-01
    1987   10.653540  9.9229E-01
    1988   10.655430  9.9236E-01
    1989   10.657320  9.9243E-01
    1990   10.659210  9.9250E-01
    1991   10.661100  9.9257E-01
    1992   10.662990  9.9264E-01
    1993   10.664880  9.9270E-01
    1994   10.666770  9.9276E-01
    1995   10.668660  9.9282E-01
    1996   10.670550  9.9288E-01
    1997   10.672440  9.9294E-01
    1998   10.674330  9.9299E-01
    1999   10.676220  9.9305E-01
    2000   10.678110  9.9310E-01
    2001   10.680000  9.9315E-01
    2002   10.681890  9.9320E-01
    2003   10.683780  9.9325E-01
    2004   10.685670  9.9330E-01
    2005   10.687560  9.9335E-01
    2006   10.689450  9.9340E-01
    2007   10.691340  9.9344E-01
    2008   10.693230  9.9349E-01
    2009   10.695120  9.9353E-01
    2010   10.697010  9.9357E-01
    2011   10.698900  9.9361E-01
    2012   10.700790  9.9365E-01
    2013   10.702680  9.9369E-01
    2014   10.704570  9.9372E-01
    2015   10.706460  9.9376E-01
    2016   10.708350  9.9379E-01
    2017   10.710240  9.9382E-01
    2018   10.712130  9.9385E-01
    2019   10.714020  9.9387E-01
    2020   10.715910  9.9389E-01
    2021   10.717800  9.9391E-01
    2022   10.719690  9.9393E-01
    2023   10.721580  9.9395E-01
    2024   10.723470  9.9396E-01
    2025   10.725360  9.9397E-01
    2026   10.727250  9.9397E-01
    2027   10.729140  9.9398E-01
    2028   10.731030  9.9398E-01
    2029   10.732920  9.9397E-01
    2030   10.734810  9.9396E-01
    2031   10.736700  9.9395E-01
    2032   10.738590  9.9393E-01
    2033   10.740480  9.9391E-01
    2034   10.742370  9.9388E-01
    2035   10.744260  9.9385E-01
    2036   10.746150  9.9382E-01
    2037   10.748040  9.9378E-01
    2038   10.749930  9.9373E-01
    2039   10.751820  9.9368E-01
    2040   10.753710  9.9363E-01
    2041   10.755600  9.9357E-01
    2042   10.757490  9.9350E-01
    2043   10.759380  9.9343E-01
    2044   10.761270  9.9336E-01
    2045   10.763160  9.9328E-01
    2046   10.765050  9.9319E-01
    2047   10.766940  9.9310E-01
    2048   10.768830  9.9301E-01
    2049   10.770720  9.9291E-01
    2050   10.772610  9.9280E-01
    2051   10.774500  9.9269E-01
    2052   10.776390  9.9258E-01
    2053   10.778280  9.9246E-01
    2054   10.780170  9.9234E-01
    2055   10.782060  9.9221E-01
    2056   10.783950  9.9208E-01
    2057   10.785840  9.9195E-01
    2058   10.787730  9.9181E-01
    2059   10.789620  9.9168E-01
    2060   10.791510  9.9154E-01
    2061   10.793400  9.9140E-01
    2062   10.795290  9.9126E-01
    2063   10.797180  9.9112E-01
    2064   10.799070  9.9098E-01
    2065   10.800960  9.9084E-01
    2066   10.802850  9.9070E-01
    2067   10.804740  9.9057E-01
    2068   10.806630  9.9044E-01
    2069   10.808520  9.9031E-01
    2070   10.810410  9.9019E-01
    2071   10.812300  9.9007E-01
    2072   10.814190  9.8995E-01
    2073   10.816080  9.8984E-01
    2074   10.817970  9.8974E-01
    2075   10.819860  9.8965E-01
    2076   10.821750  9.8956E-01
    2077   10.823640  9.8948E-01
    2078   10.825530  9.8941E-01
    2079   10.827420  9.8934E-01
    2080   10.829310  9.8929E-01
    2081   10.831200  9.8925E-01
    2082   10.833090  9.8921E-01
    2083   10.834980  9.8919E-01
    2084   10.836870  9.8917E-01
    2085   10.838760  9.8917E-01
    2086   10.840650  9.8917E-01
    2087   10.842540  9.8919E-01
    2088   10.844430  9.8922E-01
    2089   10.846320  9.8925E-01
    2090   10.848210  9.8930E-01
    2091   10.850100  9.8935E-01
    2092   10.851990  9.8942E-01
    2093   10.853880  9.8949E-01
    2094   10.855770  9.8957E-01
    2095   10.857660  9.8966E-01
    2096   10.859550  9.8976E-01
    2097   10.861440  9.8986E-01
    2098   10.863330  9.8997E-01
    2099   10.865220  9.9009E-01
    2100   10.867110  9.9021E-01
    2101   10.869000  9.9033E-01
    2102   10.870890  9.9046E-01
    2103   10.872780  9.9059E-01
    2104   10.874670  9.9073E-01
    2105   10.876560  9.9086E-01
    2106   10.878450  9.9100E-01
    2107   10.880340  9.9114E-01
    2108   10.882230  9.9127E-01
    2109   10.884120  9.9141E-01
    2110   10.886010  9.9154E-01
    2111   10.887900  9.9167E-01
    2112   10.889790  9.9180E-01
    2113   10.891680  9.9193E-01
    2114   10.893570  9.9205E-01
    2115   10.895460  9.9217E-01
    2116   10.897350  9.9228E-01
    2117   10.899240  9.9239E-01
    2118   10.901130  9.9249E-01
    2119   10.903020  9.9259E-01
    2120   10.904910  9.9268E-01
    2121   10.906800  9.9276E-01
    2122   10.908690  9.9284E-01
    2123   10.910580  9.9291E-01
    2124   10.912470  9.9297E-01
    2125   10.914360  9.9303E-01
    2126   10.916250  9.9308E-01
    2127   10.918140  9.9312E-01
    2128   10.920030  9.9316E-01
    2129   10.921920  9.9319E-01
    2130   10.923810  9.9321E-01
    2131   10.925700  9.9322E-01
    2132   10.927590  9.9323E-01
    2133   10.929480  9.9323E-01
    2134   10.931370  9.9322E-01
    2135   10.933260  9.9321E-01
    2136   10.935150  9.9319E-01
    2137   10.937040  9.9316E-01
    2138   10.938930  9.9313E-01
    2139   10.940820  9.9309E-01
    2140   10.942710  9.9305E-01
    2141   10.944600  9.9300E-01
    2142   10.946490  9.9294E-01
    2143   10.948380  9.9288E-01
    2144   10.950270  9.9282E-01
    2145   10.952160  9.9275E-01
    2146   10.954050  9.9268E-01
    2147   10.955940  9.9261E-01
    2148   10.957830  9.9253E-01
    2149   10.959720  9.9245E-01
    2150   10.961610  9.9237E-01
    2151   10.963500  9.9229E-01
    2152   10.965390  9.9221E-01
    2153   10.967280  9.9213E-01
    2154   10.969170  9.9205E-01
    2155   10.971060  9.9196E-01
    2156   10.972950  9.9189E-01
    2157   10.974840  9.9181E-01
    2158   10.976730  9.9173E-01
    2159   10.978620  9.9166E-01
    2160   10.980510  9.9159E-01
    2161   10.982400  9.9153E-01
    2162   10.984290  9.9147E-01
    2163   10.986180  9.9141E-01
    2164   10.988070  9.9136E-01
    2165   10.989960  9.9132E-01
    2166   10.991850  9.9128E-01
    2167   10.993740  9.9124E-01
    2168   10.995630  9.9122E-01
    2169   10.997520  9.9119E-01
    2170   10.999410  9.9118E-01
    2171   11.001300  9.9117E-01
    2172   11.003190  9.9117E-01
    2173   11.005080  9.9118E-01
    2174   11.006970  9.9119E-01
    2175   11.008860  9.9121E-01
    2176   11.010750  9.9123E-01
    2177   11.012640  9.9127E-01
    2178   11.014530  9.9130E-01
    2179   11.016420  9.9135E-01
    2180   11.018310  9.9140E-01
    2181   11.020200  9.9145E-01
    2182   11.022090  9.9151E-01
    2183   11.023980  9.9157E-01
    2184   11.025870  9.9164E-01
    2185   11.027760  9.9171E-01
    2186   11.029650  9.9179E-01
    2187   11.031540  9.9186E-01
    2188   11.033430  9.9194E-01
    2189   11.035320  9.9202E-01
    2190   11.037210  9.9211E-01
    2191   11.039100  9.9219E-01
    2192   11.040990  9.9227E-01
    2193   11.042880  9.9236E-01
    2194   11.044770  9.9244E-01
    2195   11.046660  9.9253E-01
    2196   11.048550  9.9261E-01
    2197   11.050440  9.9269E-01
    2198   11.052330  9.9277E-01
    2199   11.054220  9.9285E-01
    2200   11.056110  9.9292E-01
    2201   11.058000  9.9300E-01
    2202   11.059890  9.9307E-01
    2203   11.061780  9.9314E-01
    2204   11.063670  9.9320E-01
    2205   11.065560  9.9327E-01
    2206   11.067450  9.9333E-01
    2207   11.069340  9.9338E-01
    2208   11.071230  9.9343E-01
    2209   11.073120  9.9348E-01
    2210   11.075010  9.9353E-01
    2211   11.076900  9.9357E-01
    2212   11.078790  9.9361E-01
    2213   11.080680  9.9365E-01
    2214   11.082570  9.9369E-01
    2215   11.084460  9.9372E-01
    2216   11.086350  9.9375E-01
    2217   11.088240  9.9377E-01
    2218   11.090130  9.9379E-01
    2219   11.092020  9.9381E-01
    2220   11.093910  9.9383E-01
    2221   11.095800  9.9385E-01
    2222   11.097690  9.9386E-01
    2223   11.099580  9.9387E-01
    2224   11.101470  9.9388E-01
    2225   11.103360  9.9389E-01
    2226   11.105250  9.9389E-01
    2227   11.107140  9.9390E-01
    2228   11.109030  9.9390E-01
    2229   11.110920  9.9390E-01
    2230   11.112810  9.9390E-01
    2231   11.114700  9.9390E-01
    2232   11.116590  9.9390E-01
    2233   11.118480  9.9389E-01
    2234   11.120370  9.9389E-01
    2235   11.122260  9.9388E-01
    2236   11.124150  9.9388E-01
    2237   11.126040  9.9387E-01
    2238   11.127930  9.9386E-01
    2239   11.129820  9.9386E-01
    2240   11.131710  9.9385E-01
    2241   11.133600  9.9384E-01
    2242   11.135490  9.9383E-01
    2243   11.137380  9.9382E-01
    2244   11.139270  9.9381E-01
    2245   11.141160  9.9380E-01
    2246   11.143050  9.9378E-01
    2247   11.144940  9.9377E-01
    2248   11.146830  9.9376E-01
    2249   11.148720  9.9374E-01
    2250   11.150610  9.9373E-01
    2251   11.152500  9.9371E-01
    2252   11.154390  9.9370E-01
    2253   11.156280  9.9368E-01
    2254   11.158170  9.9366E-01
    2255   11.160060  9.9364E-01
    2256   11.161950  9.9362E-01
    2257   11.163840  9.9359E-01
    2258   11.165730  9.9357E-01
    2259   11.167620  9.9354E-01
    2260   11.169510  9.9351E-01
    2261   11.171400  9.9348E-01
    2262   11.173290  9.9344E-01
    2263   11.175180  9.9341E-01
    2264   11.177070  9.9337E-01
    2265   11.178960  9.9332E-01
    2266   11.180850  9.9328E-01
    2267   11.182740  9.9323E-01
    2268   11.184630  9.9317E-01
    2269   11.186520  9.9312E-01
    2270   11.188410  9.9306E-01
    2271   11.190300  9.9299E-01
    2272   11.192190  9.9292E-01
    2273   11.194080  9.9285E-01
    2274   11.195970  9.9277E-01
    2275   11.197860  9.9269E-01
    2276   11.199750  9.9260E-01
    2277   11.201640  9.9251E-01
    2278   11.203530  9.9241E-01
    2279   11.205420  9.9231E-01
    2280   11.207310  9.9221E-01
    2281   11.209200  9.9210E-01
    2282   11.211090  9.9198E-01
    2283   11.212980  9.9187E-01
    2284   11.214870  9.9174E-01
    2285   11.216760  9.9162E-01
    2286   11.218650  9.9149E-01
    2287   11.220540  9.9136E-01
    2288   11.222430  9.9122E-01
    2289   11.224320  9.9108E-01
    2290   11.226210  9.9094E-01
    2291   11.228100  9.9080E-01
    2292   11.229990  9.9066E-01
    2293   11.231880  9.9052E-01
    2294   11.233770  9.9038E-01
    2295   11.235660  9.9023E-01
    2296   11.237550  9.9009E-01
    2297   11.239440  9.8995E-01
    2298   11.241330  9.8981E-01
    2299   11.243220  9.8968E-01
    2300   11.245110  9.8955E-01
    2301   11.247000  9.8942E-01
    2302   11.248890  9.8930E-01
    2303   11.250780  9.8918E-01
    2304   11.252670  9.8907E-01
    2305   11.254560  9.8896E-01
    2306   11.256450  9.8887E-01
    2307   11.258340  9.8877E-01
    2308   11.260230  9.8869E-01
    2309   11.262120  9.8861E-01
    2310   11.264010  9.8854E-01
    2311   11.265900  9.8848E-01
    2312   11.267790  9.8843E-01
    2313   11.269680  9.8839E-01
    2314   11.271570  9.8836E-01
    2315   11.273460  9.8833E-01
    2316   11.275350  9.8831E-01
    2317   11.277240  9.8831E-01
    2318   11.279130  9.8831E-01
    2319   11.281020  9.8832E-01
    2320   11.282910  9.8833E-01
    2321   11.284800  9.8836E-01
    2322   11.286690  9.8839E-01
    2323   11.288580  9.8843E-01
    2324   11.290470  9.8847E-01
    2325   11.292360  9.8853E-01
    2326   11.294250  9.8858E-01
    2327   11.296140  9.8864E-01
    2328   11.298030  9.8871E-01
    2329   11.299920  9.8878E-01
    2330   11.301810  9.8886E-01
    2331   11.303700  9.8893E-01
    2332   11.305590  9.8901E-01
    2333   11.307480  9.8909E-01
    2334   11.309370  9.8917E-01
    2335   11.311260  9.8926E-01
    2336   11.313150  9.8934E-01
    2337   11.315040  9.8942E-01
    2338   11.316930  9.8950E-01
    2339   11.318820  9.8959E-01
    2340   11.320710  9.8966E-01
    2341   11.322600  9.8974E-01
    2342   11.324490  9.8982E-01
    2343   11.326380  9.8989E-01
    2344   11.328270  9.8996E-01
    2345   11.330160  9.9003E-01
    2346   11.332050  9.9009E-01
    2347   11.333940  9.9016E-01
    2348   11.335830  9.9021E-01
    2349   11.337720  9.9027E-01
    2350   11.339610  9.9032E-01
    2351   11.341500  9.9037E-01
    2352   11.343390  9.9042E-01
    2353   11.345280  9.9046E-01
    2354   11.347170  9.9050E-01
    2355   11.349060  9.9053E-01
    2356   11.350950  9.9057E-01
    2357   11.352840  9.9060E-01
    2358   11.354730  9.9062E-01
    2359   11.356620  9.9065E-01
    2360   11.358510  9.9067E-01
    2361   11.360400  9.9069E-01
    2362   11.362290  9.9071E-01
    2363   11.364180  9.9072E-01
    2364   11.366070  9.9073E-01
    2365   11.367960  9.9074E-01
    2366   11.369850  9.9075E-01
    2367   11.371740  9.9076E-01
    2368   11.373630  9.9076E-01
    2369   11.375520  9.9076E-01
    2370   11.377410  9.9076E-01
    2371   11.379300  9.9075E-01
    2372   11.381190  9.9074E-01
    2373   11.383080  9.9073E-01
    2374   11.384970  9.9072E-01
    2375   11.386860  9.9070E-01
    2376   11.388750  9.9068E-01
    2377   11.390640  9.9066E-01
    2378   11.392530  9.9063E-01
    2379   11.394420  9.9060E-01
    2380   11.396310  9.9056E-01
    2381   11.398200  9.9052E-01
    2382   11.400090  9.9047E-01
    2383   11.401980  9.9042E-01
    2384   11.403870  9.9037E-01
    2385   11.405760  9.9030E-01
    2386   11.407650  9.9023E-01
    2387   11.409540  9.9016E-01
    2388   11.411430  9.9008E-01
    2389   11.413320  9.8999E-01
    2390   11.415210  9.8990E-01
    2391   11.417100  9.8980E-01
    2392   11.418990  9.8970E-01
    2393   11.420880  9.8958E-01
    2394   11.422770  9.8947E-01
    2395   11.424660  9.8934E-01
    2396   11.426550  9.8922E-01
    2397   11.428440  9.8908E-01
    2398   11.430330  9.8894E-01
    2399   11.432220  9.8880E-01
    2400   11.434110  9.8866E-01
    2401   11.436000  9.8851E-01
    2402   11.437890  9.8836E-01
    2403   11.439780  9.8821E-01
    2404   11.441670  9.8805E-01
    2405   11.443560  9.8790E-01
    2406   11.445450  9.8775E-01
    2407   11.447340  9.8760E-01
    2408   11.449230  9.8745E-01
    2409   11.451120  9.8730E-01
    2410   11.453010  9.8716E-01
    2411   11.454900  9.8703E-01
    2412   11.456790  9.8690E-01
    2413   11.458680  9.8677E-01
    2414   11.460570  9.8666E-01
    2415   11.462460  9.8655E-01
    2416   11.464350  9.8645E-01
    2417   11.466240  9.8636E-01
    2418   11.468130  9.8628E-01
    2419   11.470020  9.8621E-01
    2420   11.471910  9.8615E-01
    2421   11.473800  9.8610E-01
    2422   11.475690  9.8607E-01
    2423   11.477580  9.8604E-01
    2424   11.479470  9.8603E-01
    2425   11.481360  9.8603E-01
    2426   11.483250  9.8604E-01
    2427   11.485140  9.8606E-01
    2428   11.487030  9.8609E-01
    2429   11.488920  9.8613E-01
    2430   11.490810  9.8619E-01
    2431   11.492700  9.8625E-01
    2432   11.494590  9.8632E-01
    2433   11.496480  9.8640E-01
    2434   11.498370  9.8649E-01
    2435   11.500260  9.8658E-01
    2436   11.502150  9.8669E-01
    2437   11.504040  9.8679E-01
    2438   11.505930  9.8691E-01
    2439   11.507820  9.8703E-01
    2440   11.509710  9.8715E-01
    2441   11.511600  9.8727E-01
    2442   11.513490  9.8740E-01
    2443   11.515380  9.8752E-01
    2444   11.517270  9.8765E-01
    2445   11.519160  9.8778E-01
    2446   11.521050  9.8791E-01
    2447   11.522940  9.8803E-01
    2448   11.524830  9.8816E-01
    2449   11.526720  9.8828E-01
    2450   11.528610  9.8840E-01
    2451   11.530500  9.8852E-01
    2452   11.532390  9.8863E-01
    2453   11.534280  9.8874E-01
    2454   11.536170  9.8885E-01
    2455   11.538060  9.8896E-01
    2456   11.539950  9.8906E-01
    2457   11.541840  9.8915E-01
    2458   11.543730  9.8925E-01
    2459   11.545620  9.8933E-01
    2460   11.547510  9.8942E-01
    2461   11.549400  9.8950E-01
    2462   11.551290  9.8958E-01
    2463   11.553180  9.8965E-01
    2464   11.555070  9.8972E-01
    2465   11.556960  9.8979E-01
    2466   11.558850  9.8985E-01
    2467   11.560740  9.8991E-01
    2468   11.562630  9.8997E-01
    2469   11.564520  9.9002E-01
    2470   11.566410  9.9007E-01
    2471   11.568300  9.9012E-01
    2472   11.570190  9.9017E-01
    2473   11.572080  9.9021E-01
    2474   11.573970  9.9025E-01
    2475   11.575860  9.9029E-01
    2476   11.577750  9.9033E-01
    2477   11.579640  9.9036E-01
    2478   11.581530  9.9039E-01
    2479   11.583420  9.9042E-01
    2480   11.585310  9.9045E-01
    2481   11.587200  9.9047E-01
    2482   11.589090  9.9049E-01
    2483   11.590980  9.9051E-01
    2484   11.592870  9.9053E-01
    2485   11.594760  9.9054E-01
    2486   11.596650  9.9055E-01
    2487   11.598540  9.9055E-01
    2488   11.600430  9.9056E-01
    2489   11.602320  9.9056E-01
    2490   11.604210  9.9055E-01
    2491   11.606100  9.9054E-01
    2492   11.607990  9.9053E-01
    2493   11.609880  9.9052E-01
    2494   11.611770  9.9050E-01
    2495   11.613660  9.9047E-01
    2496   11.615550  9.9044E-01
    2497   11.617440  9.9041E-01
    2498   11.619330  9.9037E-01
    2499   11.621220  9.9032E-01
    2500   11.623110  9.9027E-01
    2501   11.625000  9.9022E-01
    2502   11.626890  9.9015E-01
    2503   11.628780  9.9008E-01
    2504   11.630670  9.9001E-01
    2505   11.632560  9.8993E-01
    2506   11.634450  9.8984E-01
    2507   11.636340  9.8974E-01
    2508   11.638230  9.8963E-01
    2509   11.640120  9.8952E-01
    2510   11.642010  9.8940E-01
    2511   11.643900  9.8927E-01
    2512   11.645790  9.8913E-01
    2513   11.647680  9.8898E-01
    2514   11.649570  9.8882E-01
    2515   11.651460  9.8865E-01
    2516   11.653350  9.8847E-01
    2517   11.655240  9.8828E-01
    2518   11.657130  9.8809E-01
    2519   11.659020  9.8788E-01
    2520   11.660910  9.8766E-01
    2521   11.662800  9.8743E-01
    2522   11.664690  9.8718E-01
    2523   11.666580  9.8693E-01
    2524   11.668470  9.8667E-01
    2525   11.670360  9.8640E-01
    2526   11.672250  9.8611E-01
    2527   11.674140  9.8582E-01
    2528   11.676030  9.8552E-01
    2529   11.677920  9.8521E-01
    2530   11.679810  9.8488E-01
    2531   11.681700  9.8455E-01
    2532   11.683590  9.8422E-01
    2533   11.685480  9.8387E-01
    2534   11.687370  9.8352E-01
    2535   11.689260  9.8316E-01
    2536   11.691150  9.8280E-01
    2537   11.693040  9.8244E-01
    2538   11.694930  9.8207E-01
    2539   11.696820  9.8170E-01
    2540   11.698710  9.8132E-01
    2541   11.700600  9.8095E-01
    2542   11.702490  9.8058E-01
    2543   11.704380  9.8021E-01
    2544   11.706270  9.7985E-01
    2545   11.708160  9.7949E-01
    2546   11.710050  9.7913E-01
    2547   11.711940  9.7878E-01
    2548   11.713830  9.7845E-01
    2549   11.715720  9.7812E-01
    2550   11.717610  9.7780E-01
    2551   11.719500  9.7749E-01
    2552   11.721390  9.7720E-01
    2553   11.723280  9.7692E-01
    2554   11.725170  9.7666E-01
    2555   11.727060  9.7641E-01
    2556   11.728950  9.7618E-01
    2557   11.730840  9.7597E-01
    2558   11.732730  9.7578E-01
    2559   11.734620  9.7561E-01
    2560   11.736510  9.7546E-01
    2561   11.738400  9.7533E-01
    2562   11.740290  9.7522E-01
    2563   11.742180  9.7514E-01
    2564   11.744070  9.7508E-01
    2565   11.745960  9.7504E-01
    2566   11.747850  9.7502E-01
    2567   11.749740  9.7503E-01
    2568   11.751630  9.7506E-01
    2569   11.753520  9.7512E-01
    2570   11.755410  9.7519E-01
    2571   11.757300  9.7529E-01
    2572   11.759190  9.7541E-01
    2573   11.761080  9.7556E-01
    2574   11.762970  9.7572E-01
    2575   11.764860  9.7591E-01
    2576   11.766750  9.7611E-01
    2577   11.768640  9.7633E-01
    2578   11.770530  9.7657E-01
    2579   11.772420  9.7683E-01
    2580   11.774310  9.7710E-01
    2581   11.776200  9.7739E-01
    2582   11.778090  9.7768E-01
    2583   11.779980  9.7799E-01
    2584   11.781870  9.7831E-01
    2585   11.783760  9.7864E-01
    2586   11.785650  9.7898E-01
    2587   11.787540  9.7932E-01
    2588   11.789430  9.7966E-01
    2589   11.791320  9.8001E-01
    2590   11.793210  9.8036E-01
    2591   11.795100  9.8071E-01
    2592   11.796990  9.8105E-01
    2593   11.798880  9.8140E-01
    2594   11.800770  9.8173E-01
    2595   11.802660  9.8207E-01
    2596   11.804550  9.8239E-01
    2597   11.806440  9.8271E-01
    2598   11.808330  9.8301E-01
    2599   11.810220  9.8331E-01
    2600   11.812110  9.8359E-01
    2601   11.814000  9.8386E-01
    2602   11.815890  9.8411E-01
    2603   11.817780  9.8435E-01
    2604   11.819670  9.8457E-01
    2605   11.821560  9.8478E-01
    2606   11.823450  9.8497E-01
    2607   11.825340  9.8514E-01
    2608   11.827230  9.8530E-01
    2609   11.829120  9.8544E-01
    2610   11.831010  9.8555E-01
    2611   11.832900  9.8565E-01
    2612   11.834790  9.8573E-01
    2613   11.836680  9.8580E-01
    2614   11.838570  9.8584E-01
    2615   11.840460  9.8586E-01
    2616   11.842350  9.8587E-01
    2617   11.844240  9.8586E-01
    2618   11.846130  9.8583E-01
    2619   11.848020  9.8578E-01
    2620   11.849910  9.8572E-01
    2621   11.851800  9.8564E-01
    2622   11.853690  9.8554E-01
    2623   11.855580  9.8543E-01
    2624   11.857470  9.8530E-01
    2625   11.859360  9.8515E-01
    2626   11.861250  9.8499E-01
    2627   11.863140  9.8482E-01
    2628   11.865030  9.8462E-01
    2629   11.866920  9.8441E-01
    2630   11.868810  9.8419E-01
    2631   11.870700  9.8394E-01
    2632   11.872590  9.8368E-01
    2633   11.874480  9.8340E-01
    2634   11.876370  9.8309E-01
    2635   11.878260  9.8276E-01
    2636   11.880150  9.8241E-01
    2637   11.882040  9.8202E-01
    2638   11.883930  9.8161E-01
    2639   11.885820  9.8115E-01
    2640   11.887710  9.8066E-01
    2641   11.889600  9.8012E-01
    2642   11.891490  9.7953E-01
    2643   11.893380  9.7888E-01
    2644   11.895270  9.7817E-01
    2645   11.897160  9.7738E-01
    2646   11.899050  9.7651E-01
    2647   11.900940  9.7556E-01
    2648   11.902830  9.7450E-01
    2649   11.904720  9.7334E-01
    2650   11.906610  9.7205E-01
    2651   11.908500  9.7062E-01
    2652   11.910390  9.6905E-01
    2653   11.912280  9.6732E-01
    2654   11.914170  9.6541E-01
    2655   11.916060  9.6330E-01
    2656   11.917950  9.6099E-01
    2657   11.919840  9.5845E-01
    2658   11.921730  9.5567E-01
    2659   11.923620  9.5263E-01
    2660   11.925510  9.4931E-01
    2661   11.927400  9.4568E-01
    2662   11.929290  9.4175E-01
    2663   11.931180  9.3747E-01
    2664   11.933070  9.3284E-01
    2665   11.934960  9.2783E-01
    2666   11.936850  9.2243E-01
    2667   11.938740  9.1662E-01
    2668   11.940630  9.1037E-01
    2669   11.942520  9.0368E-01
    2670   11.944410  8.9653E-01
    2671   11.946300  8.8891E-01
    2672   11.948190  8.8079E-01
    2673   11.950080  8.7217E-01
    2674   11.951970  8.6303E-01
    2675   11.953860  8.5338E-01
    2676   11.955750  8.4320E-01
    2677   11.957640  8.3248E-01
    2678   11.959530  8.2123E-01
    2679   11.961420  8.0945E-01
    2680   11.963310  7.9714E-01
    2681   11.965200  7.8430E-01
    2682   11.967090  7.7094E-01
    2683   11.968980  7.5707E-01
    2684   11.970870  7.4271E-01
    2685   11.972760  7.2787E-01
    2686   11.974650  7.1257E-01
    2687   11.976540  6.9683E-01
    2688   11.978430  6.8068E-01
    2689   11.980320  6.6414E-01
    2690   11.982210  6.4724E-01
    2691   11.984100  6.3002E-01
    2692   11.985990  6.1249E-01
    2693   11.987880  5.9471E-01
    2694   11.989770  5.7671E-01
    2695   11.991660  5.5851E-01
    2696   11.993550  5.4017E-01
    2697   11.995440  5.2173E-01
    2698   11.997330  5.0322E-01
    2699   11.999220  4.8469E-01
