       1    6.900000  0.0000E+00
       2    6.901890  0.0000E+00
       3    6.903780  0.0000E+00
       4    6.905670  0.0000E+00
       5    6.907560  0.0000E+00
       6    6.909450  0.0000E+00
       7    6.911340  0.0000E+00
       8    6.913230  0.0000E+00
       9    6.915120  0.0000E+00
      10    6.917010  0.0000E+00
      11    6.918900  0.0000E+00
      12    6.920790  0.0000E+00
      13    6.922680  0.0000E+00
      14    6.924570  0.0000E+00
      15    6.926460  0.0000E+00
      16    6.928350  0.0000E+00
      17    6.930240  0.0000E+00
      18    6.932130  0.0000E+00
      19    6.934020  0.0000E+00
      20    6.935910  0.0000E+00
      21    6.937800  0.0000E+00
      22    6.939690  0.0000E+00
      23    6.941580  0.0000E+00
      24    6.943470  0.0000E+00
      25    6.945360  0.0000E+00
      26    6.947250  0.0000E+00
      27    6.949140  4.0585E-17
      28    6.951030  1.0441E-16
      29    6.952920  1.4513E-16
      30    6.954810  2.0128E-16
      31    6.956700  3.5789E-16
      32    6.958590  6.2423E-16
      33    6.960480  9.0493E-16
      34    6.962370  1.2488E-15
      35    6.964260  1.7197E-15
      36    6.966150  2.3628E-15
      37    6.968040  3.2394E-15
      38    6.969930  4.4315E-15
      39    6.971820  6.0489E-15
      40    6.973710  8.2385E-15
      41    6.975600  1.1196E-14
      42    6.977490  1.5182E-14
      43    6.979380  2.0542E-14
      44    6.981270  2.7734E-14
      45    6.983160  3.7360E-14
      46    6.985050  5.0219E-14
      47    6.986940  6.7354E-14
      48    6.988830  9.0138E-14
      49    6.990720  1.2037E-13
      50    6.992610  1.6038E-13
      51    6.994500  2.1322E-13
      52    6.996390  2.8285E-13
      53    6.998280  3.7440E-13
      54    7.000170  4.9450E-13
      55    7.002060  6.5169E-13
      56    7.003950  8.5695E-13
      57    7.005840  1.1244E-12
      58    7.007730  1.4721E-12
      59    7.009620  1.9231E-12
      60    7.011510  2.5067E-12
      61    7.013400  3.2603E-12
      62    7.015290  4.2312E-12
      63    7.017180  5.4791E-12
      64    7.019070  7.0795E-12
      65    7.020960  9.1273E-12
      66    7.022850  1.1742E-11
      67    7.024740  1.5072E-11
      68    7.026630  1.9304E-11
      69    7.028520  2.4670E-11
      70    7.030410  3.1459E-11
      71    7.032300  4.0029E-11
      72    7.034190  5.0821E-11
      73    7.036080  6.4381E-11
      74    7.037970  8.1380E-11
      75    7.039860  1.0264E-10
      76    7.041750  1.2918E-10
      77    7.043640  1.6221E-10
      78    7.045530  2.0325E-10
      79    7.047420  2.5412E-10
      80    7.049310  3.1701E-10
      81    7.051200  3.9461E-10
      82    7.053090  4.9012E-10
      83    7.054980  6.0742E-10
      84    7.056870  7.5114E-10
      85    7.058760  9.2683E-10
      86    7.060650  1.1411E-09
      87    7.062540  1.4018E-09
      88    7.064430  1.7184E-09
      89    7.066320  2.1018E-09
      90    7.068210  2.5650E-09
      91    7.070100  3.1236E-09
      92    7.071990  3.7954E-09
      93    7.073880  4.6016E-09
      94    7.075770  5.5669E-09
      95    7.077660  6.7198E-09
      96    7.079550  8.0938E-09
      97    7.081440  9.7273E-09
      98    7.083330  1.1665E-08
      99    7.085220  1.3958E-08
     100    7.087110  1.6665E-08
     101    7.089000  1.9853E-08
     102    7.090890  2.3599E-08
     103    7.092780  2.7991E-08
     104    7.094670  3.3127E-08
     105    7.096560  3.9120E-08
     106    7.098450  4.6096E-08
     107    7.100340  5.4196E-08
     108    7.102230  6.3581E-08
     109    7.104120  7.4426E-08
     110    7.106010  8.6931E-08
     111    7.107900  1.0131E-07
     112    7.109790  1.1782E-07
     113    7.111680  1.3671E-07
     114    7.113570  1.5828E-07
     115    7.115460  1.8286E-07
     116    7.117350  2.1079E-07
     117    7.119240  2.4245E-07
     118    7.121130  2.7826E-07
     119    7.123020  3.1865E-07
     120    7.124910  3.6411E-07
     121    7.126800  4.1514E-07
     122    7.128690  4.7229E-07
     123    7.130580  5.3612E-07
     124    7.132470  6.0725E-07
     125    7.134360  6.8630E-07
     126    7.136250  7.7395E-07
     127    7.138140  8.7088E-07
     128    7.140030  9.7780E-07
     129    7.141920  1.0954E-06
     130    7.143810  1.2245E-06
     131    7.145700  1.3659E-06
     132    7.147590  1.5201E-06
     133    7.149480  1.6882E-06
     134    7.151370  1.8706E-06
     135    7.153260  2.0683E-06
     136    7.155150  2.2818E-06
     137    7.157040  2.5119E-06
     138    7.158930  2.7591E-06
     139    7.160820  3.0240E-06
     140    7.162710  3.3070E-06
     141    7.164600  3.6087E-06
     142    7.166490  3.9292E-06
     143    7.168380  4.2689E-06
     144    7.170270  4.6278E-06
     145    7.172160  5.0059E-06
     146    7.174050  5.4030E-06
     147    7.175940  5.8190E-06
     148    7.177830  6.2533E-06
     149    7.179720  6.7053E-06
     150    7.181610  7.1744E-06
     151    7.183500  7.6596E-06
     152    7.185390  8.1598E-06
     153    7.187280  8.6737E-06
     154    7.189170  9.2001E-06
     155    7.191060  9.7373E-06
     156    7.192950  1.0284E-05
     157    7.194840  1.0837E-05
     158    7.196730  1.1396E-05
     159    7.198620  1.1958E-05
     160    7.200510  1.2520E-05
     161    7.202400  1.3081E-05
     162    7.204290  1.3639E-05
     163    7.206180  1.4190E-05
     164    7.208070  1.4732E-05
     165    7.209960  1.5263E-05
     166    7.211850  1.5781E-05
     167    7.213740  1.6283E-05
     168    7.215630  1.6766E-05
     169    7.217520  1.7230E-05
     170    7.219410  1.7671E-05
     171    7.221300  1.8088E-05
     172    7.223190  1.8480E-05
     173    7.225080  1.8846E-05
     174    7.226970  1.9185E-05
     175    7.228860  1.9495E-05
     176    7.230750  1.9778E-05
     177    7.232640  2.0033E-05
     178    7.234530  2.0262E-05
     179    7.236420  2.0465E-05
     180    7.238310  2.0645E-05
     181    7.240200  2.0804E-05
     182    7.242090  2.0944E-05
     183    7.243980  2.1071E-05
     184    7.245870  2.1188E-05
     185    7.247760  2.1300E-05
     186    7.249650  2.1414E-05
     187    7.251540  2.1537E-05
     188    7.253430  2.1675E-05
     189    7.255320  2.1837E-05
     190    7.257210  2.2034E-05
     191    7.259100  2.2275E-05
     192    7.260990  2.2572E-05
     193    7.262880  2.2937E-05
     194    7.264770  2.3384E-05
     195    7.266660  2.3928E-05
     196    7.268550  2.4585E-05
     197    7.270440  2.5372E-05
     198    7.272330  2.6308E-05
     199    7.274220  2.7412E-05
     200    7.276110  2.8707E-05
     201    7.278000  3.0215E-05
     202    7.279890  3.1960E-05
     203    7.281780  3.3968E-05
     204    7.283670  3.6266E-05
     205    7.285560  3.8884E-05
     206    7.287450  4.1852E-05
     207    7.289340  4.5203E-05
     208    7.291230  4.8970E-05
     209    7.293120  5.3189E-05
     210    7.295010  5.7896E-05
     211    7.296900  6.3131E-05
     212    7.298790  6.8934E-05
     213    7.300680  7.5347E-05
     214    7.302570  8.2411E-05
     215    7.304460  9.0172E-05
     216    7.306350  9.8675E-05
     217    7.308240  1.0797E-04
     218    7.310130  1.1809E-04
     219    7.312020  1.2910E-04
     220    7.313910  1.4103E-04
     221    7.315800  1.5395E-04
     222    7.317690  1.6789E-04
     223    7.319580  1.8290E-04
     224    7.321470  1.9903E-04
     225    7.323360  2.1632E-04
     226    7.325250  2.3482E-04
     227    7.327140  2.5457E-04
     228    7.329030  2.7560E-04
     229    7.330920  2.9796E-04
     230    7.332810  3.2167E-04
     231    7.334700  3.4678E-04
     232    7.336590  3.7329E-04
     233    7.338480  4.0125E-04
     234    7.340370  4.3065E-04
     235    7.342260  4.6153E-04
     236    7.344150  4.9387E-04
     237    7.346040  5.2769E-04
     238    7.347930  5.6299E-04
     239    7.349820  5.9974E-04
     240    7.351710  6.3795E-04
     241    7.353600  6.7758E-04
     242    7.355490  7.1862E-04
     243    7.357380  7.6102E-04
     244    7.359270  8.0475E-04
     245    7.361160  8.4978E-04
     246    7.363050  8.9605E-04
     247    7.364940  9.4350E-04
     248    7.366830  9.9210E-04
     249    7.368720  1.0418E-03
     250    7.370610  1.0925E-03
     251    7.372500  1.1441E-03
     252    7.374390  1.1967E-03
     253    7.376280  1.2501E-03
     254    7.378170  1.3043E-03
     255    7.380060  1.3593E-03
     256    7.381950  1.4150E-03
     257    7.383840  1.4713E-03
     258    7.385730  1.5283E-03
     259    7.387620  1.5860E-03
     260    7.389510  1.6443E-03
     261    7.391400  1.7033E-03
     262    7.393290  1.7630E-03
     263    7.395180  1.8234E-03
     264    7.397070  1.8848E-03
     265    7.398960  1.9471E-03
     266    7.400850  2.0105E-03
     267    7.402740  2.0751E-03
     268    7.404630  2.1413E-03
     269    7.406520  2.2091E-03
     270    7.408410  2.2788E-03
     271    7.410300  2.3508E-03
     272    7.412190  2.4253E-03
     273    7.414080  2.5028E-03
     274    7.415970  2.5835E-03
     275    7.417860  2.6680E-03
     276    7.419750  2.7566E-03
     277    7.421640  2.8499E-03
     278    7.423530  2.9483E-03
     279    7.425420  3.0525E-03
     280    7.427310  3.1629E-03
     281    7.429200  3.2802E-03
     282    7.431090  3.4049E-03
     283    7.432980  3.5377E-03
     284    7.434870  3.6790E-03
     285    7.436760  3.8296E-03
     286    7.438650  3.9900E-03
     287    7.440540  4.1608E-03
     288    7.442430  4.3425E-03
     289    7.444320  4.5357E-03
     290    7.446210  4.7408E-03
     291    7.448100  4.9582E-03
     292    7.449990  5.1883E-03
     293    7.451880  5.4315E-03
     294    7.453770  5.6880E-03
     295    7.455660  5.9579E-03
     296    7.457550  6.2414E-03
     297    7.459440  6.5383E-03
     298    7.461330  6.8486E-03
     299    7.463220  7.1721E-03
     300    7.465110  7.5084E-03
     301    7.467000  7.8571E-03
     302    7.468890  8.2176E-03
     303    7.470780  8.5893E-03
     304    7.472670  8.9713E-03
     305    7.474560  9.3628E-03
     306    7.476450  9.7627E-03
     307    7.478340  1.0170E-02
     308    7.480230  1.0583E-02
     309    7.482120  1.1001E-02
     310    7.484010  1.1421E-02
     311    7.485900  1.1844E-02
     312    7.487790  1.2266E-02
     313    7.489680  1.2687E-02
     314    7.491570  1.3104E-02
     315    7.493460  1.3515E-02
     316    7.495350  1.3920E-02
     317    7.497240  1.4315E-02
     318    7.499130  1.4699E-02
     319    7.501020  1.5071E-02
     320    7.502910  1.5427E-02
     321    7.504800  1.5767E-02
     322    7.506690  1.6089E-02
     323    7.508580  1.6391E-02
     324    7.510470  1.6671E-02
     325    7.512360  1.6927E-02
     326    7.514250  1.7160E-02
     327    7.516140  1.7366E-02
     328    7.518030  1.7546E-02
     329    7.519920  1.7697E-02
     330    7.521810  1.7820E-02
     331    7.523700  1.7914E-02
     332    7.525590  1.7978E-02
     333    7.527480  1.8012E-02
     334    7.529370  1.8015E-02
     335    7.531260  1.7989E-02
     336    7.533150  1.7933E-02
     337    7.535040  1.7848E-02
     338    7.536930  1.7734E-02
     339    7.538820  1.7592E-02
     340    7.540710  1.7424E-02
     341    7.542600  1.7230E-02
     342    7.544490  1.7012E-02
     343    7.546380  1.6772E-02
     344    7.548270  1.6511E-02
     345    7.550160  1.6231E-02
     346    7.552050  1.5933E-02
     347    7.553940  1.5621E-02
     348    7.555830  1.5295E-02
     349    7.557720  1.4959E-02
     350    7.559610  1.4615E-02
     351    7.561500  1.4264E-02
     352    7.563390  1.3909E-02
     353    7.565280  1.3553E-02
     354    7.567170  1.3197E-02
     355    7.569060  1.2845E-02
     356    7.570950  1.2498E-02
     357    7.572840  1.2158E-02
     358    7.574730  1.1829E-02
     359    7.576620  1.1512E-02
     360    7.578510  1.1209E-02
     361    7.580400  1.0922E-02
     362    7.582290  1.0653E-02
     363    7.584180  1.0404E-02
     364    7.586070  1.0177E-02
     365    7.587960  9.9735E-03
     366    7.589850  9.7947E-03
     367    7.591740  9.6424E-03
     368    7.593630  9.5178E-03
     369    7.595520  9.4222E-03
     370    7.597410  9.3567E-03
     371    7.599300  9.3224E-03
     372    7.601190  9.3203E-03
     373    7.603080  9.3511E-03
     374    7.604970  9.4157E-03
     375    7.606860  9.5146E-03
     376    7.608750  9.6486E-03
     377    7.610640  9.8180E-03
     378    7.612530  1.0023E-02
     379    7.614420  1.0265E-02
     380    7.616310  1.0542E-02
     381    7.618200  1.0856E-02
     382    7.620090  1.1207E-02
     383    7.621980  1.1594E-02
     384    7.623870  1.2018E-02
     385    7.625760  1.2477E-02
     386    7.627650  1.2973E-02
     387    7.629540  1.3503E-02
     388    7.631430  1.4069E-02
     389    7.633320  1.4668E-02
     390    7.635210  1.5301E-02
     391    7.637100  1.5966E-02
     392    7.638990  1.6663E-02
     393    7.640880  1.7389E-02
     394    7.642770  1.8145E-02
     395    7.644660  1.8929E-02
     396    7.646550  1.9739E-02
     397    7.648440  2.0573E-02
     398    7.650330  2.1430E-02
     399    7.652220  2.2308E-02
     400    7.654110  2.3205E-02
     401    7.656000  2.4118E-02
     402    7.657890  2.5046E-02
     403    7.659780  2.5986E-02
     404    7.661670  2.6936E-02
     405    7.663560  2.7894E-02
     406    7.665450  2.8856E-02
     407    7.667340  2.9820E-02
     408    7.669230  3.0784E-02
     409    7.671120  3.1745E-02
     410    7.673010  3.2700E-02
     411    7.674900  3.3646E-02
     412    7.676790  3.4582E-02
     413    7.678680  3.5505E-02
     414    7.680570  3.6411E-02
     415    7.682460  3.7300E-02
     416    7.684350  3.8168E-02
     417    7.686240  3.9014E-02
     418    7.688130  3.9836E-02
     419    7.690020  4.0632E-02
     420    7.691910  4.1401E-02
     421    7.693800  4.2140E-02
     422    7.695690  4.2850E-02
     423    7.697580  4.3529E-02
     424    7.699470  4.4177E-02
     425    7.701360  4.4793E-02
     426    7.703250  4.5377E-02
     427    7.705140  4.5930E-02
     428    7.707030  4.6451E-02
     429    7.708920  4.6941E-02
     430    7.710810  4.7402E-02
     431    7.712700  4.7834E-02
     432    7.714590  4.8239E-02
     433    7.716480  4.8618E-02
     434    7.718370  4.8973E-02
     435    7.720260  4.9306E-02
     436    7.722150  4.9619E-02
     437    7.724040  4.9916E-02
     438    7.725930  5.0197E-02
     439    7.727820  5.0466E-02
     440    7.729710  5.0725E-02
     441    7.731600  5.0977E-02
     442    7.733490  5.1226E-02
     443    7.735380  5.1473E-02
     444    7.737270  5.1722E-02
     445    7.739160  5.1976E-02
     446    7.741050  5.2237E-02
     447    7.742940  5.2508E-02
     448    7.744830  5.2791E-02
     449    7.746720  5.3090E-02
     450    7.748610  5.3405E-02
     451    7.750500  5.3740E-02
     452    7.752390  5.4096E-02
     453    7.754280  5.4474E-02
     454    7.756170  5.4877E-02
     455    7.758060  5.5304E-02
     456    7.759950  5.5757E-02
     457    7.761840  5.6237E-02
     458    7.763730  5.6742E-02
     459    7.765620  5.7273E-02
     460    7.767510  5.7829E-02
     461    7.769400  5.8410E-02
     462    7.771290  5.9013E-02
     463    7.773180  5.9637E-02
     464    7.775070  6.0280E-02
     465    7.776960  6.0940E-02
     466    7.778850  6.1612E-02
     467    7.780740  6.2296E-02
     468    7.782630  6.2986E-02
     469    7.784520  6.3679E-02
     470    7.786410  6.4372E-02
     471    7.788300  6.5060E-02
     472    7.790190  6.5738E-02
     473    7.792080  6.6403E-02
     474    7.793970  6.7049E-02
     475    7.795860  6.7672E-02
     476    7.797750  6.8267E-02
     477    7.799640  6.8830E-02
     478    7.801530  6.9355E-02
     479    7.803420  6.9839E-02
     480    7.805310  7.0278E-02
     481    7.807200  7.0666E-02
     482    7.809090  7.1001E-02
     483    7.810980  7.1279E-02
     484    7.812870  7.1497E-02
     485    7.814760  7.1652E-02
     486    7.816650  7.1742E-02
     487    7.818540  7.1767E-02
     488    7.820430  7.1724E-02
     489    7.822320  7.1612E-02
     490    7.824210  7.1433E-02
     491    7.826100  7.1187E-02
     492    7.827990  7.0875E-02
     493    7.829880  7.0498E-02
     494    7.831770  7.0060E-02
     495    7.833660  6.9563E-02
     496    7.835550  6.9012E-02
     497    7.837440  6.8410E-02
     498    7.839330  6.7763E-02
     499    7.841220  6.7075E-02
     500    7.843110  6.6353E-02
     501    7.845000  6.5604E-02
     502    7.846890  6.4834E-02
     503    7.848780  6.4050E-02
     504    7.850670  6.3260E-02
     505    7.852560  6.2472E-02
     506    7.854450  6.1693E-02
     507    7.856340  6.0933E-02
     508    7.858230  6.0200E-02
     509    7.860120  5.9502E-02
     510    7.862010  5.8847E-02
     511    7.863900  5.8244E-02
     512    7.865790  5.7703E-02
     513    7.867680  5.7230E-02
     514    7.869570  5.6834E-02
     515    7.871460  5.6523E-02
     516    7.873350  5.6305E-02
     517    7.875240  5.6187E-02
     518    7.877130  5.6176E-02
     519    7.879020  5.6279E-02
     520    7.880910  5.6503E-02
     521    7.882800  5.6853E-02
     522    7.884690  5.7334E-02
     523    7.886580  5.7952E-02
     524    7.888470  5.8712E-02
     525    7.890360  5.9618E-02
     526    7.892250  6.0672E-02
     527    7.894140  6.1880E-02
     528    7.896030  6.3242E-02
     529    7.897920  6.4762E-02
     530    7.899810  6.6441E-02
     531    7.901700  6.8281E-02
     532    7.903590  7.0281E-02
     533    7.905480  7.2443E-02
     534    7.907370  7.4765E-02
     535    7.909260  7.7248E-02
     536    7.911150  7.9889E-02
     537    7.913040  8.2687E-02
     538    7.914930  8.5640E-02
     539    7.916820  8.8744E-02
     540    7.918710  9.1996E-02
     541    7.920600  9.5392E-02
     542    7.922490  9.8928E-02
     543    7.924380  1.0260E-01
     544    7.926270  1.0640E-01
     545    7.928160  1.1032E-01
     546    7.930050  1.1436E-01
     547    7.931940  1.1851E-01
     548    7.933830  1.2277E-01
     549    7.935720  1.2711E-01
     550    7.937610  1.3155E-01
     551    7.939500  1.3606E-01
     552    7.941390  1.4065E-01
     553    7.943280  1.4529E-01
     554    7.945170  1.4999E-01
     555    7.947060  1.5472E-01
     556    7.948950  1.5949E-01
     557    7.950840  1.6429E-01
     558    7.952730  1.6909E-01
     559    7.954620  1.7389E-01
     560    7.956510  1.7869E-01
     561    7.958400  1.8347E-01
     562    7.960290  1.8823E-01
     563    7.962180  1.9294E-01
     564    7.964070  1.9762E-01
     565    7.965960  2.0224E-01
     566    7.967850  2.0680E-01
     567    7.969740  2.1129E-01
     568    7.971630  2.1570E-01
     569    7.973520  2.2004E-01
     570    7.975410  2.2429E-01
     571    7.977300  2.2845E-01
     572    7.979190  2.3251E-01
     573    7.981080  2.3648E-01
     574    7.982970  2.4035E-01
     575    7.984860  2.4413E-01
     576    7.986750  2.4781E-01
     577    7.988640  2.5139E-01
     578    7.990530  2.5487E-01
     579    7.992420  2.5827E-01
     580    7.994310  2.6159E-01
     581    7.996200  2.6482E-01
     582    7.998090  2.6799E-01
     583    7.999980  2.7109E-01
     584    8.001870  2.7413E-01
     585    8.003760  2.7713E-01
     586    8.005650  2.8010E-01
     587    8.007540  2.8304E-01
     588    8.009430  2.8596E-01
     589    8.011320  2.8888E-01
     590    8.013210  2.9182E-01
     591    8.015100  2.9478E-01
     592    8.016990  2.9777E-01
     593    8.018880  3.0081E-01
     594    8.020770  3.0391E-01
     595    8.022660  3.0709E-01
     596    8.024550  3.1035E-01
     597    8.026440  3.1370E-01
     598    8.028330  3.1716E-01
     599    8.030220  3.2074E-01
     600    8.032110  3.2444E-01
     601    8.034000  3.2828E-01
     602    8.035890  3.3225E-01
     603    8.037780  3.3637E-01
     604    8.039670  3.4064E-01
     605    8.041560  3.4506E-01
     606    8.043450  3.4963E-01
     607    8.045340  3.5435E-01
     608    8.047230  3.5923E-01
     609    8.049120  3.6425E-01
     610    8.051010  3.6941E-01
     611    8.052900  3.7471E-01
     612    8.054790  3.8014E-01
     613    8.056680  3.8569E-01
     614    8.058570  3.9134E-01
     615    8.060460  3.9708E-01
     616    8.062350  4.0290E-01
     617    8.064240  4.0879E-01
     618    8.066130  4.1472E-01
     619    8.068020  4.2069E-01
     620    8.069910  4.2666E-01
     621    8.071800  4.3262E-01
     622    8.073690  4.3855E-01
     623    8.075580  4.4443E-01
     624    8.077470  4.5024E-01
     625    8.079360  4.5595E-01
     626    8.081250  4.6155E-01
     627    8.083140  4.6701E-01
     628    8.085030  4.7232E-01
     629    8.086920  4.7744E-01
     630    8.088810  4.8236E-01
     631    8.090700  4.8707E-01
     632    8.092590  4.9154E-01
     633    8.094480  4.9575E-01
     634    8.096370  4.9970E-01
     635    8.098260  5.0336E-01
     636    8.100150  5.0672E-01
     637    8.102040  5.0977E-01
     638    8.103930  5.1251E-01
     639    8.105820  5.1492E-01
     640    8.107710  5.1700E-01
     641    8.109600  5.1875E-01
     642    8.111490  5.2015E-01
     643    8.113380  5.2122E-01
     644    8.115270  5.2196E-01
     645    8.117160  5.2237E-01
     646    8.119050  5.2245E-01
     647    8.120940  5.2222E-01
     648    8.122830  5.2169E-01
     649    8.124720  5.2086E-01
     650    8.126610  5.1975E-01
     651    8.128500  5.1838E-01
     652    8.130390  5.1676E-01
     653    8.132280  5.1491E-01
     654    8.134170  5.1285E-01
     655    8.136060  5.1059E-01
     656    8.137950  5.0816E-01
     657    8.139840  5.0557E-01
     658    8.141730  5.0286E-01
     659    8.143620  5.0004E-01
     660    8.145510  4.9712E-01
     661    8.147400  4.9414E-01
     662    8.149290  4.9112E-01
     663    8.151180  4.8806E-01
     664    8.153070  4.8500E-01
     665    8.154960  4.8195E-01
     666    8.156850  4.7892E-01
     667    8.158740  4.7595E-01
     668    8.160630  4.7303E-01
     669    8.162520  4.7020E-01
     670    8.164410  4.6745E-01
     671    8.166300  4.6481E-01
     672    8.168190  4.6228E-01
     673    8.170080  4.5987E-01
     674    8.171970  4.5759E-01
     675    8.173860  4.5546E-01
     676    8.175750  4.5347E-01
     677    8.177640  4.5162E-01
     678    8.179530  4.4994E-01
     679    8.181420  4.4841E-01
     680    8.183310  4.4704E-01
     681    8.185200  4.4583E-01
     682    8.187090  4.4479E-01
     683    8.188980  4.4390E-01
     684    8.190870  4.4318E-01
     685    8.192760  4.4262E-01
     686    8.194650  4.4222E-01
     687    8.196540  4.4198E-01
     688    8.198430  4.4190E-01
     689    8.200320  4.4198E-01
     690    8.202210  4.4222E-01
     691    8.204100  4.4261E-01
     692    8.205990  4.4316E-01
     693    8.207880  4.4387E-01
     694    8.209770  4.4474E-01
     695    8.211660  4.4577E-01
     696    8.213550  4.4695E-01
     697    8.215440  4.4830E-01
     698    8.217330  4.4981E-01
     699    8.219220  4.5148E-01
     700    8.221110  4.5332E-01
     701    8.223000  4.5533E-01
     702    8.224890  4.5752E-01
     703    8.226780  4.5988E-01
     704    8.228670  4.6241E-01
     705    8.230560  4.6512E-01
     706    8.232450  4.6802E-01
     707    8.234340  4.7109E-01
     708    8.236230  4.7434E-01
     709    8.238120  4.7778E-01
     710    8.240010  4.8139E-01
     711    8.241900  4.8518E-01
     712    8.243790  4.8915E-01
     713    8.245680  4.9328E-01
     714    8.247570  4.9758E-01
     715    8.249460  5.0204E-01
     716    8.251350  5.0665E-01
     717    8.253240  5.1140E-01
     718    8.255130  5.1629E-01
     719    8.257020  5.2129E-01
     720    8.258910  5.2641E-01
     721    8.260800  5.3162E-01
     722    8.262690  5.3691E-01
     723    8.264580  5.4227E-01
     724    8.266470  5.4768E-01
     725    8.268360  5.5312E-01
     726    8.270250  5.5857E-01
     727    8.272140  5.6403E-01
     728    8.274030  5.6946E-01
     729    8.275920  5.7485E-01
     730    8.277810  5.8019E-01
     731    8.279700  5.8546E-01
     732    8.281590  5.9063E-01
     733    8.283480  5.9569E-01
     734    8.285370  6.0063E-01
     735    8.287260  6.0542E-01
     736    8.289150  6.1006E-01
     737    8.291040  6.1454E-01
     738    8.292930  6.1883E-01
     739    8.294820  6.2293E-01
     740    8.296710  6.2683E-01
     741    8.298600  6.3052E-01
     742    8.300490  6.3400E-01
     743    8.302380  6.3726E-01
     744    8.304270  6.4030E-01
     745    8.306160  6.4311E-01
     746    8.308050  6.4570E-01
     747    8.309940  6.4806E-01
     748    8.311830  6.5020E-01
     749    8.313720  6.5213E-01
     750    8.315610  6.5384E-01
     751    8.317500  6.5535E-01
     752    8.319390  6.5667E-01
     753    8.321280  6.5779E-01
     754    8.323170  6.5873E-01
     755    8.325060  6.5950E-01
     756    8.326950  6.6010E-01
     757    8.328840  6.6056E-01
     758    8.330730  6.6087E-01
     759    8.332620  6.6104E-01
     760    8.334510  6.6110E-01
     761    8.336400  6.6104E-01
     762    8.338290  6.6088E-01
     763    8.340180  6.6063E-01
     764    8.342070  6.6029E-01
     765    8.343960  6.5987E-01
     766    8.345850  6.5938E-01
     767    8.347740  6.5882E-01
     768    8.349630  6.5821E-01
     769    8.351520  6.5755E-01
     770    8.353410  6.5683E-01
     771    8.355300  6.5607E-01
     772    8.357190  6.5528E-01
     773    8.359080  6.5444E-01
     774    8.360970  6.5357E-01
     775    8.362860  6.5266E-01
     776    8.364750  6.5173E-01
     777    8.366640  6.5076E-01
     778    8.368530  6.4977E-01
     779    8.370420  6.4875E-01
     780    8.372310  6.4771E-01
     781    8.374200  6.4665E-01
     782    8.376090  6.4557E-01
     783    8.377980  6.4447E-01
     784    8.379870  6.4335E-01
     785    8.381760  6.4223E-01
     786    8.383650  6.4110E-01
     787    8.385540  6.3996E-01
     788    8.387430  6.3883E-01
     789    8.389320  6.3770E-01
     790    8.391210  6.3659E-01
     791    8.393100  6.3549E-01
     792    8.394990  6.3441E-01
     793    8.396880  6.3336E-01
     794    8.398770  6.3234E-01
     795    8.400660  6.3137E-01
     796    8.402550  6.3044E-01
     797    8.404440  6.2956E-01
     798    8.406330  6.2874E-01
     799    8.408220  6.2798E-01
     800    8.410110  6.2728E-01
     801    8.412000  6.2666E-01
     802    8.413890  6.2611E-01
     803    8.415780  6.2564E-01
     804    8.417670  6.2524E-01
     805    8.419560  6.2492E-01
     806    8.421450  6.2468E-01
     807    8.423340  6.2451E-01
     808    8.425230  6.2441E-01
     809    8.427120  6.2439E-01
     810    8.429010  6.2443E-01
     811    8.430900  6.2452E-01
     812    8.432790  6.2468E-01
     813    8.434680  6.2487E-01
     814    8.436570  6.2511E-01
     815    8.438460  6.2537E-01
     816    8.440350  6.2565E-01
     817    8.442240  6.2594E-01
     818    8.444130  6.2624E-01
     819    8.446020  6.2652E-01
     820    8.447910  6.2679E-01
     821    8.449800  6.2702E-01
     822    8.451690  6.2722E-01
     823    8.453580  6.2738E-01
     824    8.455470  6.2748E-01
     825    8.457360  6.2752E-01
     826    8.459250  6.2750E-01
     827    8.461140  6.2740E-01
     828    8.463030  6.2723E-01
     829    8.464920  6.2698E-01
     830    8.466810  6.2666E-01
     831    8.468700  6.2625E-01
     832    8.470590  6.2578E-01
     833    8.472480  6.2522E-01
     834    8.474370  6.2460E-01
     835    8.476260  6.2392E-01
     836    8.478150  6.2317E-01
     837    8.480040  6.2238E-01
     838    8.481930  6.2156E-01
     839    8.483820  6.2070E-01
     840    8.485710  6.1982E-01
     841    8.487600  6.1894E-01
     842    8.489490  6.1807E-01
     843    8.491380  6.1721E-01
     844    8.493270  6.1638E-01
     845    8.495160  6.1559E-01
     846    8.497050  6.1486E-01
     847    8.498940  6.1420E-01
     848    8.500830  6.1362E-01
     849    8.502720  6.1313E-01
     850    8.504610  6.1274E-01
     851    8.506500  6.1246E-01
     852    8.508390  6.1230E-01
     853    8.510280  6.1227E-01
     854    8.512170  6.1236E-01
     855    8.514060  6.1260E-01
     856    8.515950  6.1298E-01
     857    8.517840  6.1350E-01
     858    8.519730  6.1418E-01
     859    8.521620  6.1499E-01
     860    8.523510  6.1596E-01
     861    8.525400  6.1707E-01
     862    8.527290  6.1832E-01
     863    8.529180  6.1972E-01
     864    8.531070  6.2124E-01
     865    8.532960  6.2290E-01
     866    8.534850  6.2468E-01
     867    8.536740  6.2658E-01
     868    8.538630  6.2860E-01
     869    8.540520  6.3072E-01
     870    8.542410  6.3293E-01
     871    8.544300  6.3524E-01
     872    8.546190  6.3764E-01
     873    8.548080  6.4011E-01
     874    8.549970  6.4266E-01
     875    8.551860  6.4527E-01
     876    8.553750  6.4795E-01
     877    8.555640  6.5068E-01
     878    8.557530  6.5346E-01
     879    8.559420  6.5628E-01
     880    8.561310  6.5914E-01
     881    8.563200  6.6204E-01
     882    8.565090  6.6497E-01
     883    8.566980  6.6793E-01
     884    8.568870  6.7091E-01
     885    8.570760  6.7391E-01
     886    8.572650  6.7693E-01
     887    8.574540  6.7996E-01
     888    8.576430  6.8300E-01
     889    8.578320  6.8604E-01
     890    8.580210  6.8908E-01
     891    8.582100  6.9211E-01
     892    8.583990  6.9513E-01
     893    8.585880  6.9813E-01
     894    8.587770  7.0111E-01
     895    8.589660  7.0406E-01
     896    8.591550  7.0697E-01
     897    8.593440  7.0983E-01
     898    8.595330  7.1264E-01
     899    8.597220  7.1539E-01
     900    8.599110  7.1806E-01
     901    8.601000  7.2066E-01
     902    8.602890  7.2316E-01
     903    8.604780  7.2557E-01
     904    8.606670  7.2786E-01
     905    8.608560  7.3004E-01
     906    8.610450  7.3209E-01
     907    8.612340  7.3400E-01
     908    8.614230  7.3576E-01
     909    8.616120  7.3738E-01
     910    8.618010  7.3883E-01
     911    8.619900  7.4011E-01
     912    8.621790  7.4123E-01
     913    8.623680  7.4217E-01
     914    8.625570  7.4293E-01
     915    8.627460  7.4351E-01
     916    8.629350  7.4391E-01
     917    8.631240  7.4412E-01
     918    8.633130  7.4416E-01
     919    8.635020  7.4403E-01
     920    8.636910  7.4373E-01
     921    8.638800  7.4326E-01
     922    8.640690  7.4264E-01
     923    8.642580  7.4188E-01
     924    8.644470  7.4098E-01
     925    8.646360  7.3997E-01
     926    8.648250  7.3884E-01
     927    8.650140  7.3762E-01
     928    8.652030  7.3632E-01
     929    8.653920  7.3495E-01
     930    8.655810  7.3354E-01
     931    8.657700  7.3210E-01
     932    8.659590  7.3065E-01
     933    8.661480  7.2920E-01
     934    8.663370  7.2777E-01
     935    8.665260  7.2638E-01
     936    8.667150  7.2505E-01
     937    8.669040  7.2378E-01
     938    8.670930  7.2260E-01
     939    8.672820  7.2152E-01
     940    8.674710  7.2056E-01
     941    8.676600  7.1971E-01
     942    8.678490  7.1901E-01
     943    8.680380  7.1844E-01
     944    8.682270  7.1802E-01
     945    8.684160  7.1776E-01
     946    8.686050  7.1765E-01
     947    8.687940  7.1771E-01
     948    8.689830  7.1792E-01
     949    8.691720  7.1829E-01
     950    8.693610  7.1881E-01
     951    8.695500  7.1947E-01
     952    8.697390  7.2028E-01
     953    8.699280  7.2121E-01
     954    8.701170  7.2226E-01
     955    8.703060  7.2342E-01
     956    8.704950  7.2466E-01
     957    8.706840  7.2598E-01
     958    8.708730  7.2736E-01
     959    8.710620  7.2878E-01
     960    8.712510  7.3022E-01
     961    8.714400  7.3167E-01
     962    8.716290  7.3310E-01
     963    8.718180  7.3450E-01
     964    8.720070  7.3585E-01
     965    8.721960  7.3712E-01
     966    8.723850  7.3831E-01
     967    8.725740  7.3939E-01
     968    8.727630  7.4035E-01
     969    8.729520  7.4117E-01
     970    8.731410  7.4184E-01
     971    8.733300  7.4234E-01
     972    8.735190  7.4267E-01
     973    8.737080  7.4282E-01
     974    8.738970  7.4278E-01
     975    8.740860  7.4253E-01
     976    8.742750  7.4209E-01
     977    8.744640  7.4145E-01
     978    8.746530  7.4061E-01
     979    8.748420  7.3957E-01
     980    8.750310  7.3835E-01
     981    8.752200  7.3694E-01
     982    8.754090  7.3535E-01
     983    8.755980  7.3361E-01
     984    8.757870  7.3171E-01
     985    8.759760  7.2969E-01
     986    8.761650  7.2755E-01
     987    8.763540  7.2531E-01
     988    8.765430  7.2299E-01
     989    8.767320  7.2062E-01
     990    8.769210  7.1822E-01
     991    8.771100  7.1580E-01
     992    8.772990  7.1340E-01
     993    8.774880  7.1103E-01
     994    8.776770  7.0872E-01
     995    8.778660  7.0650E-01
     996    8.780550  7.0437E-01
     997    8.782440  7.0238E-01
     998    8.784330  7.0054E-01
     999    8.786220  6.9886E-01
    1000    8.788110  6.9738E-01
    1001    8.790000  6.9610E-01
    1002    8.791890  6.9504E-01
    1003    8.793780  6.9421E-01
    1004    8.795670  6.9364E-01
    1005    8.797560  6.9332E-01
    1006    8.799450  6.9327E-01
    1007    8.801340  6.9349E-01
    1008    8.803230  6.9398E-01
    1009    8.805120  6.9475E-01
    1010    8.807010  6.9579E-01
    1011    8.808900  6.9711E-01
    1012    8.810790  6.9869E-01
    1013    8.812680  7.0052E-01
    1014    8.814570  7.0261E-01
    1015    8.816460  7.0493E-01
    1016    8.818350  7.0747E-01
    1017    8.820240  7.1022E-01
    1018    8.822130  7.1316E-01
    1019    8.824020  7.1628E-01
    1020    8.825910  7.1954E-01
    1021    8.827800  7.2294E-01
    1022    8.829690  7.2645E-01
    1023    8.831580  7.3006E-01
    1024    8.833470  7.3373E-01
    1025    8.835360  7.3745E-01
    1026    8.837250  7.4120E-01
    1027    8.839140  7.4496E-01
    1028    8.841030  7.4869E-01
    1029    8.842920  7.5240E-01
    1030    8.844810  7.5605E-01
    1031    8.846700  7.5963E-01
    1032    8.848590  7.6311E-01
    1033    8.850480  7.6650E-01
    1034    8.852370  7.6976E-01
    1035    8.854260  7.7289E-01
    1036    8.856150  7.7587E-01
    1037    8.858040  7.7870E-01
    1038    8.859930  7.8136E-01
    1039    8.861820  7.8386E-01
    1040    8.863710  7.8618E-01
    1041    8.865600  7.8832E-01
    1042    8.867490  7.9028E-01
    1043    8.869380  7.9206E-01
    1044    8.871270  7.9366E-01
    1045    8.873160  7.9509E-01
    1046    8.875050  7.9634E-01
    1047    8.876940  7.9743E-01
    1048    8.878830  7.9836E-01
    1049    8.880720  7.9913E-01
    1050    8.882610  7.9976E-01
    1051    8.884500  8.0026E-01
    1052    8.886390  8.0063E-01
    1053    8.888280  8.0089E-01
    1054    8.890170  8.0105E-01
    1055    8.892060  8.0111E-01
    1056    8.893950  8.0110E-01
    1057    8.895840  8.0102E-01
    1058    8.897730  8.0088E-01
    1059    8.899620  8.0070E-01
    1060    8.901510  8.0049E-01
    1061    8.903400  8.0025E-01
    1062    8.905290  7.9999E-01
    1063    8.907180  7.9973E-01
    1064    8.909070  7.9947E-01
    1065    8.910960  7.9922E-01
    1066    8.912850  7.9898E-01
    1067    8.914740  7.9877E-01
    1068    8.916630  7.9858E-01
    1069    8.918520  7.9842E-01
    1070    8.920410  7.9828E-01
    1071    8.922300  7.9818E-01
    1072    8.924190  7.9811E-01
    1073    8.926080  7.9807E-01
    1074    8.927970  7.9806E-01
    1075    8.929860  7.9808E-01
    1076    8.931750  7.9811E-01
    1077    8.933640  7.9817E-01
    1078    8.935530  7.9824E-01
    1079    8.937420  7.9831E-01
    1080    8.939310  7.9838E-01
    1081    8.941200  7.9845E-01
    1082    8.943090  7.9851E-01
    1083    8.944980  7.9855E-01
    1084    8.946870  7.9856E-01
    1085    8.948760  7.9855E-01
    1086    8.950650  7.9849E-01
    1087    8.952540  7.9839E-01
    1088    8.954430  7.9824E-01
    1089    8.956320  7.9804E-01
    1090    8.958210  7.9778E-01
    1091    8.960100  7.9745E-01
    1092    8.961990  7.9706E-01
    1093    8.963880  7.9659E-01
    1094    8.965770  7.9606E-01
    1095    8.967660  7.9546E-01
    1096    8.969550  7.9478E-01
    1097    8.971440  7.9403E-01
    1098    8.973330  7.9322E-01
    1099    8.975220  7.9233E-01
    1100    8.977110  7.9138E-01
    1101    8.979000  7.9038E-01
    1102    8.980890  7.8931E-01
    1103    8.982780  7.8819E-01
    1104    8.984670  7.8703E-01
    1105    8.986560  7.8583E-01
    1106    8.988450  7.8459E-01
    1107    8.990340  7.8333E-01
    1108    8.992230  7.8204E-01
    1109    8.994120  7.8074E-01
    1110    8.996010  7.7944E-01
    1111    8.997900  7.7813E-01
    1112    8.999790  7.7683E-01
    1113    9.001680  7.7554E-01
    1114    9.003570  7.7427E-01
    1115    9.005460  7.7303E-01
    1116    9.007350  7.7182E-01
    1117    9.009240  7.7064E-01
    1118    9.011130  7.6951E-01
    1119    9.013020  7.6842E-01
    1120    9.014910  7.6739E-01
    1121    9.016800  7.6641E-01
    1122    9.018690  7.6548E-01
    1123    9.020580  7.6462E-01
    1124    9.022470  7.6382E-01
    1125    9.024360  7.6309E-01
    1126    9.026250  7.6242E-01
    1127    9.028140  7.6182E-01
    1128    9.030030  7.6130E-01
    1129    9.031920  7.6084E-01
    1130    9.033810  7.6045E-01
    1131    9.035700  7.6014E-01
    1132    9.037590  7.5990E-01
    1133    9.039480  7.5974E-01
    1134    9.041370  7.5965E-01
    1135    9.043260  7.5963E-01
    1136    9.045150  7.5968E-01
    1137    9.047040  7.5981E-01
    1138    9.048930  7.6001E-01
    1139    9.050820  7.6029E-01
    1140    9.052710  7.6064E-01
    1141    9.054600  7.6106E-01
    1142    9.056490  7.6156E-01
    1143    9.058380  7.6213E-01
    1144    9.060270  7.6277E-01
    1145    9.062160  7.6349E-01
    1146    9.064050  7.6428E-01
    1147    9.065940  7.6514E-01
    1148    9.067830  7.6608E-01
    1149    9.069720  7.6709E-01
    1150    9.071610  7.6817E-01
    1151    9.073500  7.6932E-01
    1152    9.075390  7.7054E-01
    1153    9.077280  7.7182E-01
    1154    9.079170  7.7317E-01
    1155    9.081060  7.7458E-01
    1156    9.082950  7.7605E-01
    1157    9.084840  7.7758E-01
    1158    9.086730  7.7916E-01
    1159    9.088620  7.8079E-01
    1160    9.090510  7.8246E-01
    1161    9.092400  7.8417E-01
    1162    9.094290  7.8591E-01
    1163    9.096180  7.8769E-01
    1164    9.098070  7.8948E-01
    1165    9.099960  7.9130E-01
    1166    9.101850  7.9312E-01
    1167    9.103740  7.9495E-01
    1168    9.105630  7.9678E-01
    1169    9.107520  7.9860E-01
    1170    9.109410  8.0041E-01
    1171    9.111300  8.0220E-01
    1172    9.113190  8.0396E-01
    1173    9.115080  8.0570E-01
    1174    9.116970  8.0739E-01
    1175    9.118860  8.0905E-01
    1176    9.120750  8.1066E-01
    1177    9.122640  8.1223E-01
    1178    9.124530  8.1374E-01
    1179    9.126420  8.1519E-01
    1180    9.128310  8.1659E-01
    1181    9.130200  8.1793E-01
    1182    9.132090  8.1921E-01
    1183    9.133980  8.2043E-01
    1184    9.135870  8.2159E-01
    1185    9.137760  8.2270E-01
    1186    9.139650  8.2374E-01
    1187    9.141540  8.2472E-01
    1188    9.143430  8.2566E-01
    1189    9.145320  8.2654E-01
    1190    9.147210  8.2737E-01
    1191    9.149100  8.2815E-01
    1192    9.150990  8.2889E-01
    1193    9.152880  8.2959E-01
    1194    9.154770  8.3026E-01
    1195    9.156660  8.3089E-01
    1196    9.158550  8.3150E-01
    1197    9.160440  8.3207E-01
    1198    9.162330  8.3263E-01
    1199    9.164220  8.3317E-01
    1200    9.166110  8.3368E-01
    1201    9.168000  8.3419E-01
    1202    9.169890  8.3468E-01
    1203    9.171780  8.3517E-01
    1204    9.173670  8.3564E-01
    1205    9.175560  8.3611E-01
    1206    9.177450  8.3657E-01
    1207    9.179340  8.3703E-01
    1208    9.181230  8.3747E-01
    1209    9.183120  8.3791E-01
    1210    9.185010  8.3834E-01
    1211    9.186900  8.3877E-01
    1212    9.188790  8.3918E-01
    1213    9.190680  8.3958E-01
    1214    9.192570  8.3996E-01
    1215    9.194460  8.4033E-01
    1216    9.196350  8.4067E-01
    1217    9.198240  8.4100E-01
    1218    9.200130  8.4129E-01
    1219    9.202020  8.4156E-01
    1220    9.203910  8.4180E-01
    1221    9.205800  8.4200E-01
    1222    9.207690  8.4217E-01
    1223    9.209580  8.4229E-01
    1224    9.211470  8.4237E-01
    1225    9.213360  8.4240E-01
    1226    9.215250  8.4238E-01
    1227    9.217140  8.4231E-01
    1228    9.219030  8.4219E-01
    1229    9.220920  8.4201E-01
    1230    9.222810  8.4176E-01
    1231    9.224700  8.4146E-01
    1232    9.226590  8.4109E-01
    1233    9.228480  8.4066E-01
    1234    9.230370  8.4017E-01
    1235    9.232260  8.3960E-01
    1236    9.234150  8.3897E-01
    1237    9.236040  8.3828E-01
    1238    9.237930  8.3751E-01
    1239    9.239820  8.3667E-01
    1240    9.241710  8.3577E-01
    1241    9.243600  8.3480E-01
    1242    9.245490  8.3377E-01
    1243    9.247380  8.3267E-01
    1244    9.249270  8.3150E-01
    1245    9.251160  8.3028E-01
    1246    9.253050  8.2899E-01
    1247    9.254940  8.2765E-01
    1248    9.256830  8.2625E-01
    1249    9.258720  8.2480E-01
    1250    9.260610  8.2330E-01
    1251    9.262500  8.2175E-01
    1252    9.264390  8.2016E-01
    1253    9.266280  8.1853E-01
    1254    9.268170  8.1686E-01
    1255    9.270060  8.1516E-01
    1256    9.271950  8.1343E-01
    1257    9.273840  8.1168E-01
    1258    9.275730  8.0990E-01
    1259    9.277620  8.0811E-01
    1260    9.279510  8.0630E-01
    1261    9.281400  8.0447E-01
    1262    9.283290  8.0264E-01
    1263    9.285180  8.0080E-01
    1264    9.287070  7.9896E-01
    1265    9.288960  7.9711E-01
    1266    9.290850  7.9526E-01
    1267    9.292740  7.9342E-01
    1268    9.294630  7.9157E-01
    1269    9.296520  7.8972E-01
    1270    9.298410  7.8788E-01
    1271    9.300300  7.8603E-01
    1272    9.302190  7.8417E-01
    1273    9.304080  7.8232E-01
    1274    9.305970  7.8045E-01
    1275    9.307860  7.7857E-01
    1276    9.309750  7.7667E-01
    1277    9.311640  7.7475E-01
    1278    9.313530  7.7280E-01
    1279    9.315420  7.7082E-01
    1280    9.317310  7.6880E-01
    1281    9.319200  7.6673E-01
    1282    9.321090  7.6460E-01
    1283    9.322980  7.6241E-01
    1284    9.324870  7.6015E-01
    1285    9.326760  7.5781E-01
    1286    9.328650  7.5539E-01
    1287    9.330540  7.5286E-01
    1288    9.332430  7.5024E-01
    1289    9.334320  7.4750E-01
    1290    9.336210  7.4464E-01
    1291    9.338100  7.4165E-01
    1292    9.339990  7.3853E-01
    1293    9.341880  7.3526E-01
    1294    9.343770  7.3185E-01
    1295    9.345660  7.2828E-01
    1296    9.347550  7.2456E-01
    1297    9.349440  7.2067E-01
    1298    9.351330  7.1661E-01
    1299    9.353220  7.1239E-01
    1300    9.355110  7.0799E-01
    1301    9.357000  7.0342E-01
    1302    9.358890  6.9868E-01
    1303    9.360780  6.9377E-01
    1304    9.362670  6.8869E-01
    1305    9.364560  6.8344E-01
    1306    9.366450  6.7803E-01
    1307    9.368340  6.7246E-01
    1308    9.370230  6.6674E-01
    1309    9.372120  6.6087E-01
    1310    9.374010  6.5486E-01
    1311    9.375900  6.4872E-01
    1312    9.377790  6.4246E-01
    1313    9.379680  6.3608E-01
    1314    9.381570  6.2960E-01
    1315    9.383460  6.2303E-01
    1316    9.385350  6.1637E-01
    1317    9.387240  6.0963E-01
    1318    9.389130  6.0284E-01
    1319    9.391020  5.9600E-01
    1320    9.392910  5.8911E-01
    1321    9.394800  5.8221E-01
    1322    9.396690  5.7529E-01
    1323    9.398580  5.6836E-01
    1324    9.400470  5.6145E-01
    1325    9.402360  5.5456E-01
    1326    9.404250  5.4771E-01
    1327    9.406140  5.4089E-01
    1328    9.408030  5.3414E-01
    1329    9.409920  5.2745E-01
    1330    9.411810  5.2084E-01
    1331    9.413700  5.1432E-01
    1332    9.415590  5.0789E-01
    1333    9.417480  5.0157E-01
    1334    9.419370  4.9536E-01
    1335    9.421260  4.8928E-01
    1336    9.423150  4.8333E-01
    1337    9.425040  4.7752E-01
    1338    9.426930  4.7185E-01
    1339    9.428820  4.6633E-01
    1340    9.430710  4.6096E-01
    1341    9.432600  4.5576E-01
    1342    9.434490  4.5072E-01
    1343    9.436380  4.4585E-01
    1344    9.438270  4.4115E-01
    1345    9.440160  4.3662E-01
    1346    9.442050  4.3227E-01
    1347    9.443940  4.2811E-01
    1348    9.445830  4.2412E-01
    1349    9.447720  4.2032E-01
    1350    9.449610  4.1670E-01
    1351    9.451500  4.1326E-01
    1352    9.453390  4.1001E-01
    1353    9.455280  4.0694E-01
    1354    9.457170  4.0407E-01
    1355    9.459060  4.0137E-01
    1356    9.460950  3.9887E-01
    1357    9.462840  3.9655E-01
    1358    9.464730  3.9442E-01
    1359    9.466620  3.9248E-01
    1360    9.468510  3.9072E-01
    1361    9.470400  3.8916E-01
    1362    9.472290  3.8778E-01
    1363    9.474180  3.8660E-01
    1364    9.476070  3.8560E-01
    1365    9.477960  3.8480E-01
    1366    9.479850  3.8420E-01
    1367    9.481740  3.8379E-01
    1368    9.483630  3.8358E-01
    1369    9.485520  3.8356E-01
    1370    9.487410  3.8375E-01
    1371    9.489300  3.8413E-01
    1372    9.491190  3.8472E-01
    1373    9.493080  3.8551E-01
    1374    9.494970  3.8650E-01
    1375    9.496860  3.8770E-01
    1376    9.498750  3.8910E-01
    1377    9.500640  3.9070E-01
    1378    9.502530  3.9250E-01
    1379    9.504420  3.9451E-01
    1380    9.506310  3.9671E-01
    1381    9.508200  3.9910E-01
    1382    9.510090  4.0168E-01
    1383    9.511980  4.0445E-01
    1384    9.513870  4.0739E-01
    1385    9.515760  4.1049E-01
    1386    9.517650  4.1376E-01
    1387    9.519540  4.1718E-01
    1388    9.521430  4.2074E-01
    1389    9.523320  4.2442E-01
    1390    9.525210  4.2822E-01
    1391    9.527100  4.3211E-01
    1392    9.528990  4.3609E-01
    1393    9.530880  4.4013E-01
    1394    9.532770  4.4422E-01
    1395    9.534660  4.4835E-01
    1396    9.536550  4.5248E-01
    1397    9.538440  4.5660E-01
    1398    9.540330  4.6070E-01
    1399    9.542220  4.6474E-01
    1400    9.544110  4.6871E-01
    1401    9.546000  4.7259E-01
    1402    9.547890  4.7636E-01
    1403    9.549780  4.7999E-01
    1404    9.551670  4.8347E-01
    1405    9.553560  4.8678E-01
    1406    9.555450  4.8990E-01
    1407    9.557340  4.9280E-01
    1408    9.559230  4.9548E-01
    1409    9.561120  4.9792E-01
    1410    9.563010  5.0010E-01
    1411    9.564900  5.0202E-01
    1412    9.566790  5.0366E-01
    1413    9.568680  5.0502E-01
    1414    9.570570  5.0608E-01
    1415    9.572460  5.0685E-01
    1416    9.574350  5.0731E-01
    1417    9.576240  5.0748E-01
    1418    9.578130  5.0735E-01
    1419    9.580020  5.0693E-01
    1420    9.581910  5.0622E-01
    1421    9.583800  5.0524E-01
    1422    9.585690  5.0398E-01
    1423    9.587580  5.0246E-01
    1424    9.589470  5.0070E-01
    1425    9.591360  4.9871E-01
    1426    9.593250  4.9650E-01
    1427    9.595140  4.9410E-01
    1428    9.597030  4.9153E-01
    1429    9.598920  4.8879E-01
    1430    9.600810  4.8593E-01
    1431    9.602700  4.8294E-01
    1432    9.604590  4.7986E-01
    1433    9.606480  4.7671E-01
    1434    9.608370  4.7351E-01
    1435    9.610260  4.7028E-01
    1436    9.612150  4.6705E-01
    1437    9.614040  4.6383E-01
    1438    9.615930  4.6064E-01
    1439    9.617820  4.5750E-01
    1440    9.619710  4.5444E-01
    1441    9.621600  4.5147E-01
    1442    9.623490  4.4860E-01
    1443    9.625380  4.4585E-01
    1444    9.627270  4.4324E-01
    1445    9.629160  4.4077E-01
    1446    9.631050  4.3846E-01
    1447    9.632940  4.3632E-01
    1448    9.634830  4.3435E-01
    1449    9.636720  4.3257E-01
    1450    9.638610  4.3098E-01
    1451    9.640500  4.2957E-01
    1452    9.642390  4.2836E-01
    1453    9.644280  4.2735E-01
    1454    9.646170  4.2654E-01
    1455    9.648060  4.2592E-01
    1456    9.649950  4.2550E-01
    1457    9.651840  4.2527E-01
    1458    9.653730  4.2523E-01
    1459    9.655620  4.2538E-01
    1460    9.657510  4.2570E-01
    1461    9.659400  4.2619E-01
    1462    9.661290  4.2686E-01
    1463    9.663180  4.2768E-01
    1464    9.665070  4.2866E-01
    1465    9.666960  4.2979E-01
    1466    9.668850  4.3105E-01
    1467    9.670740  4.3244E-01
    1468    9.672630  4.3396E-01
    1469    9.674520  4.3559E-01
    1470    9.676410  4.3733E-01
    1471    9.678300  4.3916E-01
    1472    9.680190  4.4109E-01
    1473    9.682080  4.4310E-01
    1474    9.683970  4.4518E-01
    1475    9.685860  4.4733E-01
    1476    9.687750  4.4954E-01
    1477    9.689640  4.5180E-01
    1478    9.691530  4.5411E-01
    1479    9.693420  4.5645E-01
    1480    9.695310  4.5882E-01
    1481    9.697200  4.6122E-01
    1482    9.699090  4.6364E-01
    1483    9.700980  4.6607E-01
    1484    9.702870  4.6851E-01
    1485    9.704760  4.7095E-01
    1486    9.706650  4.7338E-01
    1487    9.708540  4.7581E-01
    1488    9.710430  4.7821E-01
    1489    9.712320  4.8060E-01
    1490    9.714210  4.8297E-01
    1491    9.716100  4.8531E-01
    1492    9.717990  4.8761E-01
    1493    9.719880  4.8988E-01
    1494    9.721770  4.9210E-01
    1495    9.723660  4.9428E-01
    1496    9.725550  4.9642E-01
    1497    9.727440  4.9850E-01
    1498    9.729330  5.0053E-01
    1499    9.731220  5.0250E-01
    1500    9.733110  5.0441E-01
    1501    9.735000  5.0625E-01
    1502    9.736890  5.0804E-01
    1503    9.738780  5.0975E-01
    1504    9.740670  5.1139E-01
    1505    9.742560  5.1297E-01
    1506    9.744450  5.1447E-01
    1507    9.746340  5.1589E-01
    1508    9.748230  5.1725E-01
    1509    9.750120  5.1852E-01
    1510    9.752010  5.1972E-01
    1511    9.753900  5.2085E-01
    1512    9.755790  5.2190E-01
    1513    9.757680  5.2288E-01
    1514    9.759570  5.2378E-01
    1515    9.761460  5.2461E-01
    1516    9.763350  5.2537E-01
    1517    9.765240  5.2607E-01
    1518    9.767130  5.2670E-01
    1519    9.769020  5.2727E-01
    1520    9.770910  5.2779E-01
    1521    9.772800  5.2825E-01
    1522    9.774690  5.2866E-01
    1523    9.776580  5.2903E-01
    1524    9.778470  5.2937E-01
    1525    9.780360  5.2967E-01
    1526    9.782250  5.2995E-01
    1527    9.784140  5.3021E-01
    1528    9.786030  5.3046E-01
    1529    9.787920  5.3071E-01
    1530    9.789810  5.3096E-01
    1531    9.791700  5.3122E-01
    1532    9.793590  5.3150E-01
    1533    9.795480  5.3181E-01
    1534    9.797370  5.3215E-01
    1535    9.799260  5.3254E-01
    1536    9.801150  5.3297E-01
    1537    9.803040  5.3347E-01
    1538    9.804930  5.3403E-01
    1539    9.806820  5.3466E-01
    1540    9.808710  5.3537E-01
    1541    9.810600  5.3617E-01
    1542    9.812490  5.3705E-01
    1543    9.814380  5.3804E-01
    1544    9.816270  5.3912E-01
    1545    9.818160  5.4031E-01
    1546    9.820050  5.4161E-01
    1547    9.821940  5.4302E-01
    1548    9.823830  5.4454E-01
    1549    9.825720  5.4618E-01
    1550    9.827610  5.4793E-01
    1551    9.829500  5.4980E-01
    1552    9.831390  5.5178E-01
    1553    9.833280  5.5388E-01
    1554    9.835170  5.5609E-01
    1555    9.837060  5.5840E-01
    1556    9.838950  5.6083E-01
    1557    9.840840  5.6335E-01
    1558    9.842730  5.6597E-01
    1559    9.844620  5.6868E-01
    1560    9.846510  5.7148E-01
    1561    9.848400  5.7436E-01
    1562    9.850290  5.7731E-01
    1563    9.852180  5.8034E-01
    1564    9.854070  5.8342E-01
    1565    9.855960  5.8656E-01
    1566    9.857850  5.8975E-01
    1567    9.859740  5.9298E-01
    1568    9.861630  5.9625E-01
    1569    9.863520  5.9955E-01
    1570    9.865410  6.0287E-01
    1571    9.867300  6.0620E-01
    1572    9.869190  6.0955E-01
    1573    9.871080  6.1290E-01
    1574    9.872970  6.1626E-01
    1575    9.874860  6.1961E-01
    1576    9.876750  6.2295E-01
    1577    9.878640  6.2628E-01
    1578    9.880530  6.2959E-01
    1579    9.882420  6.3288E-01
    1580    9.884310  6.3616E-01
    1581    9.886200  6.3940E-01
    1582    9.888090  6.4262E-01
    1583    9.889980  6.4582E-01
    1584    9.891870  6.4898E-01
    1585    9.893760  6.5212E-01
    1586    9.895650  6.5522E-01
    1587    9.897540  6.5830E-01
    1588    9.899430  6.6134E-01
    1589    9.901320  6.6435E-01
    1590    9.903210  6.6733E-01
    1591    9.905100  6.7029E-01
    1592    9.906990  6.7321E-01
    1593    9.908880  6.7610E-01
    1594    9.910770  6.7897E-01
    1595    9.912660  6.8181E-01
    1596    9.914550  6.8462E-01
    1597    9.916440  6.8740E-01
    1598    9.918330  6.9016E-01
    1599    9.920220  6.9289E-01
    1600    9.922110  6.9560E-01
    1601    9.924000  6.9829E-01
    1602    9.925890  7.0095E-01
    1603    9.927780  7.0358E-01
    1604    9.929670  7.0620E-01
    1605    9.931560  7.0878E-01
    1606    9.933450  7.1134E-01
    1607    9.935340  7.1388E-01
    1608    9.937230  7.1639E-01
    1609    9.939120  7.1888E-01
    1610    9.941010  7.2134E-01
    1611    9.942900  7.2377E-01
    1612    9.944790  7.2617E-01
    1613    9.946680  7.2855E-01
    1614    9.948570  7.3089E-01
    1615    9.950460  7.3321E-01
    1616    9.952350  7.3550E-01
    1617    9.954240  7.3776E-01
    1618    9.956130  7.3999E-01
    1619    9.958020  7.4219E-01
    1620    9.959910  7.4437E-01
    1621    9.961800  7.4651E-01
    1622    9.963690  7.4863E-01
    1623    9.965580  7.5072E-01
    1624    9.967470  7.5279E-01
    1625    9.969360  7.5484E-01
    1626    9.971250  7.5686E-01
    1627    9.973140  7.5887E-01
    1628    9.975030  7.6086E-01
    1629    9.976920  7.6283E-01
    1630    9.978810  7.6480E-01
    1631    9.980700  7.6676E-01
    1632    9.982590  7.6871E-01
    1633    9.984480  7.7066E-01
    1634    9.986370  7.7262E-01
    1635    9.988260  7.7458E-01
    1636    9.990150  7.7655E-01
    1637    9.992040  7.7854E-01
    1638    9.993930  7.8054E-01
    1639    9.995820  7.8257E-01
    1640    9.997710  7.8461E-01
    1641    9.999600  7.8669E-01
    1642   10.001490  7.8880E-01
    1643   10.003380  7.9094E-01
    1644   10.005270  7.9311E-01
    1645   10.007160  7.9532E-01
    1646   10.009050  7.9758E-01
    1647   10.010940  7.9987E-01
    1648   10.012830  8.0221E-01
    1649   10.014720  8.0459E-01
    1650   10.016610  8.0701E-01
    1651   10.018500  8.0948E-01
    1652   10.020390  8.1199E-01
    1653   10.022280  8.1453E-01
    1654   10.024170  8.1712E-01
    1655   10.026060  8.1975E-01
    1656   10.027950  8.2240E-01
    1657   10.029840  8.2509E-01
    1658   10.031730  8.2781E-01
    1659   10.033620  8.3055E-01
    1660   10.035510  8.3331E-01
    1661   10.037400  8.3608E-01
    1662   10.039290  8.3886E-01
    1663   10.041180  8.4165E-01
    1664   10.043070  8.4444E-01
    1665   10.044960  8.4722E-01
    1666   10.046850  8.4999E-01
    1667   10.048740  8.5275E-01
    1668   10.050630  8.5548E-01
    1669   10.052520  8.5819E-01
    1670   10.054410  8.6087E-01
    1671   10.056300  8.6350E-01
    1672   10.058190  8.6610E-01
    1673   10.060080  8.6864E-01
    1674   10.061970  8.7113E-01
    1675   10.063860  8.7357E-01
    1676   10.065750  8.7595E-01
    1677   10.067640  8.7826E-01
    1678   10.069530  8.8050E-01
    1679   10.071420  8.8268E-01
    1680   10.073310  8.8477E-01
    1681   10.075200  8.8680E-01
    1682   10.077090  8.8874E-01
    1683   10.078980  8.9060E-01
    1684   10.080870  8.9239E-01
    1685   10.082760  8.9409E-01
    1686   10.084650  8.9570E-01
    1687   10.086540  8.9724E-01
    1688   10.088430  8.9869E-01
    1689   10.090320  9.0005E-01
    1690   10.092210  9.0134E-01
    1691   10.094100  9.0254E-01
    1692   10.095990  9.0366E-01
    1693   10.097880  9.0470E-01
    1694   10.099770  9.0567E-01
    1695   10.101660  9.0655E-01
    1696   10.103550  9.0737E-01
    1697   10.105440  9.0811E-01
    1698   10.107330  9.0877E-01
    1699   10.109220  9.0937E-01
    1700   10.111110  9.0991E-01
    1701   10.113000  9.1038E-01
    1702   10.114890  9.1078E-01
    1703   10.116780  9.1113E-01
    1704   10.118670  9.1142E-01
    1705   10.120560  9.1165E-01
    1706   10.122450  9.1183E-01
    1707   10.124340  9.1196E-01
    1708   10.126230  9.1204E-01
    1709   10.128120  9.1207E-01
    1710   10.130010  9.1205E-01
    1711   10.131900  9.1199E-01
    1712   10.133790  9.1189E-01
    1713   10.135680  9.1174E-01
    1714   10.137570  9.1156E-01
    1715   10.139460  9.1134E-01
    1716   10.141350  9.1108E-01
    1717   10.143240  9.1079E-01
    1718   10.145130  9.1046E-01
    1719   10.147020  9.1010E-01
    1720   10.148910  9.0970E-01
    1721   10.150800  9.0927E-01
    1722   10.152690  9.0880E-01
    1723   10.154580  9.0831E-01
    1724   10.156470  9.0778E-01
    1725   10.158360  9.0722E-01
    1726   10.160250  9.0662E-01
    1727   10.162140  9.0600E-01
    1728   10.164030  9.0534E-01
    1729   10.165920  9.0465E-01
    1730   10.167810  9.0392E-01
    1731   10.169700  9.0317E-01
    1732   10.171590  9.0238E-01
    1733   10.173480  9.0155E-01
    1734   10.175370  9.0069E-01
    1735   10.177260  8.9980E-01
    1736   10.179150  8.9887E-01
    1737   10.181040  8.9791E-01
    1738   10.182930  8.9692E-01
    1739   10.184820  8.9589E-01
    1740   10.186710  8.9482E-01
    1741   10.188600  8.9372E-01
    1742   10.190490  8.9259E-01
    1743   10.192380  8.9143E-01
    1744   10.194270  8.9024E-01
    1745   10.196160  8.8901E-01
    1746   10.198050  8.8776E-01
    1747   10.199940  8.8648E-01
    1748   10.201830  8.8517E-01
    1749   10.203720  8.8385E-01
    1750   10.205610  8.8250E-01
    1751   10.207500  8.8113E-01
    1752   10.209390  8.7975E-01
    1753   10.211280  8.7835E-01
    1754   10.213170  8.7695E-01
    1755   10.215060  8.7554E-01
    1756   10.216950  8.7412E-01
    1757   10.218840  8.7271E-01
    1758   10.220730  8.7130E-01
    1759   10.222620  8.6991E-01
    1760   10.224510  8.6852E-01
    1761   10.226400  8.6716E-01
    1762   10.228290  8.6581E-01
    1763   10.230180  8.6450E-01
    1764   10.232070  8.6321E-01
    1765   10.233960  8.6196E-01
    1766   10.235850  8.6075E-01
    1767   10.237740  8.5958E-01
    1768   10.239630  8.5846E-01
    1769   10.241520  8.5740E-01
    1770   10.243410  8.5639E-01
    1771   10.245300  8.5544E-01
    1772   10.247190  8.5455E-01
    1773   10.249080  8.5373E-01
    1774   10.250970  8.5298E-01
    1775   10.252860  8.5231E-01
    1776   10.254750  8.5171E-01
    1777   10.256640  8.5118E-01
    1778   10.258530  8.5074E-01
    1779   10.260420  8.5038E-01
    1780   10.262310  8.5010E-01
    1781   10.264200  8.4991E-01
    1782   10.266090  8.4979E-01
    1783   10.267980  8.4977E-01
    1784   10.269870  8.4983E-01
    1785   10.271760  8.4997E-01
    1786   10.273650  8.5020E-01
    1787   10.275540  8.5051E-01
    1788   10.277430  8.5090E-01
    1789   10.279320  8.5137E-01
    1790   10.281210  8.5192E-01
    1791   10.283100  8.5254E-01
    1792   10.284990  8.5324E-01
    1793   10.286880  8.5400E-01
    1794   10.288770  8.5483E-01
    1795   10.290660  8.5573E-01
    1796   10.292550  8.5669E-01
    1797   10.294440  8.5770E-01
    1798   10.296330  8.5877E-01
    1799   10.298220  8.5989E-01
    1800   10.300110  8.6105E-01
    1801   10.302000  8.6226E-01
    1802   10.303890  8.6350E-01
    1803   10.305780  8.6478E-01
    1804   10.307670  8.6609E-01
    1805   10.309560  8.6743E-01
    1806   10.311450  8.6879E-01
    1807   10.313340  8.7016E-01
    1808   10.315230  8.7156E-01
    1809   10.317120  8.7296E-01
    1810   10.319010  8.7437E-01
    1811   10.320900  8.7579E-01
    1812   10.322790  8.7721E-01
    1813   10.324680  8.7863E-01
    1814   10.326570  8.8005E-01
    1815   10.328460  8.8145E-01
    1816   10.330350  8.8285E-01
    1817   10.332240  8.8423E-01
    1818   10.334130  8.8560E-01
    1819   10.336020  8.8696E-01
    1820   10.337910  8.8829E-01
    1821   10.339800  8.8960E-01
    1822   10.341690  8.9089E-01
    1823   10.343580  8.9215E-01
    1824   10.345470  8.9338E-01
    1825   10.347360  8.9458E-01
    1826   10.349250  8.9575E-01
    1827   10.351140  8.9689E-01
    1828   10.353030  8.9799E-01
    1829   10.354920  8.9906E-01
    1830   10.356810  9.0009E-01
    1831   10.358700  9.0107E-01
    1832   10.360590  9.0202E-01
    1833   10.362480  9.0292E-01
    1834   10.364370  9.0378E-01
    1835   10.366260  9.0459E-01
    1836   10.368150  9.0535E-01
    1837   10.370040  9.0606E-01
    1838   10.371930  9.0672E-01
    1839   10.373820  9.0733E-01
    1840   10.375710  9.0788E-01
    1841   10.377600  9.0838E-01
    1842   10.379490  9.0882E-01
    1843   10.381380  9.0921E-01
    1844   10.383270  9.0953E-01
    1845   10.385160  9.0979E-01
    1846   10.387050  9.0999E-01
    1847   10.388940  9.1012E-01
    1848   10.390830  9.1019E-01
    1849   10.392720  9.1020E-01
    1850   10.394610  9.1014E-01
    1851   10.396500  9.1002E-01
    1852   10.398390  9.0983E-01
    1853   10.400280  9.0957E-01
    1854   10.402170  9.0925E-01
    1855   10.404060  9.0886E-01
    1856   10.405950  9.0840E-01
    1857   10.407840  9.0788E-01
    1858   10.409730  9.0730E-01
    1859   10.411620  9.0665E-01
    1860   10.413510  9.0594E-01
    1861   10.415400  9.0517E-01
    1862   10.417290  9.0435E-01
    1863   10.419180  9.0347E-01
    1864   10.421070  9.0253E-01
    1865   10.422960  9.0155E-01
    1866   10.424850  9.0052E-01
    1867   10.426740  8.9944E-01
    1868   10.428630  8.9833E-01
    1869   10.430520  8.9717E-01
    1870   10.432410  8.9598E-01
    1871   10.434300  8.9476E-01
    1872   10.436190  8.9352E-01
    1873   10.438080  8.9226E-01
    1874   10.439970  8.9097E-01
    1875   10.441860  8.8968E-01
    1876   10.443750  8.8837E-01
    1877   10.445640  8.8707E-01
    1878   10.447530  8.8576E-01
    1879   10.449420  8.8446E-01
    1880   10.451310  8.8316E-01
    1881   10.453200  8.8188E-01
    1882   10.455090  8.8062E-01
    1883   10.456980  8.7937E-01
    1884   10.458870  8.7816E-01
    1885   10.460760  8.7696E-01
    1886   10.462650  8.7580E-01
    1887   10.464540  8.7468E-01
    1888   10.466430  8.7358E-01
    1889   10.468320  8.7253E-01
    1890   10.470210  8.7152E-01
    1891   10.472100  8.7054E-01
    1892   10.473990  8.6961E-01
    1893   10.475880  8.6872E-01
    1894   10.477770  8.6788E-01
    1895   10.479660  8.6708E-01
    1896   10.481550  8.6632E-01
    1897   10.483440  8.6561E-01
    1898   10.485330  8.6494E-01
    1899   10.487220  8.6430E-01
    1900   10.489110  8.6371E-01
    1901   10.491000  8.6316E-01
    1902   10.492890  8.6265E-01
    1903   10.494780  8.6217E-01
    1904   10.496670  8.6173E-01
    1905   10.498560  8.6132E-01
    1906   10.500450  8.6094E-01
    1907   10.502340  8.6059E-01
    1908   10.504230  8.6027E-01
    1909   10.506120  8.5998E-01
    1910   10.508010  8.5972E-01
    1911   10.509900  8.5948E-01
    1912   10.511790  8.5927E-01
    1913   10.513680  8.5908E-01
    1914   10.515570  8.5892E-01
    1915   10.517460  8.5879E-01
    1916   10.519350  8.5868E-01
    1917   10.521240  8.5860E-01
    1918   10.523130  8.5854E-01
    1919   10.525020  8.5851E-01
    1920   10.526910  8.5852E-01
    1921   10.528800  8.5855E-01
    1922   10.530690  8.5862E-01
    1923   10.532580  8.5872E-01
    1924   10.534470  8.5885E-01
    1925   10.536360  8.5903E-01
    1926   10.538250  8.5924E-01
    1927   10.540140  8.5949E-01
    1928   10.542030  8.5979E-01
    1929   10.543920  8.6013E-01
    1930   10.545810  8.6052E-01
    1931   10.547700  8.6095E-01
    1932   10.549590  8.6144E-01
    1933   10.551480  8.6197E-01
    1934   10.553370  8.6255E-01
    1935   10.555260  8.6318E-01
    1936   10.557150  8.6385E-01
    1937   10.559040  8.6458E-01
    1938   10.560930  8.6536E-01
    1939   10.562820  8.6618E-01
    1940   10.564710  8.6705E-01
    1941   10.566600  8.6797E-01
    1942   10.568490  8.6893E-01
    1943   10.570380  8.6993E-01
    1944   10.572270  8.7096E-01
    1945   10.574160  8.7204E-01
    1946   10.576050  8.7315E-01
    1947   10.577940  8.7429E-01
    1948   10.579830  8.7546E-01
    1949   10.581720  8.7665E-01
    1950   10.583610  8.7786E-01
    1951   10.585500  8.7910E-01
    1952   10.587390  8.8035E-01
    1953   10.589280  8.8161E-01
    1954   10.591170  8.8288E-01
    1955   10.593060  8.8415E-01
    1956   10.594950  8.8543E-01
    1957   10.596840  8.8671E-01
    1958   10.598730  8.8799E-01
    1959   10.600620  8.8926E-01
    1960   10.602510  8.9053E-01
    1961   10.604400  8.9178E-01
    1962   10.606290  8.9303E-01
    1963   10.608180  8.9426E-01
    1964   10.610070  8.9547E-01
    1965   10.611960  8.9667E-01
    1966   10.613850  8.9785E-01
    1967   10.615740  8.9901E-01
    1968   10.617630  9.0014E-01
    1969   10.619520  9.0126E-01
    1970   10.621410  9.0236E-01
    1971   10.623300  9.0343E-01
    1972   10.625190  9.0449E-01
    1973   10.627080  9.0552E-01
    1974   10.628970  9.0652E-01
    1975   10.630860  9.0751E-01
    1976   10.632750  9.0847E-01
    1977   10.634640  9.0942E-01
    1978   10.636530  9.1034E-01
    1979   10.638420  9.1123E-01
    1980   10.640310  9.1211E-01
    1981   10.642200  9.1297E-01
    1982   10.644090  9.1381E-01
    1983   10.645980  9.1463E-01
    1984   10.647870  9.1543E-01
    1985   10.649760  9.1622E-01
    1986   10.651650  9.1699E-01
    1987   10.653540  9.1774E-01
    1988   10.655430  9.1847E-01
    1989   10.657320  9.1919E-01
    1990   10.659210  9.1989E-01
    1991   10.661100  9.2057E-01
    1992   10.662990  9.2124E-01
    1993   10.664880  9.2189E-01
    1994   10.666770  9.2253E-01
    1995   10.668660  9.2316E-01
    1996   10.670550  9.2376E-01
    1997   10.672440  9.2436E-01
    1998   10.674330  9.2493E-01
    1999   10.676220  9.2549E-01
    2000   10.678110  9.2603E-01
    2001   10.680000  9.2656E-01
    2002   10.681890  9.2706E-01
    2003   10.683780  9.2755E-01
    2004   10.685670  9.2802E-01
    2005   10.687560  9.2847E-01
    2006   10.689450  9.2889E-01
    2007   10.691340  9.2930E-01
    2008   10.693230  9.2968E-01
    2009   10.695120  9.3004E-01
    2010   10.697010  9.3037E-01
    2011   10.698900  9.3068E-01
    2012   10.700790  9.3096E-01
    2013   10.702680  9.3121E-01
    2014   10.704570  9.3143E-01
    2015   10.706460  9.3162E-01
    2016   10.708350  9.3178E-01
    2017   10.710240  9.3190E-01
    2018   10.712130  9.3199E-01
    2019   10.714020  9.3204E-01
    2020   10.715910  9.3205E-01
    2021   10.717800  9.3202E-01
    2022   10.719690  9.3195E-01
    2023   10.721580  9.3184E-01
    2024   10.723470  9.3168E-01
    2025   10.725360  9.3148E-01
    2026   10.727250  9.3123E-01
    2027   10.729140  9.3093E-01
    2028   10.731030  9.3059E-01
    2029   10.732920  9.3019E-01
    2030   10.734810  9.2974E-01
    2031   10.736700  9.2924E-01
    2032   10.738590  9.2868E-01
    2033   10.740480  9.2806E-01
    2034   10.742370  9.2740E-01
    2035   10.744260  9.2667E-01
    2036   10.746150  9.2589E-01
    2037   10.748040  9.2505E-01
    2038   10.749930  9.2416E-01
    2039   10.751820  9.2320E-01
    2040   10.753710  9.2219E-01
    2041   10.755600  9.2113E-01
    2042   10.757490  9.2001E-01
    2043   10.759380  9.1883E-01
    2044   10.761270  9.1761E-01
    2045   10.763160  9.1633E-01
    2046   10.765050  9.1500E-01
    2047   10.766940  9.1363E-01
    2048   10.768830  9.1221E-01
    2049   10.770720  9.1076E-01
    2050   10.772610  9.0926E-01
    2051   10.774500  9.0773E-01
    2052   10.776390  9.0617E-01
    2053   10.778280  9.0459E-01
    2054   10.780170  9.0298E-01
    2055   10.782060  9.0136E-01
    2056   10.783950  8.9972E-01
    2057   10.785840  8.9808E-01
    2058   10.787730  8.9644E-01
    2059   10.789620  8.9480E-01
    2060   10.791510  8.9317E-01
    2061   10.793400  8.9156E-01
    2062   10.795290  8.8997E-01
    2063   10.797180  8.8841E-01
    2064   10.799070  8.8689E-01
    2065   10.800960  8.8540E-01
    2066   10.802850  8.8396E-01
    2067   10.804740  8.8257E-01
    2068   10.806630  8.8124E-01
    2069   10.808520  8.7997E-01
    2070   10.810410  8.7877E-01
    2071   10.812300  8.7765E-01
    2072   10.814190  8.7660E-01
    2073   10.816080  8.7564E-01
    2074   10.817970  8.7476E-01
    2075   10.819860  8.7397E-01
    2076   10.821750  8.7328E-01
    2077   10.823640  8.7268E-01
    2078   10.825530  8.7218E-01
    2079   10.827420  8.7179E-01
    2080   10.829310  8.7149E-01
    2081   10.831200  8.7130E-01
    2082   10.833090  8.7121E-01
    2083   10.834980  8.7122E-01
    2084   10.836870  8.7134E-01
    2085   10.838760  8.7156E-01
    2086   10.840650  8.7187E-01
    2087   10.842540  8.7228E-01
    2088   10.844430  8.7279E-01
    2089   10.846320  8.7339E-01
    2090   10.848210  8.7407E-01
    2091   10.850100  8.7484E-01
    2092   10.851990  8.7569E-01
    2093   10.853880  8.7661E-01
    2094   10.855770  8.7759E-01
    2095   10.857660  8.7865E-01
    2096   10.859550  8.7976E-01
    2097   10.861440  8.8092E-01
    2098   10.863330  8.8212E-01
    2099   10.865220  8.8337E-01
    2100   10.867110  8.8465E-01
    2101   10.869000  8.8596E-01
    2102   10.870890  8.8729E-01
    2103   10.872780  8.8863E-01
    2104   10.874670  8.8998E-01
    2105   10.876560  8.9133E-01
    2106   10.878450  8.9267E-01
    2107   10.880340  8.9401E-01
    2108   10.882230  8.9533E-01
    2109   10.884120  8.9662E-01
    2110   10.886010  8.9789E-01
    2111   10.887900  8.9913E-01
    2112   10.889790  9.0032E-01
    2113   10.891680  9.0148E-01
    2114   10.893570  9.0258E-01
    2115   10.895460  9.0363E-01
    2116   10.897350  9.0463E-01
    2117   10.899240  9.0556E-01
    2118   10.901130  9.0643E-01
    2119   10.903020  9.0724E-01
    2120   10.904910  9.0797E-01
    2121   10.906800  9.0863E-01
    2122   10.908690  9.0921E-01
    2123   10.910580  9.0972E-01
    2124   10.912470  9.1014E-01
    2125   10.914360  9.1048E-01
    2126   10.916250  9.1075E-01
    2127   10.918140  9.1092E-01
    2128   10.920030  9.1101E-01
    2129   10.921920  9.1102E-01
    2130   10.923810  9.1094E-01
    2131   10.925700  9.1078E-01
    2132   10.927590  9.1053E-01
    2133   10.929480  9.1020E-01
    2134   10.931370  9.0978E-01
    2135   10.933260  9.0929E-01
    2136   10.935150  9.0871E-01
    2137   10.937040  9.0806E-01
    2138   10.938930  9.0733E-01
    2139   10.940820  9.0653E-01
    2140   10.942710  9.0567E-01
    2141   10.944600  9.0473E-01
    2142   10.946490  9.0374E-01
    2143   10.948380  9.0269E-01
    2144   10.950270  9.0159E-01
    2145   10.952160  9.0044E-01
    2146   10.954050  8.9925E-01
    2147   10.955940  8.9803E-01
    2148   10.957830  8.9677E-01
    2149   10.959720  8.9550E-01
    2150   10.961610  8.9421E-01
    2151   10.963500  8.9291E-01
    2152   10.965390  8.9161E-01
    2153   10.967280  8.9031E-01
    2154   10.969170  8.8903E-01
    2155   10.971060  8.8778E-01
    2156   10.972950  8.8655E-01
    2157   10.974840  8.8536E-01
    2158   10.976730  8.8421E-01
    2159   10.978620  8.8312E-01
    2160   10.980510  8.8208E-01
    2161   10.982400  8.8111E-01
    2162   10.984290  8.8022E-01
    2163   10.986180  8.7940E-01
    2164   10.988070  8.7868E-01
    2165   10.989960  8.7804E-01
    2166   10.991850  8.7750E-01
    2167   10.993740  8.7707E-01
    2168   10.995630  8.7674E-01
    2169   10.997520  8.7651E-01
    2170   10.999410  8.7640E-01
    2171   11.001300  8.7641E-01
    2172   11.003190  8.7652E-01
    2173   11.005080  8.7676E-01
    2174   11.006970  8.7711E-01
    2175   11.008860  8.7757E-01
    2176   11.010750  8.7815E-01
    2177   11.012640  8.7884E-01
    2178   11.014530  8.7963E-01
    2179   11.016420  8.8053E-01
    2180   11.018310  8.8153E-01
    2181   11.020200  8.8263E-01
    2182   11.022090  8.8382E-01
    2183   11.023980  8.8509E-01
    2184   11.025870  8.8644E-01
    2185   11.027760  8.8786E-01
    2186   11.029650  8.8935E-01
    2187   11.031540  8.9089E-01
    2188   11.033430  8.9249E-01
    2189   11.035320  8.9413E-01
    2190   11.037210  8.9581E-01
    2191   11.039100  8.9751E-01
    2192   11.040990  8.9924E-01
    2193   11.042880  9.0098E-01
    2194   11.044770  9.0272E-01
    2195   11.046660  9.0447E-01
    2196   11.048550  9.0621E-01
    2197   11.050440  9.0794E-01
    2198   11.052330  9.0964E-01
    2199   11.054220  9.1132E-01
    2200   11.056110  9.1297E-01
    2201   11.058000  9.1459E-01
    2202   11.059890  9.1616E-01
    2203   11.061780  9.1769E-01
    2204   11.063670  9.1917E-01
    2205   11.065560  9.2060E-01
    2206   11.067450  9.2197E-01
    2207   11.069340  9.2329E-01
    2208   11.071230  9.2455E-01
    2209   11.073120  9.2574E-01
    2210   11.075010  9.2687E-01
    2211   11.076900  9.2794E-01
    2212   11.078790  9.2894E-01
    2213   11.080680  9.2988E-01
    2214   11.082570  9.3076E-01
    2215   11.084460  9.3157E-01
    2216   11.086350  9.3232E-01
    2217   11.088240  9.3301E-01
    2218   11.090130  9.3364E-01
    2219   11.092020  9.3421E-01
    2220   11.093910  9.3472E-01
    2221   11.095800  9.3518E-01
    2222   11.097690  9.3559E-01
    2223   11.099580  9.3594E-01
    2224   11.101470  9.3625E-01
    2225   11.103360  9.3651E-01
    2226   11.105250  9.3673E-01
    2227   11.107140  9.3691E-01
    2228   11.109030  9.3705E-01
    2229   11.110920  9.3715E-01
    2230   11.112810  9.3723E-01
    2231   11.114700  9.3727E-01
    2232   11.116590  9.3728E-01
    2233   11.118480  9.3727E-01
    2234   11.120370  9.3723E-01
    2235   11.122260  9.3717E-01
    2236   11.124150  9.3709E-01
    2237   11.126040  9.3699E-01
    2238   11.127930  9.3688E-01
    2239   11.129820  9.3675E-01
    2240   11.131710  9.3660E-01
    2241   11.133600  9.3644E-01
    2242   11.135490  9.3627E-01
    2243   11.137380  9.3608E-01
    2244   11.139270  9.3588E-01
    2245   11.141160  9.3567E-01
    2246   11.143050  9.3544E-01
    2247   11.144940  9.3520E-01
    2248   11.146830  9.3494E-01
    2249   11.148720  9.3467E-01
    2250   11.150610  9.3438E-01
    2251   11.152500  9.3407E-01
    2252   11.154390  9.3373E-01
    2253   11.156280  9.3337E-01
    2254   11.158170  9.3299E-01
    2255   11.160060  9.3257E-01
    2256   11.161950  9.3213E-01
    2257   11.163840  9.3165E-01
    2258   11.165730  9.3113E-01
    2259   11.167620  9.3058E-01
    2260   11.169510  9.2998E-01
    2261   11.171400  9.2933E-01
    2262   11.173290  9.2864E-01
    2263   11.175180  9.2790E-01
    2264   11.177070  9.2710E-01
    2265   11.178960  9.2624E-01
    2266   11.180850  9.2533E-01
    2267   11.182740  9.2435E-01
    2268   11.184630  9.2331E-01
    2269   11.186520  9.2221E-01
    2270   11.188410  9.2104E-01
    2271   11.190300  9.1980E-01
    2272   11.192190  9.1849E-01
    2273   11.194080  9.1711E-01
    2274   11.195970  9.1567E-01
    2275   11.197860  9.1416E-01
    2276   11.199750  9.1257E-01
    2277   11.201640  9.1093E-01
    2278   11.203530  9.0921E-01
    2279   11.205420  9.0744E-01
    2280   11.207310  9.0560E-01
    2281   11.209200  9.0371E-01
    2282   11.211090  9.0176E-01
    2283   11.212980  8.9976E-01
    2284   11.214870  8.9772E-01
    2285   11.216760  8.9563E-01
    2286   11.218650  8.9351E-01
    2287   11.220540  8.9136E-01
    2288   11.222430  8.8919E-01
    2289   11.224320  8.8699E-01
    2290   11.226210  8.8479E-01
    2291   11.228100  8.8258E-01
    2292   11.229990  8.8037E-01
    2293   11.231880  8.7817E-01
    2294   11.233770  8.7598E-01
    2295   11.235660  8.7381E-01
    2296   11.237550  8.7168E-01
    2297   11.239440  8.6958E-01
    2298   11.241330  8.6752E-01
    2299   11.243220  8.6551E-01
    2300   11.245110  8.6356E-01
    2301   11.247000  8.6166E-01
    2302   11.248890  8.5984E-01
    2303   11.250780  8.5808E-01
    2304   11.252670  8.5641E-01
    2305   11.254560  8.5482E-01
    2306   11.256450  8.5331E-01
    2307   11.258340  8.5190E-01
    2308   11.260230  8.5057E-01
    2309   11.262120  8.4935E-01
    2310   11.264010  8.4822E-01
    2311   11.265900  8.4719E-01
    2312   11.267790  8.4626E-01
    2313   11.269680  8.4544E-01
    2314   11.271570  8.4471E-01
    2315   11.273460  8.4409E-01
    2316   11.275350  8.4357E-01
    2317   11.277240  8.4314E-01
    2318   11.279130  8.4281E-01
    2319   11.281020  8.4258E-01
    2320   11.282910  8.4244E-01
    2321   11.284800  8.4239E-01
    2322   11.286690  8.4242E-01
    2323   11.288580  8.4254E-01
    2324   11.290470  8.4273E-01
    2325   11.292360  8.4300E-01
    2326   11.294250  8.4334E-01
    2327   11.296140  8.4375E-01
    2328   11.298030  8.4421E-01
    2329   11.299920  8.4473E-01
    2330   11.301810  8.4531E-01
    2331   11.303700  8.4593E-01
    2332   11.305590  8.4660E-01
    2333   11.307480  8.4730E-01
    2334   11.309370  8.4805E-01
    2335   11.311260  8.4882E-01
    2336   11.313150  8.4962E-01
    2337   11.315040  8.5045E-01
    2338   11.316930  8.5129E-01
    2339   11.318820  8.5215E-01
    2340   11.320710  8.5303E-01
    2341   11.322600  8.5392E-01
    2342   11.324490  8.5482E-01
    2343   11.326380  8.5572E-01
    2344   11.328270  8.5663E-01
    2345   11.330160  8.5755E-01
    2346   11.332050  8.5847E-01
    2347   11.333940  8.5938E-01
    2348   11.335830  8.6030E-01
    2349   11.337720  8.6122E-01
    2350   11.339610  8.6214E-01
    2351   11.341500  8.6306E-01
    2352   11.343390  8.6398E-01
    2353   11.345280  8.6490E-01
    2354   11.347170  8.6582E-01
    2355   11.349060  8.6674E-01
    2356   11.350950  8.6766E-01
    2357   11.352840  8.6859E-01
    2358   11.354730  8.6951E-01
    2359   11.356620  8.7045E-01
    2360   11.358510  8.7139E-01
    2361   11.360400  8.7233E-01
    2362   11.362290  8.7329E-01
    2363   11.364180  8.7425E-01
    2364   11.366070  8.7521E-01
    2365   11.367960  8.7619E-01
    2366   11.369850  8.7717E-01
    2367   11.371740  8.7817E-01
    2368   11.373630  8.7917E-01
    2369   11.375520  8.8018E-01
    2370   11.377410  8.8119E-01
    2371   11.379300  8.8221E-01
    2372   11.381190  8.8323E-01
    2373   11.383080  8.8425E-01
    2374   11.384970  8.8528E-01
    2375   11.386860  8.8629E-01
    2376   11.388750  8.8731E-01
    2377   11.390640  8.8831E-01
    2378   11.392530  8.8930E-01
    2379   11.394420  8.9027E-01
    2380   11.396310  8.9123E-01
    2381   11.398200  8.9216E-01
    2382   11.400090  8.9306E-01
    2383   11.401980  8.9393E-01
    2384   11.403870  8.9476E-01
    2385   11.405760  8.9555E-01
    2386   11.407650  8.9630E-01
    2387   11.409540  8.9700E-01
    2388   11.411430  8.9765E-01
    2389   11.413320  8.9825E-01
    2390   11.415210  8.9879E-01
    2391   11.417100  8.9926E-01
    2392   11.418990  8.9968E-01
    2393   11.420880  9.0003E-01
    2394   11.422770  9.0031E-01
    2395   11.424660  9.0053E-01
    2396   11.426550  9.0069E-01
    2397   11.428440  9.0077E-01
    2398   11.430330  9.0079E-01
    2399   11.432220  9.0075E-01
    2400   11.434110  9.0064E-01
    2401   11.436000  9.0048E-01
    2402   11.437890  9.0025E-01
    2403   11.439780  8.9998E-01
    2404   11.441670  8.9965E-01
    2405   11.443560  8.9928E-01
    2406   11.445450  8.9886E-01
    2407   11.447340  8.9841E-01
    2408   11.449230  8.9793E-01
    2409   11.451120  8.9742E-01
    2410   11.453010  8.9688E-01
    2411   11.454900  8.9633E-01
    2412   11.456790  8.9577E-01
    2413   11.458680  8.9520E-01
    2414   11.460570  8.9463E-01
    2415   11.462460  8.9407E-01
    2416   11.464350  8.9351E-01
    2417   11.466240  8.9296E-01
    2418   11.468130  8.9242E-01
    2419   11.470020  8.9190E-01
    2420   11.471910  8.9141E-01
    2421   11.473800  8.9093E-01
    2422   11.475690  8.9048E-01
    2423   11.477580  8.9005E-01
    2424   11.479470  8.8965E-01
    2425   11.481360  8.8927E-01
    2426   11.483250  8.8892E-01
    2427   11.485140  8.8860E-01
    2428   11.487030  8.8829E-01
    2429   11.488920  8.8801E-01
    2430   11.490810  8.8775E-01
    2431   11.492700  8.8751E-01
    2432   11.494590  8.8729E-01
    2433   11.496480  8.8708E-01
    2434   11.498370  8.8688E-01
    2435   11.500260  8.8669E-01
    2436   11.502150  8.8650E-01
    2437   11.504040  8.8632E-01
    2438   11.505930  8.8615E-01
    2439   11.507820  8.8597E-01
    2440   11.509710  8.8580E-01
    2441   11.511600  8.8562E-01
    2442   11.513490  8.8544E-01
    2443   11.515380  8.8525E-01
    2444   11.517270  8.8507E-01
    2445   11.519160  8.8488E-01
    2446   11.521050  8.8469E-01
    2447   11.522940  8.8450E-01
    2448   11.524830  8.8431E-01
    2449   11.526720  8.8412E-01
    2450   11.528610  8.8394E-01
    2451   11.530500  8.8377E-01
    2452   11.532390  8.8361E-01
    2453   11.534280  8.8347E-01
    2454   11.536170  8.8334E-01
    2455   11.538060  8.8323E-01
    2456   11.539950  8.8315E-01
    2457   11.541840  8.8310E-01
    2458   11.543730  8.8307E-01
    2459   11.545620  8.8308E-01
    2460   11.547510  8.8313E-01
    2461   11.549400  8.8322E-01
    2462   11.551290  8.8335E-01
    2463   11.553180  8.8351E-01
    2464   11.555070  8.8373E-01
    2465   11.556960  8.8398E-01
    2466   11.558850  8.8428E-01
    2467   11.560740  8.8463E-01
    2468   11.562630  8.8501E-01
    2469   11.564520  8.8544E-01
    2470   11.566410  8.8590E-01
    2471   11.568300  8.8640E-01
    2472   11.570190  8.8693E-01
    2473   11.572080  8.8749E-01
    2474   11.573970  8.8807E-01
    2475   11.575860  8.8867E-01
    2476   11.577750  8.8929E-01
    2477   11.579640  8.8991E-01
    2478   11.581530  8.9053E-01
    2479   11.583420  8.9114E-01
    2480   11.585310  8.9175E-01
    2481   11.587200  8.9233E-01
    2482   11.589090  8.9289E-01
    2483   11.590980  8.9342E-01
    2484   11.592870  8.9391E-01
    2485   11.594760  8.9435E-01
    2486   11.596650  8.9474E-01
    2487   11.598540  8.9507E-01
    2488   11.600430  8.9534E-01
    2489   11.602320  8.9553E-01
    2490   11.604210  8.9565E-01
    2491   11.606100  8.9568E-01
    2492   11.607990  8.9562E-01
    2493   11.609880  8.9547E-01
    2494   11.611770  8.9521E-01
    2495   11.613660  8.9485E-01
    2496   11.615550  8.9438E-01
    2497   11.617440  8.9380E-01
    2498   11.619330  8.9309E-01
    2499   11.621220  8.9227E-01
    2500   11.623110  8.9131E-01
    2501   11.625000  8.9023E-01
    2502   11.626890  8.8901E-01
    2503   11.628780  8.8766E-01
    2504   11.630670  8.8616E-01
    2505   11.632560  8.8453E-01
    2506   11.634450  8.8275E-01
    2507   11.636340  8.8082E-01
    2508   11.638230  8.7874E-01
    2509   11.640120  8.7652E-01
    2510   11.642010  8.7414E-01
    2511   11.643900  8.7162E-01
    2512   11.645790  8.6894E-01
    2513   11.647680  8.6611E-01
    2514   11.649570  8.6313E-01
    2515   11.651460  8.6000E-01
    2516   11.653350  8.5672E-01
    2517   11.655240  8.5330E-01
    2518   11.657130  8.4974E-01
    2519   11.659020  8.4604E-01
    2520   11.660910  8.4222E-01
    2521   11.662800  8.3826E-01
    2522   11.664690  8.3419E-01
    2523   11.666580  8.3001E-01
    2524   11.668470  8.2572E-01
    2525   11.670360  8.2134E-01
    2526   11.672250  8.1689E-01
    2527   11.674140  8.1236E-01
    2528   11.676030  8.0777E-01
    2529   11.677920  8.0314E-01
    2530   11.679810  7.9849E-01
    2531   11.681700  7.9381E-01
    2532   11.683590  7.8914E-01
    2533   11.685480  7.8449E-01
    2534   11.687370  7.7987E-01
    2535   11.689260  7.7530E-01
    2536   11.691150  7.7081E-01
    2537   11.693040  7.6640E-01
    2538   11.694930  7.6210E-01
    2539   11.696820  7.5792E-01
    2540   11.698710  7.5388E-01
    2541   11.700600  7.5001E-01
    2542   11.702490  7.4631E-01
    2543   11.704380  7.4280E-01
    2544   11.706270  7.3951E-01
    2545   11.708160  7.3644E-01
    2546   11.710050  7.3361E-01
    2547   11.711940  7.3103E-01
    2548   11.713830  7.2872E-01
    2549   11.715720  7.2668E-01
    2550   11.717610  7.2492E-01
    2551   11.719500  7.2346E-01
    2552   11.721390  7.2230E-01
    2553   11.723280  7.2145E-01
    2554   11.725170  7.2090E-01
    2555   11.727060  7.2067E-01
    2556   11.728950  7.2075E-01
    2557   11.730840  7.2114E-01
    2558   11.732730  7.2183E-01
    2559   11.734620  7.2284E-01
    2560   11.736510  7.2414E-01
    2561   11.738400  7.2573E-01
    2562   11.740290  7.2761E-01
    2563   11.742180  7.2977E-01
    2564   11.744070  7.3219E-01
    2565   11.745960  7.3487E-01
    2566   11.747850  7.3779E-01
    2567   11.749740  7.4094E-01
    2568   11.751630  7.4430E-01
    2569   11.753520  7.4787E-01
    2570   11.755410  7.5162E-01
    2571   11.757300  7.5554E-01
    2572   11.759190  7.5961E-01
    2573   11.761080  7.6382E-01
    2574   11.762970  7.6816E-01
    2575   11.764860  7.7259E-01
    2576   11.766750  7.7712E-01
    2577   11.768640  7.8171E-01
    2578   11.770530  7.8636E-01
    2579   11.772420  7.9105E-01
    2580   11.774310  7.9576E-01
    2581   11.776200  8.0047E-01
    2582   11.778090  8.0518E-01
    2583   11.779980  8.0986E-01
    2584   11.781870  8.1451E-01
    2585   11.783760  8.1910E-01
    2586   11.785650  8.2362E-01
    2587   11.787540  8.2807E-01
    2588   11.789430  8.3242E-01
    2589   11.791320  8.3667E-01
    2590   11.793210  8.4080E-01
    2591   11.795100  8.4481E-01
    2592   11.796990  8.4868E-01
    2593   11.798880  8.5241E-01
    2594   11.800770  8.5598E-01
    2595   11.802660  8.5939E-01
    2596   11.804550  8.6263E-01
    2597   11.806440  8.6569E-01
    2598   11.808330  8.6857E-01
    2599   11.810220  8.7126E-01
    2600   11.812110  8.7376E-01
    2601   11.814000  8.7607E-01
    2602   11.815890  8.7817E-01
    2603   11.817780  8.8008E-01
    2604   11.819670  8.8177E-01
    2605   11.821560  8.8327E-01
    2606   11.823450  8.8456E-01
    2607   11.825340  8.8565E-01
    2608   11.827230  8.8653E-01
    2609   11.829120  8.8722E-01
    2610   11.831010  8.8771E-01
    2611   11.832900  8.8800E-01
    2612   11.834790  8.8810E-01
    2613   11.836680  8.8802E-01
    2614   11.838570  8.8776E-01
    2615   11.840460  8.8733E-01
    2616   11.842350  8.8673E-01
    2617   11.844240  8.8598E-01
    2618   11.846130  8.8508E-01
    2619   11.848020  8.8403E-01
    2620   11.849910  8.8286E-01
    2621   11.851800  8.8157E-01
    2622   11.853690  8.8017E-01
    2623   11.855580  8.7867E-01
    2624   11.857470  8.7708E-01
    2625   11.859360  8.7542E-01
    2626   11.861250  8.7369E-01
    2627   11.863140  8.7191E-01
    2628   11.865030  8.7009E-01
    2629   11.866920  8.6824E-01
    2630   11.868810  8.6637E-01
    2631   11.870700  8.6449E-01
    2632   11.872590  8.6263E-01
    2633   11.874480  8.6077E-01
    2634   11.876370  8.5894E-01
    2635   11.878260  8.5715E-01
    2636   11.880150  8.5539E-01
    2637   11.882040  8.5369E-01
    2638   11.883930  8.5204E-01
    2639   11.885820  8.5045E-01
    2640   11.887710  8.4892E-01
    2641   11.889600  8.4747E-01
    2642   11.891490  8.4608E-01
    2643   11.893380  8.4476E-01
    2644   11.895270  8.4350E-01
    2645   11.897160  8.4231E-01
    2646   11.899050  8.4118E-01
    2647   11.900940  8.4009E-01
    2648   11.902830  8.3905E-01
    2649   11.904720  8.3805E-01
    2650   11.906610  8.3706E-01
    2651   11.908500  8.3608E-01
    2652   11.910390  8.3509E-01
    2653   11.912280  8.3408E-01
    2654   11.914170  8.3303E-01
    2655   11.916060  8.3191E-01
    2656   11.917950  8.3072E-01
    2657   11.919840  8.2941E-01
    2658   11.921730  8.2798E-01
    2659   11.923620  8.2640E-01
    2660   11.925510  8.2464E-01
    2661   11.927400  8.2268E-01
    2662   11.929290  8.2049E-01
    2663   11.931180  8.1805E-01
    2664   11.933070  8.1532E-01
    2665   11.934960  8.1230E-01
    2666   11.936850  8.0894E-01
    2667   11.938740  8.0522E-01
    2668   11.940630  8.0113E-01
    2669   11.942520  7.9663E-01
    2670   11.944410  7.9170E-01
    2671   11.946300  7.8633E-01
    2672   11.948190  7.8050E-01
    2673   11.950080  7.7418E-01
    2674   11.951970  7.6737E-01
    2675   11.953860  7.6005E-01
    2676   11.955750  7.5220E-01
    2677   11.957640  7.4383E-01
    2678   11.959530  7.3492E-01
    2679   11.961420  7.2548E-01
    2680   11.963310  7.1550E-01
    2681   11.965200  7.0498E-01
    2682   11.967090  6.9394E-01
    2683   11.968980  6.8237E-01
    2684   11.970870  6.7030E-01
    2685   11.972760  6.5773E-01
    2686   11.974650  6.4468E-01
    2687   11.976540  6.3117E-01
    2688   11.978430  6.1723E-01
    2689   11.980320  6.0288E-01
    2690   11.982210  5.8814E-01
    2691   11.984100  5.7305E-01
    2692   11.985990  5.5764E-01
    2693   11.987880  5.4194E-01
    2694   11.989770  5.2599E-01
    2695   11.991660  5.0982E-01
    2696   11.993550  4.9348E-01
    2697   11.995440  4.7699E-01
    2698   11.997330  4.6041E-01
    2699   11.999220  4.4376E-01
